"ID","Theta","Item1","Item2","Item3","Item4","Item5","Item6","Item7","Item8","Item9","Item10","Item11","Item12","Item13","Item14","Item15","Item16","Item17","Item18","Item19","Item20","Item21","Item22","Item23","Item24","Item25","Item26","Item27","Item28","Item29","Item30","Item31","Item32","Item33","Item34","Item35","Item36","Item37","Item38","Item39","Item40"
1,1.25658904739621,0,0,1,1,1,1,1,1,1,1,1,1,1,1,0,1,1,0,1,0,0,1,1,1,1,0,1,1,0,0,0,0,0,1,0,1,1,1,0,1
2,0.0261320533547767,0,1,0,1,1,1,1,0,1,1,0,0,0,1,0,1,0,1,1,1,1,1,1,1,1,0,1,1,0,0,0,0,1,0,1,1,0,1,0,0
3,0.667283787971167,1,1,0,0,1,1,1,1,1,1,0,1,1,0,1,1,1,1,1,1,1,1,0,1,1,0,1,0,1,1,0,1,1,0,1,1,0,0,0,0
4,-1.61476002390361,1,1,0,0,1,1,1,1,0,0,1,1,0,0,1,0,0,1,0,0,1,1,1,0,1,1,0,0,0,0,0,0,1,1,0,0,1,1,0,0
5,0.0703535345080847,1,1,1,0,0,1,1,0,1,1,0,1,1,1,1,1,0,0,1,0,1,1,1,0,1,1,0,0,0,0,0,0,1,0,0,0,0,0,1,0
6,-0.1980573292142,0,1,0,0,0,1,1,1,1,0,1,1,0,0,0,1,1,1,1,0,1,1,1,1,0,0,1,1,1,1,0,0,0,1,0,0,0,0,1,0
7,0.368606659371943,1,0,0,1,1,1,0,1,1,1,1,1,0,0,1,1,1,0,1,0,0,1,1,0,1,1,1,1,1,0,0,0,0,1,0,1,1,1,0,0
8,-2.2682202122453,1,1,0,0,1,0,0,0,0,0,1,0,0,0,0,0,0,0,0,0,0,0,0,1,0,0,0,0,0,0,0,0,1,0,1,0,1,0,0,0
9,1.75514680952704,1,1,0,1,1,1,0,1,1,1,1,0,1,0,1,1,1,0,1,0,1,1,1,1,0,1,1,0,1,0,1,1,1,0,1,1,1,0,0,0
10,0.401788864575198,0,1,0,1,1,1,1,0,1,1,1,1,0,0,1,1,1,1,0,0,1,1,1,1,1,0,1,0,1,1,0,0,0,0,0,0,0,1,0,0
11,-1.81639437016257,0,0,0,0,1,0,0,0,0,0,0,1,0,0,0,0,0,1,0,0,1,1,0,0,0,0,0,0,0,0,0,0,1,0,1,0,0,1,0,0
12,1.31104785999804,1,1,1,0,1,1,1,0,1,0,1,0,0,0,1,1,1,0,1,0,1,1,1,1,1,0,1,0,0,1,1,1,1,0,0,1,0,1,0,0
13,-0.498295882036662,1,1,1,0,0,1,1,1,1,0,0,1,0,0,1,1,1,0,1,0,0,1,0,0,0,0,0,0,1,0,0,0,0,0,1,0,0,1,0,1
14,-1.17556810736473,0,0,0,1,0,1,0,0,0,1,0,0,1,0,0,0,0,0,0,0,1,0,0,0,1,0,0,1,0,0,0,0,0,0,1,0,0,1,0,0
15,1.91316537461012,1,1,0,1,1,1,1,0,1,0,1,1,1,1,1,1,1,0,1,0,1,1,0,1,0,0,1,0,0,1,1,1,0,1,1,1,1,1,0,1
16,0.299851974625869,1,1,0,0,1,1,0,1,1,1,0,0,1,1,0,1,1,0,1,0,1,1,1,1,1,0,0,0,0,0,0,1,1,1,0,0,1,0,1,1
17,1.0198902937091,1,1,1,0,1,1,0,1,1,1,1,1,1,0,1,1,1,1,1,1,1,1,1,0,1,0,1,1,1,0,0,0,1,0,1,0,1,1,0,1
18,-0.331888293330202,1,0,0,1,1,1,1,0,1,1,1,1,0,0,1,1,0,1,0,0,1,1,1,1,0,1,0,0,0,1,0,0,0,0,1,0,0,1,0,0
19,-0.313053772701918,1,1,0,1,1,1,1,1,1,0,0,0,0,0,1,1,1,1,1,0,0,1,0,1,0,1,0,1,1,1,0,0,1,0,1,1,1,1,0,0
20,0.596844209982068,1,1,1,0,1,1,0,0,1,0,0,1,0,0,1,1,1,1,1,0,1,1,1,1,1,0,1,1,1,0,0,0,1,1,0,1,1,1,0,0
21,0.0057669896249473,0,1,0,1,1,1,0,0,1,0,1,0,0,0,0,1,1,1,1,0,1,1,0,1,1,1,1,1,0,1,0,0,0,1,0,0,0,0,0,0
22,-1.69857923146065,0,0,0,0,0,0,0,0,0,1,1,0,0,1,1,0,0,1,0,0,1,1,1,0,0,0,0,0,1,0,0,0,1,0,0,0,1,1,0,0
23,0.303024103623178,1,1,0,1,1,1,1,0,1,1,1,0,0,0,0,1,1,1,1,0,0,1,1,1,1,0,1,0,0,1,0,0,1,0,1,1,0,0,0,0
24,-0.252654781827372,0,1,0,1,1,1,1,1,1,1,1,0,1,0,0,1,1,0,1,0,1,1,0,1,0,0,1,0,1,0,0,0,0,1,0,1,1,1,0,0
25,0.343671206466389,1,1,0,0,1,1,1,0,1,0,1,1,0,0,1,1,1,0,1,0,1,1,1,0,1,0,0,1,1,1,0,0,0,0,1,0,1,0,0,1
26,-1.45292625167401,1,0,0,0,1,1,0,0,0,0,1,0,0,1,1,0,0,0,0,0,1,1,1,0,1,0,1,0,1,0,0,0,1,0,0,0,1,1,0,0
27,0.128169404558471,1,1,0,0,1,1,0,1,1,0,1,1,0,0,1,1,1,0,1,0,1,1,1,1,1,0,1,1,0,0,0,0,1,0,1,0,0,0,0,0
28,-0.608132467603659,0,1,0,0,0,1,1,0,1,1,1,0,0,0,1,1,0,0,1,0,1,1,1,1,1,0,1,1,0,1,0,0,1,1,0,0,1,0,1,0
29,-0.245696867367804,1,0,1,0,1,0,1,0,1,1,0,1,0,0,0,1,1,0,1,0,1,1,1,0,1,0,0,0,0,0,0,0,0,0,1,1,1,0,1,1
30,-0.793873246295291,0,0,0,0,0,1,0,0,1,1,1,0,0,0,0,0,0,0,0,0,0,1,1,0,1,0,0,0,0,1,0,0,0,0,0,1,0,0,1,0
31,-2.07422961649475,1,0,0,0,1,0,1,0,1,1,0,0,0,0,1,1,0,0,0,0,0,0,0,1,0,0,1,0,0,0,0,0,1,0,1,0,1,0,0,0
32,0.830031697100929,0,1,0,1,1,1,1,1,1,1,1,1,0,0,1,1,1,1,1,1,0,1,0,0,0,1,1,1,1,1,0,1,1,0,1,0,0,1,1,0
33,0.165732849367801,1,0,0,0,0,1,1,1,1,0,1,1,0,0,1,1,1,0,0,0,1,1,1,0,0,1,1,0,0,0,1,0,1,1,0,1,0,1,0,0
34,-0.14865001656706,0,0,1,1,1,1,1,1,1,1,1,0,0,0,0,1,0,1,1,0,1,1,1,1,0,0,1,0,1,0,0,0,0,0,1,0,0,1,0,0
35,-0.288601341728292,1,1,0,1,0,1,1,1,1,1,1,0,0,0,1,1,1,1,1,0,0,1,1,0,1,0,1,0,1,1,0,0,0,0,0,0,1,1,0,0
36,2.8286855669201,1,1,0,1,1,1,1,1,1,1,1,1,0,1,1,1,1,1,1,0,0,1,0,1,1,0,1,1,1,1,1,1,0,1,1,1,1,1,1,1
37,1.43366585374458,1,1,1,1,1,1,0,1,1,1,0,1,1,1,1,1,1,0,1,1,1,1,1,1,1,1,1,1,1,0,1,1,0,0,1,0,1,1,1,0
38,0.0500346018807326,0,1,0,1,1,1,1,1,1,1,1,1,0,0,1,1,1,1,1,1,1,1,0,1,0,0,1,1,0,1,0,0,0,1,0,0,1,1,0,1
39,0.720224933724376,0,1,0,0,0,1,1,1,1,0,1,1,0,0,1,1,1,0,1,0,1,1,0,1,1,0,1,1,1,0,1,1,1,1,0,0,0,0,1,1
40,0.488922674917364,0,1,0,1,0,1,1,0,1,1,0,1,0,0,1,1,1,0,1,0,1,1,0,0,1,1,1,1,1,0,0,0,1,1,1,0,0,1,0,0
41,1.26221356736096,1,1,0,1,1,1,1,1,1,0,1,1,1,0,1,1,1,1,1,1,1,1,0,1,1,1,0,1,1,1,0,1,0,1,1,0,1,1,1,1
42,-0.938804473751708,0,1,0,0,1,1,0,1,1,0,0,0,0,0,1,1,0,0,1,1,1,0,0,0,1,0,0,0,1,0,0,0,1,1,0,0,1,1,0,0
43,-0.133287846929103,0,0,1,1,1,1,0,0,1,1,1,0,1,1,0,1,1,0,1,0,0,1,0,1,0,0,1,0,1,0,0,0,1,1,1,0,0,1,1,1
44,-0.0837163568395366,1,0,0,1,1,1,1,0,1,0,1,0,1,1,0,1,0,0,1,0,1,1,1,1,1,0,0,1,0,1,0,0,0,1,1,1,1,1,0,0
45,0.170351580621053,1,0,0,1,0,1,0,1,1,0,0,0,1,0,1,1,1,0,1,0,0,1,0,1,1,0,0,0,0,1,0,0,0,1,0,0,1,0,0,0
46,0.642154387213208,1,0,0,0,1,1,0,1,1,1,0,0,1,1,1,1,1,1,1,1,1,1,1,1,1,1,0,0,1,1,0,0,1,1,1,1,1,1,0,1
47,1.43862163285632,0,0,1,0,1,1,1,1,1,1,1,1,0,0,1,1,1,1,1,1,1,1,1,1,1,1,1,0,1,1,0,1,1,1,1,1,1,1,1,1
48,-0.259588210475377,1,0,1,0,1,1,1,1,1,1,0,0,0,0,0,1,0,0,1,0,1,1,1,0,1,1,0,0,1,1,0,0,0,0,0,0,0,1,1,1
49,-1.60923938642914,1,0,1,0,0,1,1,0,0,1,1,0,1,0,0,0,0,0,0,0,1,0,1,0,0,1,0,1,0,0,0,0,0,0,0,1,1,1,0,1
50,0.132960885798343,1,0,1,0,1,1,1,1,1,0,1,0,0,0,0,1,1,1,1,0,1,1,1,1,1,0,0,0,0,1,0,0,0,0,0,0,1,0,0,1
51,0.786753012093937,1,0,0,1,0,1,1,1,1,1,1,1,0,0,1,1,1,1,1,1,1,1,0,0,1,0,0,0,0,1,0,1,1,1,0,0,0,1,0,1
52,0.641707984093769,0,1,0,0,0,1,1,0,1,1,0,1,0,0,1,1,1,1,1,0,1,1,0,1,1,0,0,0,1,1,0,0,0,0,1,1,1,1,0,0
53,-0.677837154873859,0,1,0,0,0,1,1,0,1,1,0,1,0,1,1,0,1,0,1,0,0,0,0,0,0,0,1,1,1,0,0,0,1,0,0,0,0,1,0,0
54,-0.106902369079623,1,1,0,1,1,1,1,0,1,0,0,0,0,1,1,1,1,0,1,0,1,1,1,1,1,1,1,1,0,0,0,0,0,1,0,0,1,1,0,0
55,0.909686199896847,1,1,1,1,1,1,1,1,1,0,1,1,0,0,0,1,1,1,1,1,1,1,1,1,0,1,0,1,0,0,1,1,1,0,0,0,1,1,0,1
56,0.480503861154349,0,1,1,0,1,1,1,1,1,0,1,1,1,0,0,1,1,0,1,1,1,1,0,1,1,0,1,0,1,0,0,0,1,1,1,0,1,1,0,0
57,-0.58893583249339,1,0,0,0,1,1,1,0,1,0,1,1,0,0,0,1,1,1,1,1,1,1,0,1,0,0,0,0,0,0,0,0,1,0,0,1,0,0,1,0
58,-0.100248808527185,1,1,1,1,0,1,1,1,1,1,1,0,1,1,1,1,1,1,1,1,1,1,1,1,1,0,1,0,0,1,0,0,0,0,0,1,0,0,1,1
59,0.368175178553396,1,0,1,0,1,1,1,1,1,0,0,1,1,0,0,1,1,0,1,0,0,1,0,1,1,1,1,1,0,1,1,0,0,0,0,1,0,1,0,1
60,1.56184044031038,1,1,1,0,1,1,1,1,1,0,1,0,0,1,1,1,1,0,1,0,1,1,1,1,1,0,1,0,0,1,0,1,1,0,1,1,1,1,1,1
61,1.86205002061179,1,0,1,0,1,1,1,1,1,1,1,1,0,0,0,1,1,0,1,0,1,1,1,0,0,1,1,1,1,1,0,1,1,0,0,1,0,0,1,0
62,-0.181283717508946,0,0,0,0,1,1,1,0,1,1,0,1,0,0,1,1,1,1,1,1,1,1,0,0,1,0,1,0,0,0,1,0,0,0,0,0,1,1,1,0
63,-0.0391027984575405,0,1,0,1,1,1,0,0,1,1,1,1,0,1,1,1,1,0,1,0,1,1,1,1,1,0,0,0,1,0,0,0,1,0,0,0,0,0,1,0
64,-0.717323573005848,0,1,0,1,0,1,0,1,1,0,0,0,0,0,1,1,1,0,1,0,1,1,1,0,0,1,1,1,0,0,0,0,0,0,1,0,1,1,1,0
65,-1.14961749759528,0,1,1,1,0,1,0,0,0,0,0,0,0,0,0,0,0,0,0,0,1,1,1,1,0,0,0,1,0,0,0,0,0,0,0,0,0,1,0,0
66,0.597666828793918,1,1,0,1,1,1,0,0,1,0,1,1,0,0,1,1,1,1,1,0,1,1,1,0,0,1,1,1,1,0,1,0,1,0,0,0,1,1,1,1
67,0.305426567761043,1,1,0,0,0,1,1,1,1,0,1,1,0,0,1,1,1,1,0,0,0,1,0,0,1,1,1,1,0,1,0,0,1,1,1,1,0,0,0,0
68,-0.550961523068513,0,1,1,0,1,1,1,0,1,1,1,0,0,0,1,1,1,1,1,0,0,1,0,1,1,0,0,0,0,0,0,0,1,1,0,1,1,1,1,0
69,-1.79156248024338,1,0,0,0,0,0,1,0,0,0,1,1,0,0,1,0,0,1,0,0,1,0,1,1,0,0,0,1,0,0,0,0,0,0,0,1,0,0,1,1
70,0.607640107102008,1,0,1,1,1,1,1,1,1,0,0,0,0,0,0,1,1,0,1,0,0,1,0,1,1,0,0,0,0,1,1,0,1,0,1,0,1,1,0,0
71,-0.00318523515609778,0,1,1,0,0,1,1,0,1,0,0,0,1,0,1,1,1,1,1,1,1,1,0,0,1,1,1,0,0,1,0,0,1,0,1,1,0,0,0,0
72,-0.980040922655913,1,0,0,0,1,1,0,0,1,0,0,0,0,0,1,0,1,1,0,0,1,1,1,1,1,0,0,1,0,1,0,0,1,0,0,0,0,1,0,1
73,0.508290815261253,1,1,0,1,1,1,1,1,1,1,1,0,1,0,1,1,1,1,1,1,1,1,1,1,0,0,0,0,1,1,0,0,1,1,1,1,0,0,0,0
74,-0.805576278963819,1,1,0,0,1,1,1,1,1,0,0,1,0,0,1,1,0,1,1,0,0,1,0,1,1,1,1,0,0,0,0,0,1,0,0,0,1,0,1,0
75,-0.704493943323706,0,1,0,0,1,1,0,0,1,0,1,0,0,0,1,1,1,0,0,0,1,0,1,0,1,0,0,0,0,1,0,0,0,0,1,0,0,1,0,1
76,-0.887239291560805,0,0,0,1,1,1,1,0,1,0,1,0,0,0,1,1,1,1,1,0,0,1,0,1,1,0,0,1,1,0,0,0,0,0,1,0,1,0,0,0
77,1.17549984685229,1,0,0,0,1,1,1,1,1,1,0,1,1,0,1,1,1,1,1,1,1,1,0,1,1,0,0,0,0,0,0,0,1,1,1,1,1,1,0,0
78,0.826885063789848,1,1,0,1,1,1,1,0,1,1,1,0,0,0,1,1,1,0,1,0,1,1,1,1,1,1,1,0,1,0,1,1,1,1,0,1,0,1,1,0
79,-0.33760081455861,0,1,0,0,1,1,0,0,1,0,0,1,0,0,1,1,1,0,1,1,1,1,0,1,0,0,1,0,1,0,0,0,0,0,1,0,1,1,0,0
80,-0.482209366774931,0,1,1,0,1,1,1,1,1,0,0,1,0,0,1,1,1,0,0,0,1,1,0,1,1,0,1,1,1,1,0,0,1,1,0,0,0,0,0,1
81,-0.946127712304042,1,0,0,1,1,0,0,1,1,0,0,1,0,0,1,1,0,0,1,0,1,1,1,1,1,0,1,0,1,0,0,0,1,0,1,0,0,0,0,0
82,0.524271482092965,0,1,1,1,0,1,0,0,1,1,1,1,0,0,1,1,1,0,1,0,1,1,1,1,1,0,1,1,0,1,0,1,1,0,1,1,0,1,0,0
83,0.498056108457413,0,0,1,1,0,1,1,0,1,1,0,1,0,0,1,0,1,1,1,1,1,1,1,1,0,0,1,0,1,0,0,0,1,0,0,0,1,0,1,0
84,0.421278774354887,1,1,1,1,1,1,0,1,1,0,1,1,0,0,0,1,1,1,1,1,0,1,1,1,1,0,1,0,1,1,0,0,1,1,0,0,1,0,0,0
85,0.647555939224766,0,0,0,1,0,1,1,1,1,1,0,1,1,1,1,1,1,0,1,1,0,1,1,1,1,0,0,1,0,1,1,0,0,0,1,1,1,1,0,0
86,-1.66168597867276,0,1,0,0,0,0,1,0,1,1,0,1,0,0,1,0,0,0,0,0,1,1,1,0,0,0,0,0,0,0,0,0,0,1,0,0,0,1,1,0
87,1.14835313557592,1,1,0,1,1,1,0,0,1,1,1,1,0,1,1,1,1,1,1,0,1,1,1,1,1,0,1,0,1,1,1,1,1,0,0,0,0,1,0,1
88,0.938243184312618,1,1,0,0,0,1,1,1,1,1,1,1,0,0,0,1,1,1,1,1,1,1,0,1,1,1,1,1,0,0,0,1,1,1,0,1,0,1,0,0
89,1.55062423093207,0,0,0,1,1,1,0,1,1,1,1,1,0,0,1,1,1,1,1,1,1,1,1,1,1,0,1,0,1,1,1,1,1,1,0,1,1,1,1,0
90,-1.63606548024008,0,0,0,0,1,1,1,0,0,0,0,0,0,0,1,0,0,1,0,0,1,0,0,0,1,0,0,0,1,0,0,0,0,0,0,1,1,0,0,0
91,0.193463536840054,0,1,0,1,1,1,1,0,1,1,1,1,0,0,1,1,1,0,1,0,1,1,1,1,0,1,1,0,1,0,0,0,0,0,0,1,0,0,1,0
92,0.11788973966104,1,1,0,0,0,1,1,0,1,1,0,0,1,0,1,1,1,1,1,1,1,1,1,1,1,0,0,0,0,1,0,0,0,0,0,1,1,1,0,0
93,-0.922489462206262,0,0,1,1,0,1,1,1,0,1,0,1,0,0,0,0,1,0,0,0,1,1,0,0,1,0,0,0,0,0,0,0,1,0,1,0,1,1,0,0
94,0.0524951922816627,0,1,0,0,0,1,1,0,1,1,1,0,1,0,0,1,1,0,1,1,1,1,1,1,1,0,1,0,0,0,1,0,0,0,1,0,1,1,1,1
95,1.5156528569534,1,1,1,1,1,1,1,1,1,1,0,1,0,0,1,1,1,1,1,1,1,1,1,1,1,0,0,0,1,1,0,1,1,0,1,0,1,1,0,0
96,2.84497354109997,1,1,1,1,0,1,0,1,1,1,1,1,1,1,1,1,1,1,1,1,1,1,1,1,1,1,1,1,1,1,0,1,0,1,1,0,1,1,1,1
97,-1.16139014112099,0,0,0,0,0,1,1,1,0,1,1,1,1,0,0,1,0,1,0,0,1,0,0,1,0,0,0,1,1,0,0,0,0,0,0,0,0,0,0,0
98,0.331633900697628,0,1,0,0,1,1,0,1,1,1,1,1,1,0,1,1,1,1,1,1,1,1,0,1,1,0,1,1,0,1,0,0,1,1,0,0,1,1,1,0
99,0.963696373046697,0,1,0,1,1,1,1,1,1,0,1,1,1,1,1,1,1,1,1,0,1,1,1,1,1,0,1,1,1,1,0,0,1,1,1,1,1,1,1,1
100,0.346112887133598,1,0,0,1,1,1,0,0,1,0,1,1,1,0,0,1,1,0,1,0,1,1,1,1,1,0,1,1,0,1,1,1,1,0,0,0,1,1,1,0
101,0.90295744866095,1,0,0,1,1,1,0,1,1,1,0,1,0,0,1,1,1,1,1,0,1,1,1,0,1,0,0,0,0,1,0,1,1,1,0,0,1,1,0,1
102,-0.343855312260776,0,0,0,0,1,1,1,1,1,1,0,0,1,0,0,1,0,0,0,0,1,1,0,1,1,0,1,0,0,0,0,0,0,1,1,0,0,1,0,0
103,1.55172189224049,0,1,1,0,1,1,1,1,1,1,1,1,1,0,1,1,1,1,1,0,1,1,1,1,1,1,1,0,0,1,0,1,0,1,0,1,1,0,0,0
104,-0.378501688354563,1,1,0,1,1,1,1,0,1,1,1,0,0,0,1,0,0,1,1,0,1,1,0,1,0,1,1,1,0,1,0,0,0,0,1,0,1,0,0,1
105,-2.24435829724536,0,0,0,0,0,0,0,0,0,0,1,1,1,0,0,0,0,0,0,0,0,0,1,1,0,0,1,0,0,0,0,0,1,0,0,0,1,1,0,0
106,0.117588030559824,0,1,0,1,1,1,1,1,1,1,1,1,1,0,1,1,1,1,0,1,1,1,0,1,1,1,0,0,1,0,0,0,0,0,0,0,1,1,0,0
107,-1.13106686290378,0,0,0,1,0,1,1,0,0,1,1,0,0,0,0,0,0,1,1,0,1,1,1,1,0,0,1,1,1,0,0,0,0,0,1,1,0,1,1,0
108,0.426197266407773,1,0,0,1,1,1,0,0,1,1,0,0,1,1,0,1,1,0,1,0,1,1,0,1,1,1,1,0,1,1,0,0,1,0,1,0,0,1,0,0
109,-0.341011593882867,1,1,0,1,0,1,1,1,1,0,0,0,0,0,1,1,1,0,1,1,1,1,1,1,1,1,0,1,1,1,1,0,0,1,1,0,1,1,0,1
110,1.05951083557496,0,0,1,1,1,1,1,0,1,1,1,0,0,1,1,1,1,1,1,0,1,1,1,1,1,0,0,0,1,1,0,1,0,1,1,1,0,1,1,1
111,-0.189198771285392,0,1,1,1,0,1,1,0,1,1,1,1,0,0,0,1,0,1,1,0,1,1,1,1,0,1,1,0,1,0,0,0,0,0,1,0,1,1,1,0
112,1.26848919167936,0,1,0,1,1,1,1,1,1,1,1,1,1,0,1,1,1,1,1,1,1,1,1,1,1,1,1,1,0,1,0,0,1,1,1,0,1,1,1,0
113,-0.748329780421238,0,1,0,0,1,1,0,0,0,0,1,1,0,0,1,0,0,0,0,0,1,1,1,1,0,0,1,0,0,0,0,0,0,0,1,0,1,1,0,0
114,-0.780226253006878,1,1,0,1,1,1,0,0,1,0,1,1,0,0,1,0,0,1,1,0,1,1,1,0,1,0,1,0,0,0,0,0,0,0,1,0,0,1,0,0
115,-0.84227859901023,1,1,0,1,1,1,0,1,0,0,1,1,0,0,0,1,0,1,1,0,1,1,0,1,1,0,0,1,1,1,0,0,1,1,1,0,1,0,0,1
116,0.622557903576932,0,0,1,0,1,1,1,0,1,1,1,1,1,1,1,1,1,0,1,1,0,1,1,1,0,0,1,1,1,1,1,0,0,1,1,0,0,1,0,0
117,-0.378935325809251,0,1,0,0,1,1,1,0,1,0,0,1,0,1,0,1,1,1,1,0,1,1,0,1,0,0,1,0,1,1,1,0,0,0,1,0,1,1,0,0
118,-0.707436516375248,1,0,0,0,1,1,1,0,1,0,1,1,0,0,1,1,0,0,1,0,0,1,1,0,1,0,0,1,1,1,0,0,0,1,0,0,0,1,0,1
119,2.1037976285633,1,1,0,0,1,1,1,0,1,1,1,1,1,1,1,1,1,1,1,1,1,1,1,1,1,0,1,0,1,1,1,1,1,1,0,0,1,1,0,0
120,0.583378224416614,0,1,0,0,1,1,0,1,1,0,1,1,0,0,0,1,1,0,1,0,1,1,1,0,1,1,1,1,1,0,0,0,1,1,1,1,1,1,0,1
121,0.923049663734658,1,0,1,0,0,1,0,0,1,1,1,0,0,0,1,1,1,1,1,0,1,1,1,1,1,1,1,1,0,1,0,0,0,0,1,0,1,0,1,1
122,-0.488881083738737,0,1,0,1,1,1,0,0,1,0,1,1,0,0,1,1,0,1,1,1,1,1,1,0,0,0,1,1,1,1,1,0,1,0,0,0,0,1,0,0
123,0.348596671418607,1,0,0,1,1,1,1,1,1,0,0,1,0,0,1,1,1,0,1,0,1,1,0,1,0,0,1,1,0,1,1,0,1,1,1,0,1,1,0,0
124,-1.92504792241065,0,0,0,1,1,1,0,0,0,1,0,0,0,1,0,0,0,0,0,0,1,0,0,0,1,0,0,0,0,1,1,0,1,0,0,0,1,0,1,0
125,-0.678251447272255,1,0,0,0,1,1,0,0,1,0,0,1,1,0,1,1,0,1,0,0,1,1,0,0,1,1,1,1,0,1,0,0,0,0,1,1,0,0,0,1
126,1.18503880177074,0,1,0,0,1,1,1,0,1,1,1,0,0,0,1,1,1,1,1,0,1,1,1,1,1,1,1,0,1,1,0,1,0,0,1,0,1,1,1,0
127,-0.694550254504489,1,1,0,0,1,1,0,0,1,0,0,0,1,0,1,1,1,1,0,0,1,1,1,0,1,0,1,0,0,0,0,0,0,0,0,0,1,0,0,1
128,-0.141744145730118,1,0,1,1,1,1,0,0,0,1,1,1,0,0,0,1,1,0,1,0,1,1,1,0,0,0,0,1,0,1,0,0,0,0,1,0,0,1,0,0
129,0.157922844001956,1,1,1,0,1,1,1,0,1,1,1,0,0,0,1,0,0,1,1,1,1,1,1,1,1,0,1,0,0,0,0,0,0,0,1,0,1,0,1,0
130,0.0219543429183159,1,1,0,0,1,1,1,0,1,1,1,1,1,0,1,0,1,0,1,0,1,1,1,1,1,1,0,0,0,1,0,1,0,0,1,0,0,0,0,0
131,-0.554242326050435,1,1,1,0,0,1,1,0,1,0,1,1,0,0,1,1,1,0,1,0,1,1,1,0,1,0,1,0,0,0,0,0,0,0,0,1,0,0,1,0
132,-1.29350578234148,1,1,0,0,1,1,0,1,1,1,0,0,0,0,0,0,0,0,1,0,1,0,0,0,1,1,0,0,0,0,0,0,0,0,1,0,1,0,0,0
133,-0.33765086141221,0,1,0,1,0,1,1,1,0,1,1,0,0,0,1,1,0,0,1,0,0,1,1,1,1,1,0,1,0,1,0,0,1,0,0,0,1,0,0,0
134,-0.580561104272885,1,0,0,0,1,1,0,0,1,0,1,1,1,0,1,1,0,1,0,0,1,1,1,0,0,0,0,0,0,1,0,0,0,0,0,0,0,0,0,0
135,-0.229114382465003,0,1,0,0,1,1,1,0,1,1,1,0,0,0,1,1,0,0,0,0,1,1,1,0,1,0,0,0,0,0,0,0,1,1,0,0,1,1,1,1
136,-0.680705106647932,0,1,1,1,1,1,1,0,1,1,0,0,0,0,0,1,1,0,0,0,1,1,0,0,0,1,0,0,0,1,0,0,0,0,0,1,0,1,0,0
137,-0.8613383752147,1,0,0,0,0,1,0,1,1,1,0,1,0,0,1,0,0,0,1,0,1,1,0,0,1,1,0,1,0,1,0,0,0,1,1,0,1,1,0,0
138,0.678653349480631,1,1,0,0,0,1,0,0,1,0,1,1,0,1,1,1,1,0,1,0,1,1,0,0,0,0,0,1,1,0,0,1,1,0,1,1,0,1,0,1
139,0.913409293098111,0,1,0,1,1,1,1,1,1,1,0,1,0,1,1,1,1,0,1,1,1,1,0,0,1,1,1,0,0,1,0,1,0,1,1,0,1,1,0,0
140,-1.67376588725135,0,0,1,0,0,1,1,0,0,0,0,0,0,0,1,1,0,0,0,0,0,1,1,1,1,1,0,1,0,1,0,0,0,0,0,0,1,1,1,0
141,0.366548608131323,0,1,1,1,1,1,1,1,1,0,1,1,0,0,1,1,1,0,1,1,1,1,1,1,1,1,1,0,0,1,0,0,1,0,1,1,1,0,0,1
142,2.01602619118724,0,1,1,1,1,1,1,1,1,0,1,1,1,1,1,1,1,1,1,0,1,1,1,1,1,1,1,1,1,0,1,0,1,1,1,0,0,1,1,0
143,0.718117075855573,0,0,1,0,0,1,0,0,1,0,1,1,0,0,0,1,1,1,1,1,1,1,1,0,1,0,0,1,0,1,0,0,0,0,1,1,0,0,1,1
144,-0.347065931519727,1,0,0,1,1,1,1,0,1,1,1,1,1,0,0,1,1,1,1,1,0,1,0,1,1,1,0,1,0,1,0,0,1,0,0,0,1,0,0,0
145,0.121227804654519,0,1,1,1,1,1,1,1,1,1,0,1,0,1,0,1,1,1,1,1,1,1,0,1,1,0,0,1,0,1,1,0,1,1,0,0,1,1,1,1
146,2.38402750362149,0,1,1,0,1,1,1,1,1,1,1,1,1,0,1,1,1,1,1,0,0,1,1,1,1,1,1,1,0,1,0,1,0,1,1,1,1,0,1,1
147,-0.74465996088114,0,0,1,1,0,0,1,1,1,1,0,1,0,0,0,1,0,0,1,0,0,1,0,1,1,0,1,0,1,1,0,0,0,0,0,0,1,1,0,0
148,1.27579597739609,0,1,1,1,1,1,1,1,1,0,1,0,0,0,0,1,1,1,1,0,1,1,1,0,0,0,0,0,1,0,0,1,1,1,1,0,1,0,0,1
149,1.24064367211097,1,1,1,0,1,1,1,0,1,1,1,1,1,1,0,1,1,0,1,1,1,1,0,0,1,1,1,1,1,1,0,1,1,1,1,1,0,1,0,1
150,0.0607044045340744,1,1,0,1,0,1,1,1,1,0,1,1,0,0,1,1,1,1,1,0,1,1,0,0,1,0,1,1,0,1,0,1,0,0,1,1,1,1,0,0
151,0.530549180273224,0,0,0,1,1,1,0,0,1,1,1,0,0,0,1,1,1,0,1,0,1,1,0,1,1,0,1,0,1,1,0,0,0,0,0,1,0,1,0,0
152,-0.0287978754641659,1,1,0,1,1,1,1,1,1,0,0,1,0,0,1,1,0,1,1,0,1,1,0,1,1,1,0,1,0,1,1,1,0,0,1,1,1,1,1,0
153,0.198138303014951,1,0,0,0,1,1,0,0,1,0,0,0,1,1,0,1,1,1,1,0,1,1,1,0,1,1,1,1,1,1,0,0,0,0,1,0,0,0,1,0
154,-1.60776664580173,1,1,0,0,0,1,1,1,0,1,1,1,0,1,1,0,0,1,0,0,0,0,0,0,1,0,1,1,1,0,0,0,0,0,1,0,0,0,0,0
155,-1.56779131793705,0,1,0,1,1,1,1,0,0,1,1,1,0,1,0,0,0,1,0,0,1,0,1,0,0,0,1,1,0,1,0,0,0,0,1,0,1,0,0,0
156,0.255650282297783,1,1,0,1,0,1,1,1,1,0,0,0,1,0,0,1,1,0,1,1,1,1,0,1,1,0,1,0,0,1,1,0,0,1,0,0,1,1,0,0
157,1.59542576461324,1,1,0,1,1,1,1,1,1,1,1,0,1,0,1,1,1,0,1,1,1,1,1,1,1,1,1,0,1,1,0,1,0,0,0,1,0,1,1,0
158,0.0574097066628687,0,0,0,1,1,1,1,0,1,1,1,0,0,1,1,1,1,0,1,0,1,1,1,1,1,1,0,0,0,1,0,0,0,0,1,1,1,1,0,0
159,-0.163322493409552,0,0,0,1,1,1,1,0,1,1,1,1,0,0,0,1,0,0,1,0,1,1,1,0,1,1,1,1,0,1,0,0,0,1,1,0,1,0,0,0
160,-0.516041524661072,1,0,0,1,0,1,0,1,1,0,1,1,0,0,0,1,0,1,1,0,1,0,0,1,1,0,1,0,0,0,0,0,1,1,1,0,0,1,0,0
161,1.25185360197716,0,1,1,1,0,1,1,1,1,1,1,1,0,1,1,1,1,1,1,1,1,1,1,0,0,0,1,1,1,0,0,1,0,1,0,0,1,1,1,1
162,-1.0676736969931,1,1,0,1,1,1,1,0,1,1,0,1,0,0,0,0,1,0,0,0,1,1,0,0,1,1,0,0,0,0,1,0,0,0,1,0,0,0,0,1
163,-1.50045385858151,0,1,0,0,0,1,0,1,0,1,1,1,1,1,0,0,0,0,0,0,1,0,1,0,1,0,0,0,1,1,0,0,0,0,0,0,0,1,0,0
164,-1.13885021915338,1,0,0,1,0,1,0,1,1,0,1,1,0,0,1,0,0,0,0,1,0,1,0,1,1,0,0,0,1,1,0,0,0,1,1,0,0,0,0,0
165,-0.793317356572159,0,1,0,1,0,1,0,0,1,1,0,0,0,0,1,1,0,1,1,0,0,1,1,0,1,1,0,0,1,0,0,0,1,1,1,0,0,0,0,0
166,1.655791930428,0,1,1,0,1,1,1,0,1,1,0,1,0,0,0,1,1,1,1,0,0,1,1,0,1,1,0,1,0,1,1,1,0,1,1,1,0,1,1,0
167,-0.474996263609301,0,1,0,1,1,1,1,0,0,1,0,0,1,0,1,0,0,0,1,0,1,1,1,1,1,0,1,1,0,1,0,0,0,1,1,0,0,0,0,0
168,0.00311537765752691,0,1,1,0,1,1,1,0,1,0,0,1,1,0,0,1,1,1,1,0,1,1,0,1,1,0,1,1,0,0,1,1,0,0,1,0,1,0,1,1
169,-0.719758119681197,1,0,0,1,0,1,0,1,1,1,1,1,1,0,1,1,1,0,1,0,0,1,1,1,0,0,0,0,0,0,0,0,0,0,1,0,0,0,0,0
170,-0.154077234677715,1,1,0,1,1,1,1,0,1,0,0,1,1,1,1,0,1,1,1,1,1,1,0,0,0,1,0,0,0,1,1,0,0,0,1,0,1,1,0,1
171,-0.275040670939201,1,1,1,0,1,1,1,1,1,1,0,1,1,0,1,1,1,0,1,0,1,1,1,0,1,0,1,1,0,1,0,0,1,0,0,0,1,1,0,0
172,-1.28934529494582,0,0,0,0,0,1,0,0,0,0,1,1,1,0,1,0,0,0,1,1,1,0,0,0,0,0,0,1,0,0,1,0,0,0,0,0,0,0,0,0
173,-1.17068816207269,0,1,0,0,0,0,0,0,0,0,1,0,0,1,0,0,0,0,0,0,1,0,0,0,1,0,0,1,0,1,0,0,1,0,1,0,1,1,1,0
174,-0.564547372672512,0,0,0,0,0,1,1,0,1,0,1,0,0,1,0,0,0,1,0,0,0,1,0,1,1,0,0,1,1,0,1,0,1,1,1,0,1,1,0,0
175,0.154690340255939,0,1,0,0,1,1,1,1,1,0,1,1,1,0,0,1,1,1,1,0,1,1,0,1,1,1,0,1,0,0,1,0,0,1,1,0,1,0,0,0
176,0.764974237808538,0,1,0,1,1,1,1,1,1,1,1,1,0,0,1,1,1,0,1,1,1,1,0,1,1,0,0,1,1,1,0,0,0,0,1,1,1,1,0,0
177,-1.00871077887552,0,1,1,1,1,1,1,1,1,1,1,1,0,0,1,0,0,1,1,0,0,1,1,0,1,0,1,1,0,1,0,0,0,1,0,0,1,0,0,0
178,0.0283033625957049,0,1,0,0,0,1,1,0,1,1,1,1,0,0,1,1,1,0,1,1,1,1,0,1,1,0,1,0,1,1,1,0,0,0,1,0,1,0,0,1
179,0.358929557767781,1,0,0,1,1,1,0,1,1,1,1,1,1,0,0,0,1,1,1,0,1,1,0,1,1,0,0,1,1,1,0,0,1,0,1,0,1,1,0,1
180,-0.99266557993367,1,0,0,0,1,1,0,0,0,1,1,0,0,0,0,1,0,1,1,0,1,0,1,1,0,0,0,1,1,1,1,0,1,0,0,0,1,0,0,1
181,1.72918029295085,0,1,1,1,1,1,1,1,1,1,0,1,0,0,1,1,1,1,1,1,1,1,1,1,1,1,1,1,1,1,0,1,1,0,0,1,1,1,0,1
182,-0.430353550663885,0,1,0,0,1,1,1,0,1,1,1,0,1,0,0,1,1,0,1,0,0,1,1,0,1,0,0,0,1,1,0,0,0,0,1,1,0,0,0,1
183,-0.574974245837047,0,0,0,0,1,0,1,0,1,0,1,1,0,0,1,1,0,0,0,1,0,0,0,1,0,0,1,0,1,1,0,0,0,0,0,0,0,1,1,1
184,-0.899719152198887,1,0,0,0,0,1,1,1,1,0,1,1,0,1,0,0,0,0,1,0,0,1,1,0,1,0,0,1,1,1,0,0,0,1,0,0,0,1,0,0
185,-0.291469296373341,0,1,0,0,1,1,0,0,1,1,1,1,0,0,1,1,1,1,1,1,0,1,0,0,1,0,0,1,1,0,0,0,0,1,1,1,0,1,1,0
186,0.178866887654493,1,0,1,0,0,1,0,1,1,1,0,1,1,0,1,1,1,0,1,0,0,1,0,1,1,0,0,0,0,0,0,0,0,0,0,1,1,1,0,0
187,0.988281785720314,1,1,0,1,1,1,1,1,1,1,1,0,0,1,1,1,1,1,1,1,1,1,1,1,1,1,1,0,0,1,1,1,1,0,0,1,0,1,0,1
188,-0.816087594932861,1,0,0,0,0,1,1,0,1,1,0,0,0,0,1,0,0,1,1,1,1,1,0,1,1,0,0,1,0,1,0,0,0,1,1,0,0,0,0,0
189,0.281071498339209,0,1,1,0,1,1,1,0,1,1,0,1,0,0,0,1,1,0,1,0,0,1,1,1,0,0,1,0,0,1,0,0,1,1,1,0,1,0,0,1
190,-0.720321470287179,1,1,1,0,1,1,1,1,1,0,0,1,1,0,1,0,1,0,0,1,1,1,0,1,1,0,0,0,1,1,0,0,0,0,0,1,1,0,0,1
191,-1.08791266192058,0,1,0,0,1,1,1,0,0,0,1,0,1,0,1,0,0,0,0,0,1,0,1,1,1,0,1,0,1,0,0,0,0,0,0,0,1,0,1,0
192,0.385234590428631,1,1,1,1,0,1,0,0,1,1,1,1,1,0,0,1,1,0,1,0,1,1,1,0,1,0,1,1,0,1,0,1,1,1,1,0,1,1,1,0
193,-0.844861472392772,0,1,1,1,1,1,1,1,1,1,1,1,0,0,0,0,1,0,0,0,1,1,0,0,1,0,0,0,0,1,0,0,1,0,1,0,0,1,1,1
194,1.23048719562364,0,1,1,1,1,1,1,1,1,1,0,1,0,0,1,1,1,1,1,1,1,1,1,1,1,1,1,0,1,1,0,0,1,0,1,1,1,0,0,0
195,-0.28077416686976,1,1,1,1,0,1,1,0,1,0,1,1,0,1,1,1,1,1,1,1,1,1,0,0,0,0,0,0,1,1,0,0,0,0,0,0,0,1,0,0
196,-1.20757336679124,0,1,0,1,0,1,1,0,1,1,1,0,0,0,0,0,0,0,0,1,1,0,0,0,1,1,0,0,0,1,0,0,1,1,1,0,1,1,0,0
197,-0.755371058603435,0,0,0,0,1,1,1,0,1,0,0,1,1,0,1,0,1,0,0,0,1,0,1,0,1,0,1,1,0,0,0,0,0,0,0,0,0,0,0,1
198,0.752459944852837,1,0,0,1,1,1,1,1,1,1,0,1,0,0,1,1,1,1,1,0,0,1,1,0,1,1,1,1,1,1,0,0,1,0,1,1,1,1,0,0
199,0.919760591633488,1,1,1,0,1,1,1,0,1,1,0,0,1,1,1,1,1,1,1,0,1,1,1,1,0,1,0,0,0,1,0,0,1,0,1,0,1,1,0,1
200,0.226213639891824,0,0,0,1,1,1,1,0,1,1,0,1,0,0,1,1,1,0,1,0,1,1,0,0,0,1,1,0,0,1,0,0,1,1,1,0,0,1,0,0
201,-0.237242006315746,0,1,1,1,0,1,1,0,1,1,0,1,0,1,1,1,1,1,0,0,1,1,1,0,1,0,1,0,1,1,1,0,0,0,0,0,0,1,1,0
202,-0.0997150830929296,0,1,0,0,1,1,0,1,1,1,1,1,0,0,1,0,1,0,1,0,1,1,1,0,1,0,1,0,1,0,0,0,1,0,1,1,0,1,0,0
203,0.578572034285665,0,1,0,0,0,1,0,0,1,0,1,1,1,1,1,1,1,1,1,1,1,1,0,1,0,1,1,1,1,1,0,1,0,0,1,0,1,1,0,0
204,0.226041281381444,1,0,1,1,0,1,0,1,1,0,0,1,0,0,0,1,1,1,0,1,1,1,1,1,1,1,1,0,0,1,1,0,1,1,0,0,1,0,0,1
205,0.0124370063657506,0,1,1,0,0,1,1,0,1,1,0,0,0,0,1,1,1,0,1,1,1,1,0,1,0,0,1,0,0,0,0,0,0,0,0,0,1,1,0,0
206,0.518315013618893,0,1,0,0,0,1,1,1,1,0,1,1,0,0,1,1,1,1,1,0,1,1,1,1,1,0,1,0,1,0,0,1,0,0,0,0,0,1,1,1
207,-1.267839130576,0,0,0,0,1,1,1,0,1,1,0,1,0,1,0,0,0,0,0,0,1,1,1,1,1,0,0,0,0,1,0,0,0,0,1,0,0,1,0,0
208,-1.93908134852851,1,0,0,0,0,0,1,1,0,1,0,0,1,0,1,0,0,1,0,0,1,0,1,1,0,0,0,0,0,0,0,0,0,0,1,0,0,0,0,1
209,-0.147110234839009,1,0,0,1,1,1,1,1,1,1,1,0,0,1,1,1,1,0,1,1,1,1,1,1,1,0,1,1,0,1,0,0,0,1,1,1,1,1,0,1
210,-1.08209274752369,0,0,0,0,0,1,0,0,1,1,0,0,0,0,0,0,0,1,0,0,1,1,1,1,1,0,0,0,0,1,0,0,0,1,1,0,1,1,0,0
211,1.79482492005857,0,1,0,0,1,1,1,0,1,0,0,1,1,0,1,1,1,1,1,1,1,1,1,1,1,1,1,1,1,1,0,1,0,1,0,1,1,1,1,1
212,1.03565828261112,1,0,1,0,1,1,0,1,1,1,1,1,1,1,1,1,1,1,1,0,1,1,1,0,1,0,1,0,1,1,0,0,0,1,1,1,0,1,1,1
213,0.252991544558536,0,0,1,0,1,1,1,1,1,0,1,1,0,0,0,1,1,1,1,0,0,1,0,0,0,0,0,1,0,0,1,0,1,0,1,0,1,1,1,1
214,-1.28187507220131,1,1,0,1,0,1,0,0,0,0,0,1,1,0,0,0,0,1,0,0,1,0,0,1,0,0,0,0,1,1,0,0,0,0,0,0,1,1,0,0
215,0.77503628369706,0,0,0,1,1,1,1,0,1,1,1,1,1,0,1,1,1,0,1,1,1,1,0,0,0,0,0,1,0,1,0,0,1,0,1,1,0,0,1,0
216,0.809402883092213,1,1,0,1,1,1,1,1,1,1,0,1,1,0,1,1,1,0,0,0,1,1,1,1,1,0,0,1,1,1,0,1,1,1,0,0,1,1,1,0
217,-1.3185300041031,1,0,1,1,1,0,1,0,1,0,1,1,0,0,0,0,0,0,1,0,1,0,0,0,0,0,0,1,0,0,0,0,1,1,1,0,0,1,1,0
218,0.941375151837965,0,0,0,1,1,1,1,1,1,1,1,0,0,0,1,1,1,0,1,0,1,1,0,1,0,0,0,0,0,1,0,0,1,1,0,1,1,1,1,0
219,0.696460654730447,1,1,0,1,0,1,0,1,1,1,0,0,0,0,1,1,1,0,1,0,1,1,1,1,1,0,0,1,1,1,1,1,1,1,0,0,1,1,1,0
220,-0.0550474452420125,1,1,0,0,0,1,1,1,1,0,0,0,0,0,1,1,1,0,1,1,0,1,0,0,1,0,0,0,1,0,1,0,1,1,0,1,1,1,0,0
221,-1.37649523102862,1,1,1,0,1,0,0,0,0,1,0,0,0,0,0,1,0,0,0,0,1,1,0,0,1,1,0,1,0,1,0,0,0,0,1,0,0,1,0,0
222,0.287962318083818,1,1,0,1,1,1,1,1,1,1,1,1,0,0,1,1,1,0,1,0,1,1,0,0,1,0,1,0,1,0,0,0,1,0,0,0,1,1,1,1
223,0.753329958977602,1,1,1,0,1,1,1,1,1,0,0,1,1,0,1,1,1,1,1,1,0,1,1,1,0,0,1,1,1,1,1,0,1,0,1,1,0,1,1,0
224,0.508250951401202,0,1,1,0,1,1,0,0,1,1,1,1,0,1,0,1,1,0,1,0,1,1,1,1,1,0,0,0,1,1,0,1,1,1,0,0,1,1,0,0
225,1.70732961107998,0,1,0,1,1,1,1,1,1,1,0,1,0,1,1,1,1,0,1,0,1,1,1,1,1,0,0,1,0,1,0,1,0,1,1,1,0,1,1,1
226,0.286086603655036,0,1,0,0,1,1,1,0,1,1,1,1,1,0,1,1,1,1,1,0,1,1,1,1,0,1,1,1,1,1,0,1,0,0,1,0,0,1,1,1
227,0.317464894944053,0,1,0,0,1,1,1,1,1,1,1,0,1,1,1,1,1,0,1,1,0,1,1,0,1,1,1,0,0,1,0,0,1,0,0,0,1,1,1,0
228,2.8661357146686,0,1,1,1,1,1,1,0,1,1,1,1,1,0,1,1,1,1,1,1,1,1,1,1,1,1,0,1,1,1,0,1,0,1,1,1,1,1,1,1
229,-2.82462275806006,0,1,0,1,0,0,0,0,0,0,1,0,0,0,1,0,0,1,0,0,0,0,0,0,0,0,1,0,1,0,0,0,1,0,0,0,1,0,0,0
230,0.425574648665261,0,1,0,0,1,1,0,1,1,1,1,1,1,0,1,1,1,0,1,0,1,1,1,0,1,0,0,1,1,1,0,0,1,1,0,0,1,1,1,0
231,1.03664832965135,0,0,1,1,1,1,1,1,1,0,0,0,0,0,1,1,1,0,1,1,1,1,1,1,1,1,1,0,1,1,0,1,1,0,0,1,1,1,0,1
232,0.393651163074214,1,1,0,1,0,1,0,1,1,1,1,1,1,1,1,0,0,0,1,0,1,1,1,1,0,0,0,0,1,0,0,0,0,1,1,1,1,1,1,0
233,-1.3055304964905,0,1,1,0,0,1,0,1,0,1,1,1,0,0,0,0,0,1,0,0,1,1,0,1,1,1,1,0,0,0,0,0,1,0,1,0,0,1,0,0
234,-0.787145829114401,1,1,1,1,1,1,0,0,0,0,1,0,0,0,1,0,0,1,1,0,1,1,1,1,0,1,0,0,1,1,0,0,0,0,1,0,1,1,0,0
235,-0.536851497821202,1,1,0,0,0,1,1,1,1,1,0,0,0,1,0,1,0,0,1,1,1,1,1,1,1,0,0,1,1,0,1,0,0,1,0,0,1,0,0,0
236,-0.37631126964873,0,1,1,1,0,1,1,0,1,0,0,1,0,0,0,1,1,0,1,0,0,1,1,0,0,0,0,1,1,0,0,0,0,0,0,0,1,1,0,0
237,-0.882676931983619,1,1,1,0,1,1,1,0,1,1,1,0,0,0,0,1,1,0,1,1,0,1,0,1,1,1,1,1,0,1,0,0,0,1,0,0,1,1,0,0
238,0.404910860236215,0,1,1,1,1,1,0,0,1,1,1,1,0,0,0,1,1,1,1,0,1,1,1,1,1,1,1,1,1,0,0,0,1,1,0,0,1,0,0,1
239,-0.224436883105581,0,0,0,0,1,1,1,0,1,1,1,0,0,0,1,1,1,0,1,0,1,1,0,1,1,0,0,1,0,1,0,0,1,0,0,0,1,1,0,0
240,-0.0148300319983671,1,1,0,1,1,1,0,0,1,1,1,1,0,0,1,1,1,1,1,0,1,1,0,0,1,0,1,0,1,1,0,0,1,1,1,1,1,1,0,1
241,-0.418389346370353,0,1,0,0,1,1,1,0,1,1,1,1,1,0,1,1,1,1,1,0,0,1,1,0,1,1,0,0,1,0,1,0,0,0,1,1,1,1,1,0
242,0.7875350897056,1,1,0,0,1,1,1,1,1,1,0,1,0,0,0,1,1,1,1,0,1,1,1,1,1,1,1,1,0,1,1,1,0,1,1,1,1,1,0,1
243,1.03167993302223,1,1,1,1,0,1,1,1,1,1,1,0,0,0,1,1,1,0,1,0,1,1,1,0,1,1,1,1,1,1,1,1,1,1,1,1,0,1,1,0
244,-0.210795325376559,1,1,0,0,1,1,1,1,0,1,0,1,1,1,1,1,1,0,1,1,0,1,1,1,1,0,0,0,1,0,0,0,1,1,0,0,1,0,0,0
245,-3.77269931706076,0,1,0,1,0,0,1,0,0,0,0,1,0,0,0,0,0,0,0,1,0,0,0,1,0,0,0,0,0,1,0,0,1,1,0,0,0,0,0,0
246,2.1657143068748,1,1,1,0,1,1,1,0,1,1,1,1,1,0,1,1,1,1,1,1,1,1,1,1,1,1,1,0,1,1,0,1,0,0,1,1,1,1,1,1
247,-0.799979452592272,0,1,1,0,0,1,0,0,1,1,1,0,0,1,1,1,0,0,0,0,1,1,0,0,1,0,1,1,1,0,0,0,0,1,1,1,0,0,1,1
248,-0.0996722021775217,1,1,1,1,0,1,1,1,1,1,1,1,0,1,1,1,1,0,1,0,1,1,0,1,0,0,0,0,1,1,1,0,0,1,1,1,0,1,1,0
249,1.59658762636652,0,1,0,1,1,1,1,1,1,1,1,1,1,1,0,1,1,1,1,0,1,1,1,1,0,0,1,1,1,1,1,1,1,0,1,0,1,1,0,1
250,0.204892024386769,0,0,0,0,0,1,1,0,1,1,1,0,1,0,1,1,1,1,1,0,1,1,1,1,0,0,1,1,0,1,0,0,0,0,0,1,1,0,1,1
251,0.195920030013664,1,1,0,0,1,1,1,1,1,0,1,0,0,0,0,1,0,1,1,0,1,1,1,0,1,0,0,1,0,1,0,0,0,0,1,0,0,1,0,0
252,0.993137392990089,0,0,0,0,1,1,1,1,1,1,0,0,1,1,1,1,1,1,1,0,0,1,1,0,1,1,1,1,1,0,0,0,0,1,0,1,1,1,1,0
253,1.34873551852738,0,1,1,1,1,1,0,0,1,1,1,0,0,1,1,1,1,0,1,1,1,1,0,1,1,0,0,1,0,0,1,0,1,0,1,1,0,1,0,0
254,0.157278733181006,1,1,0,0,1,1,1,0,1,0,1,0,0,0,1,1,1,0,1,0,1,1,1,0,1,0,0,0,1,1,0,0,0,1,0,0,1,1,1,0
255,-0.296449241664921,1,1,0,0,1,1,0,0,1,0,1,1,0,0,1,1,0,1,1,0,0,1,1,1,1,0,1,0,0,0,0,0,0,0,1,0,0,1,0,0
256,0.0942429435194129,1,1,1,0,1,1,1,0,1,1,1,1,0,0,0,1,1,0,1,1,1,1,1,1,1,1,0,1,0,0,1,0,1,0,1,0,1,1,0,1
257,0.0150325636829401,1,0,0,0,1,1,0,0,1,1,1,1,0,0,0,1,1,0,0,0,1,1,0,1,0,1,1,1,0,0,0,0,1,0,0,0,1,1,0,0
258,-0.184491328462489,0,1,0,0,1,1,1,1,1,0,0,1,1,0,0,1,0,0,1,0,1,1,1,0,1,0,0,0,0,0,0,0,0,1,1,1,1,1,0,1
259,0.261350832139418,0,1,0,1,1,1,1,0,1,0,0,1,0,0,0,1,1,1,1,0,1,1,0,1,0,0,1,1,0,1,1,0,0,1,1,1,1,1,1,0
260,-0.223480607906429,0,1,1,0,0,1,1,1,1,0,0,0,1,0,1,1,1,1,1,0,0,1,1,1,0,1,0,0,0,1,1,0,1,0,1,0,0,1,0,0
261,-0.658630681451281,0,1,0,1,0,1,1,1,1,1,0,0,0,0,0,1,0,0,1,0,1,1,0,1,1,0,0,1,1,1,0,0,0,1,0,0,1,0,0,1
262,0.25000995754681,0,0,1,1,1,1,1,1,1,1,0,0,0,1,1,1,1,1,0,1,0,1,0,0,1,0,0,1,1,1,0,0,0,1,1,0,1,0,1,0
263,-1.84672874367625,0,0,1,0,0,1,0,0,0,1,1,0,0,0,1,0,0,1,0,0,1,0,0,0,1,0,0,0,1,0,0,0,0,0,0,1,0,1,0,0
264,1.4593857240123,1,1,1,1,1,1,1,1,1,1,0,1,0,1,1,1,1,0,1,0,1,1,1,1,1,1,1,0,1,1,0,1,0,0,1,0,1,1,1,0
265,0.300446814740007,0,1,0,0,0,1,1,0,1,0,1,1,0,1,1,1,1,0,1,0,1,1,0,0,1,0,0,0,1,1,0,0,1,0,1,1,1,0,0,0
266,-0.793703406628321,0,0,0,0,1,1,1,0,1,0,0,1,1,0,0,1,0,0,1,0,1,1,0,1,1,1,1,1,1,1,0,0,0,1,1,0,1,0,1,1
267,-0.747423812901926,0,1,1,1,1,1,1,0,0,0,1,0,0,1,1,0,0,1,0,0,1,1,0,1,0,0,1,0,0,0,0,0,1,1,0,0,1,0,0,0
268,-0.82332288480351,0,1,0,0,0,1,1,0,0,1,0,1,0,0,1,0,0,0,1,1,1,1,1,1,1,0,0,0,0,1,0,0,1,0,1,0,1,0,0,0
269,0.360611881556671,1,1,0,0,1,1,1,1,1,1,0,1,0,0,1,1,0,1,1,0,1,1,1,1,1,1,1,0,1,1,0,0,1,0,0,0,0,1,0,1
270,-0.489846160729033,0,1,0,0,1,1,0,0,1,0,1,0,0,0,1,1,1,1,0,0,0,1,0,1,0,0,1,1,0,0,0,0,1,0,0,0,0,1,1,0
271,-0.627006549682856,1,0,0,1,0,1,1,0,1,1,0,1,0,1,0,1,0,1,1,0,1,1,0,1,1,0,0,1,0,0,0,0,0,0,0,1,0,0,0,0
272,-0.469247407576718,1,1,0,1,1,1,1,1,1,1,0,1,0,1,1,1,0,0,1,0,0,1,1,1,0,0,0,0,1,1,0,0,0,0,1,0,1,0,0,0
273,2.3100300953615,1,1,1,1,1,1,0,0,1,1,0,0,1,0,1,1,1,1,1,0,1,1,0,1,1,1,1,0,1,1,0,1,0,0,0,1,1,1,1,1
274,-1.0966998580987,1,0,1,1,0,1,0,0,1,0,1,1,1,0,0,1,0,0,0,0,1,0,0,1,1,1,0,0,0,1,0,0,0,0,0,1,0,1,0,0
275,0.937352600833433,1,1,0,0,1,1,1,0,1,0,0,0,1,1,0,1,1,0,1,0,0,1,1,1,1,0,0,0,1,1,0,0,1,1,0,1,0,0,1,0
276,1.67346433333067,1,1,1,0,1,1,1,1,1,1,1,1,0,1,1,1,1,1,1,1,0,1,1,1,0,0,1,0,1,1,0,1,0,1,1,1,1,1,0,0
277,-0.401433063634085,1,1,0,1,1,1,0,0,1,0,1,1,0,0,1,1,1,1,1,0,1,1,1,0,0,0,0,1,0,1,0,0,0,1,1,1,1,0,1,0
278,-0.170432604130824,0,1,0,0,1,1,1,0,1,0,1,1,0,1,0,1,1,0,1,0,1,1,1,1,1,0,0,0,1,0,0,0,0,0,0,0,1,1,0,0
279,1.49486523609658,1,0,0,1,1,1,1,0,1,1,1,1,1,0,0,1,1,1,1,0,1,1,0,1,1,1,1,1,0,1,0,1,1,0,1,0,0,1,0,0
280,-1.49310907910626,0,0,0,0,1,1,1,0,1,1,1,0,0,0,1,0,0,0,0,0,0,0,0,0,1,0,1,0,0,0,0,0,0,0,0,0,1,0,0,0
281,0.0238566288679419,0,1,0,0,0,1,0,1,1,1,0,1,0,0,0,1,0,1,1,0,1,1,1,1,1,0,1,1,1,1,1,0,0,1,0,1,1,1,1,0
282,2.09633034869987,0,1,0,1,1,1,1,1,1,1,0,1,1,0,1,1,1,1,1,0,1,1,1,1,1,0,1,1,1,0,0,1,1,0,0,1,0,1,0,0
283,0.572578417173534,0,1,0,0,1,1,1,0,1,1,1,1,0,1,1,1,1,0,1,0,1,1,1,0,0,0,1,0,0,0,0,1,1,1,0,0,1,1,1,1
284,0.742088546986316,1,0,1,1,1,1,1,0,1,1,0,0,1,1,1,1,1,1,1,0,0,1,1,0,1,0,1,1,1,1,1,1,0,0,0,0,1,1,1,1
285,0.240740487810379,0,0,0,1,0,1,0,1,1,1,1,0,1,0,0,1,1,1,1,0,1,1,0,1,1,0,0,0,0,1,0,0,0,1,0,1,1,1,0,0
286,1.00545836378875,1,1,0,1,0,1,1,1,1,1,1,0,0,0,1,1,1,1,1,0,1,1,1,1,1,0,0,1,0,1,0,1,0,1,1,1,1,1,1,0
287,1.19333522111225,0,1,0,0,1,1,1,1,1,1,1,1,0,0,0,1,1,1,1,1,1,1,1,1,1,0,0,0,0,0,1,1,0,1,1,1,1,1,1,0
288,1.16083929639286,1,1,0,1,0,1,1,1,1,1,0,0,0,1,1,1,1,0,1,0,1,1,0,1,1,0,1,1,1,0,0,1,0,1,1,0,0,1,1,1
289,-0.255908233291016,0,1,0,0,0,1,1,0,1,0,0,1,1,0,1,1,1,0,1,1,1,1,1,0,1,0,1,0,1,0,0,0,1,1,1,0,1,1,1,0
290,0.708636520665531,1,1,1,0,0,1,1,0,1,1,1,1,0,0,1,1,1,1,1,1,1,1,1,1,1,0,1,0,0,0,1,1,0,0,0,1,1,1,0,0
291,-0.830441027316552,0,1,0,1,1,1,0,0,0,1,0,0,0,0,0,0,0,0,0,0,1,1,0,0,1,0,0,0,0,1,0,0,1,0,1,0,1,1,1,1
292,-0.444078643223249,1,1,1,1,1,1,1,1,1,1,1,1,0,0,0,0,1,1,1,0,1,1,1,1,1,0,1,0,0,1,0,0,1,0,0,1,1,1,0,0
293,0.237166044839147,1,0,0,0,0,1,1,0,1,0,0,1,1,0,1,1,1,0,1,1,1,1,0,1,1,1,0,1,0,1,0,0,0,1,1,1,0,0,1,0
294,-1.08792181482402,0,1,0,1,1,1,0,1,1,1,1,1,0,0,1,0,0,0,0,0,0,0,1,0,0,0,1,0,0,0,0,0,0,1,0,0,1,0,1,1
295,0.160396712870493,0,1,0,1,1,1,1,0,1,0,1,1,0,0,1,1,1,0,1,0,1,1,0,1,1,0,1,1,1,1,0,1,1,1,1,0,0,1,0,0
296,0.356330133803773,1,1,0,0,1,1,1,0,1,0,1,1,1,0,1,1,1,1,1,1,1,1,0,0,1,0,1,1,1,1,1,0,0,0,1,1,0,1,1,1
297,-0.337038184258889,1,1,1,0,0,1,1,1,1,0,0,1,0,0,1,1,1,0,1,1,1,1,1,0,1,0,0,0,0,0,0,0,0,1,0,0,0,0,1,0
298,-0.818675204471885,0,1,1,1,0,1,1,1,1,1,1,1,0,0,0,1,0,1,0,0,0,0,1,1,0,0,0,1,0,1,1,0,0,0,0,0,0,1,0,0
299,0.300112022343708,0,1,1,1,1,1,1,0,1,0,1,0,0,0,1,1,1,0,1,0,1,1,1,1,1,0,1,1,1,1,1,0,0,1,0,0,0,1,0,1
300,1.01837945245372,1,1,1,1,1,1,0,1,1,1,1,1,0,0,1,1,1,0,1,0,1,1,1,1,0,1,1,1,0,1,0,0,0,1,1,0,1,1,0,1
301,-1.2032035390033,0,0,0,0,1,0,1,0,0,1,1,0,0,0,1,0,0,0,0,0,1,1,1,1,1,1,1,0,1,1,0,0,0,0,1,0,1,0,0,0
302,0.312417578920938,0,1,1,1,1,1,1,1,1,1,1,1,1,0,0,1,1,1,1,1,1,1,0,1,1,1,0,1,0,1,0,1,0,0,1,0,1,1,0,0
303,-1.24047289506594,1,1,0,0,0,1,0,1,1,1,0,1,0,0,0,0,0,1,0,0,0,0,1,1,0,1,1,1,0,1,0,0,0,1,0,0,0,0,0,1
304,-1.25312518687703,1,0,0,0,1,0,1,0,0,0,0,1,0,0,1,0,0,0,0,1,1,1,1,0,0,0,1,1,1,0,0,0,0,1,0,0,0,0,0,1
305,-0.72571013637302,0,0,1,0,0,1,0,1,1,0,1,0,0,1,0,1,0,1,0,1,1,1,1,1,1,0,0,1,0,0,0,0,0,0,1,1,1,0,0,0
306,1.11635232888992,1,1,1,0,1,1,1,1,1,1,1,1,1,1,0,1,1,0,1,1,1,1,1,1,1,1,1,1,0,0,1,1,1,1,1,0,1,1,0,0
307,-0.55829131383783,0,0,0,0,0,0,1,0,1,1,1,0,0,0,1,1,0,0,0,0,1,1,1,1,1,0,1,1,1,0,1,0,1,1,0,0,0,0,1,0
308,-0.0541855747593356,0,0,1,0,1,1,1,1,1,0,1,0,0,0,0,1,1,0,1,0,0,1,0,0,1,1,1,1,0,0,0,0,0,0,1,0,1,1,0,0
309,0.875690095204259,1,1,0,0,1,1,0,1,1,1,1,1,1,0,1,1,1,1,1,0,1,1,0,1,1,0,0,1,0,0,0,0,1,0,1,0,1,1,0,1
310,-1.87716721832905,1,0,0,0,1,1,1,0,0,1,0,0,0,0,0,0,0,0,0,0,1,0,1,0,0,0,0,0,0,0,0,0,1,0,0,0,0,0,0,0
311,-0.0466328354171463,1,0,0,0,1,1,1,0,0,1,0,1,0,0,1,1,1,0,1,1,1,1,0,0,1,0,0,0,0,1,0,0,0,1,1,0,1,0,1,0
312,-0.0312963957181386,0,1,1,1,0,1,1,0,1,1,1,0,0,1,1,1,1,0,1,1,1,1,1,1,1,0,1,1,0,1,0,0,1,1,1,0,1,1,0,0
313,0.464671620925276,1,1,0,0,1,1,1,1,1,1,0,0,0,1,1,1,1,1,1,0,0,1,1,0,0,0,1,0,0,1,0,1,0,1,1,1,1,1,1,0
314,-0.118137309893673,0,0,0,1,1,1,0,0,1,1,1,1,0,0,0,1,0,1,1,0,1,1,0,0,1,0,0,1,0,0,0,0,0,0,1,0,0,0,0,0
315,-1.16140010580697,0,0,1,0,0,1,0,0,1,0,0,1,1,1,0,0,0,0,0,0,1,1,1,1,0,0,0,0,1,1,0,0,1,1,1,0,0,1,0,1
316,-0.567088706521075,1,1,0,1,1,1,0,0,0,0,1,0,0,0,0,1,1,1,1,0,1,1,1,0,0,0,0,1,0,0,0,0,0,0,1,0,1,1,0,1
317,-0.200017283211086,0,1,0,0,0,1,1,1,1,0,1,1,0,1,0,1,1,0,1,0,1,1,1,1,1,0,0,0,0,1,0,0,0,1,1,0,1,0,1,0
318,-1.5586636795746,1,0,0,1,1,1,0,0,0,1,0,1,0,0,1,1,0,0,0,0,0,0,0,1,0,0,0,0,1,0,0,0,1,0,1,1,1,0,0,0
319,0.324134829748983,0,1,1,1,1,1,1,0,1,1,1,0,1,0,0,1,1,1,1,1,1,1,1,0,1,1,0,1,1,1,0,0,1,0,1,1,1,1,0,1
320,0.152192558378751,1,0,0,0,0,1,1,1,1,0,0,1,1,0,1,1,1,1,1,1,1,1,1,1,0,1,1,0,0,0,0,0,0,1,1,0,1,0,0,0
321,0.922864275064394,1,1,1,1,0,1,1,1,1,1,0,1,0,0,1,1,1,0,1,1,1,1,1,1,0,1,1,1,1,1,1,1,0,0,1,1,0,1,0,0
322,0.0907464135108562,1,0,0,0,1,1,1,1,1,0,1,1,0,0,1,1,1,0,1,0,1,1,0,1,1,0,1,1,1,0,0,0,1,0,0,1,0,0,0,0
323,0.600607484767144,1,1,1,0,1,1,0,0,1,1,1,1,1,0,1,1,1,0,1,1,1,1,1,0,1,1,0,1,1,1,1,0,0,0,1,0,1,1,0,1
324,-0.604420882417448,0,1,0,0,1,0,1,1,1,0,0,0,1,1,0,1,1,0,1,0,1,1,1,0,0,1,1,0,0,0,0,0,1,0,0,0,0,0,1,0
325,-1.75328328955772,0,1,0,0,1,0,1,0,0,0,0,0,0,0,1,0,0,0,0,0,0,0,0,0,1,0,0,0,0,0,0,0,0,1,1,0,0,1,1,1
326,0.324859662451797,1,1,0,1,1,1,1,1,1,1,1,0,0,1,1,1,1,0,1,0,1,1,1,0,1,0,0,1,0,1,0,0,0,0,1,1,1,0,1,1
327,1.32665418390032,1,1,0,1,0,1,0,0,1,1,1,0,0,1,1,1,1,1,1,0,1,1,1,1,1,0,0,1,1,0,1,1,1,1,1,1,0,0,0,1
328,-0.0282239166849946,1,1,0,0,1,1,1,0,1,0,1,1,0,0,0,1,0,0,1,0,1,1,1,1,0,0,1,0,1,1,1,0,1,1,1,0,1,0,0,0
329,-0.0628756109810516,1,1,0,0,1,1,1,0,1,1,0,0,0,0,1,1,1,0,1,1,1,1,0,1,1,0,1,0,1,1,0,0,1,1,0,0,1,0,0,0
330,-2.45970156242894,0,1,0,1,0,0,1,0,0,1,1,1,0,0,0,0,0,0,0,0,0,0,1,1,0,0,0,0,0,1,0,0,0,0,0,0,1,1,0,1
331,1.49969742167293,0,1,0,0,1,1,0,1,1,1,1,1,0,0,0,1,1,1,1,1,1,1,1,1,1,0,1,0,0,1,0,1,0,1,0,0,0,0,0,1
332,-0.228853948360266,0,1,0,1,0,1,1,1,1,1,1,1,1,0,1,1,1,1,1,1,1,1,1,1,1,1,1,1,0,0,0,0,1,0,1,1,0,0,0,0
333,0.542388882995325,1,1,0,1,1,1,1,0,1,0,1,0,0,1,1,1,1,0,1,0,0,1,1,1,1,0,0,0,0,0,0,0,0,1,0,1,1,1,0,0
334,-1.72084941095772,0,0,0,0,0,1,0,0,0,0,0,1,0,0,0,0,0,0,0,1,1,1,0,0,0,0,1,0,0,0,0,0,0,0,0,0,1,1,0,0
335,-0.125427898262002,0,0,0,1,1,1,0,1,1,0,0,1,0,0,0,1,0,1,1,1,1,1,1,1,1,1,1,0,1,0,0,0,1,0,1,1,1,1,0,1
336,-0.825738944765591,1,1,0,1,0,1,0,1,1,0,1,0,1,0,1,1,1,0,0,0,1,0,0,1,1,0,0,0,0,0,0,0,1,0,1,1,0,1,0,0
337,0.156988305479104,0,1,0,1,1,1,0,0,1,0,0,1,0,0,0,1,1,0,1,0,1,1,1,1,1,0,0,0,1,0,0,0,0,1,1,1,1,1,0,0
338,-1.41536003774559,1,1,0,0,0,1,1,0,0,1,1,1,0,0,1,0,0,0,0,0,1,1,1,1,1,0,1,0,1,1,0,0,0,1,0,1,1,1,0,1
339,-0.131249458544717,0,1,0,1,1,1,1,0,1,1,0,1,0,0,0,1,1,1,1,0,0,1,1,1,1,0,0,0,0,1,0,0,1,0,0,1,1,0,0,0
340,-0.35447505727305,1,0,0,0,1,1,1,0,1,0,1,1,0,0,1,1,0,0,1,1,1,1,1,0,1,1,0,1,0,0,0,0,0,0,0,0,1,1,0,1
341,0.0124724822347841,0,1,0,0,1,1,0,1,1,1,0,0,1,0,1,1,1,1,1,0,1,1,1,1,1,0,0,0,1,1,0,0,0,0,0,0,0,1,0,0
342,0.261687250823283,0,1,0,1,1,1,1,1,1,0,0,0,0,0,1,1,1,0,1,1,0,1,0,1,1,0,0,0,1,1,1,0,0,0,1,0,1,1,0,1
343,0.891859239129843,1,1,0,0,1,1,1,0,1,1,1,1,0,0,0,1,1,1,1,1,1,1,0,1,1,1,1,0,1,0,0,0,0,1,0,0,1,1,0,0
344,-0.17915732414099,1,1,0,0,1,1,0,0,1,0,1,1,0,0,1,1,1,0,1,0,0,1,1,1,1,0,0,0,0,0,0,0,1,0,0,0,0,0,1,1
345,-1.27560601425132,0,0,0,0,0,0,1,0,1,1,1,0,0,0,1,1,0,0,0,0,1,0,1,0,1,0,1,0,1,0,0,0,0,0,0,0,0,0,0,0
346,-2.64501171810103,0,1,0,1,0,0,0,0,0,0,0,0,0,0,0,0,0,0,0,0,0,0,1,1,0,0,0,0,0,0,0,0,0,0,0,0,0,0,0,0
347,1.08719079802972,0,0,1,0,1,1,1,1,1,1,1,1,1,0,1,1,1,1,1,1,0,1,0,1,1,1,1,0,0,1,0,0,0,0,1,0,1,0,0,0
348,-0.660797934401239,1,1,1,0,0,1,1,1,1,0,0,1,1,0,1,1,1,0,0,0,1,1,0,1,1,1,0,1,1,0,0,0,0,1,1,1,1,1,0,0
349,-1.08378625981825,0,0,0,1,0,1,1,0,0,0,1,0,0,0,0,0,0,1,0,0,1,1,0,1,0,0,1,1,0,0,0,0,1,1,1,1,0,1,1,1
350,1.07879107599928,1,0,1,1,1,1,1,0,1,1,1,1,0,1,1,1,1,1,1,0,1,1,0,1,1,0,1,0,0,1,1,1,1,1,1,0,1,0,1,0
351,-0.302940486858344,0,1,0,0,0,1,1,0,1,1,1,0,0,0,1,1,1,1,1,0,0,1,0,1,1,0,1,0,1,0,0,0,1,0,0,0,0,0,0,1
352,-0.446437691575948,1,1,0,1,0,1,0,0,1,1,1,0,1,0,0,1,1,1,1,0,0,1,0,1,1,1,0,0,1,0,0,0,0,0,0,1,1,1,1,0
353,1.31760283369289,1,0,0,0,1,1,1,0,1,1,1,1,1,1,1,1,1,0,1,1,1,1,0,0,1,1,1,0,1,1,0,0,0,0,1,1,0,1,1,1
354,-0.993605041904806,1,0,1,1,1,1,1,1,1,1,0,0,0,0,1,0,0,0,0,0,1,1,0,0,1,0,1,1,1,1,0,0,0,0,0,0,1,1,0,0
355,0.170795082242608,1,0,0,0,1,1,1,0,1,1,0,1,0,1,1,1,1,0,1,0,1,1,1,1,1,1,1,1,0,0,0,0,0,0,1,1,1,1,0,0
356,-0.430983021694659,1,1,0,1,1,1,0,1,1,0,1,1,0,1,0,1,0,0,1,0,0,1,0,1,1,0,0,1,1,0,1,0,0,0,0,0,0,0,0,0
357,1.49322253905626,0,1,0,0,1,1,1,0,1,1,1,0,0,1,1,1,1,1,1,1,1,1,1,1,1,1,1,1,0,1,1,1,1,1,1,1,1,1,0,0
358,-0.87223064145209,1,1,0,0,0,1,1,1,1,0,1,0,0,0,1,1,0,0,0,0,1,1,0,1,0,1,0,1,1,0,0,0,1,0,0,0,1,0,0,0
359,-0.290790936240194,0,1,0,1,1,1,0,1,1,0,1,1,0,0,0,1,1,0,1,0,1,1,0,1,1,0,0,0,0,0,0,0,1,0,1,0,0,1,1,0
360,-0.747859674070284,0,1,0,1,1,1,1,1,1,0,0,0,0,0,1,0,0,0,0,1,0,1,0,1,0,0,0,0,0,1,0,0,0,0,1,0,1,0,1,1
361,0.519107664572113,0,1,1,1,0,1,1,0,1,1,1,1,1,0,1,1,1,1,1,1,1,1,1,1,0,0,1,0,0,0,1,1,1,1,1,0,0,1,1,0
362,-0.363400677008257,1,1,1,1,1,1,0,1,0,1,0,0,1,1,1,1,1,0,1,1,1,1,0,1,0,0,1,1,1,1,1,1,0,0,0,0,1,0,1,0
363,-1.40905977298054,1,0,0,0,1,1,0,0,0,1,1,1,0,0,1,1,1,0,0,0,0,1,1,0,0,0,0,0,0,1,0,0,0,0,0,0,1,0,0,0
364,0.537175416506587,1,1,1,1,1,1,1,1,1,1,1,0,0,1,0,1,1,0,1,0,1,1,1,1,1,0,1,0,1,0,1,0,0,1,0,0,1,1,0,0
365,0.878421689004931,1,1,0,1,0,1,1,1,1,0,1,1,0,0,1,1,1,1,1,0,1,1,1,1,1,0,1,0,1,1,1,1,0,0,1,1,0,1,0,1
366,0.666925154622673,1,1,0,1,0,1,1,1,1,1,0,0,1,1,1,1,1,1,1,0,1,1,1,0,1,1,1,1,0,1,1,0,0,0,0,1,0,0,0,1
367,0.385934981347943,0,1,0,0,0,1,0,0,1,1,0,1,0,0,1,1,1,0,1,0,1,1,1,1,1,0,1,0,0,1,0,1,0,1,0,1,0,0,1,0
368,0.0778289711239828,0,0,0,0,1,1,1,1,1,0,0,1,0,0,0,1,1,0,1,0,1,1,1,1,1,0,1,1,1,0,0,0,0,0,1,1,1,0,0,0
369,0.826595416820932,1,0,0,1,1,1,1,1,1,0,0,0,0,0,0,1,1,0,1,0,1,1,0,1,1,0,1,1,0,1,0,1,0,1,1,1,1,1,0,1
370,-1.67496248155394,0,1,1,0,1,0,1,0,0,0,1,1,1,0,1,0,0,0,0,0,0,1,0,1,0,1,0,0,0,1,0,0,0,0,1,0,0,1,0,0
371,0.731958139147943,0,0,1,1,1,1,0,0,1,1,1,1,1,1,1,1,1,1,1,1,0,1,0,1,1,1,1,1,1,0,0,1,0,1,1,1,0,0,1,0
372,-0.71681438275225,0,0,0,0,1,1,0,1,1,1,1,1,0,1,1,1,0,0,1,0,1,1,0,0,0,0,1,0,0,1,0,0,1,1,1,1,0,0,0,0
373,0.918885155947878,1,1,1,1,1,1,0,1,1,0,0,1,1,1,1,1,1,0,1,0,1,1,0,0,0,1,1,0,0,1,0,0,0,1,0,1,0,1,0,0
374,0.567472151965654,1,0,0,0,1,1,1,0,1,0,0,0,1,0,1,1,1,1,1,1,0,1,1,1,0,0,1,1,0,1,0,0,0,1,0,0,0,0,1,0
375,0.912922807032448,1,1,1,1,1,1,1,0,1,1,1,1,0,1,0,1,1,0,1,0,1,1,1,0,1,0,1,1,1,1,0,1,0,1,0,1,0,0,1,0
376,-0.269817436190065,1,1,1,0,0,1,1,0,1,0,1,1,0,0,1,1,1,1,1,1,1,1,1,1,0,0,0,0,1,0,0,1,0,0,1,0,1,1,0,1
377,-0.0393796892690965,0,1,0,0,1,1,0,1,1,1,1,0,0,1,1,1,0,0,1,1,1,1,1,1,1,1,1,0,1,1,0,0,0,0,1,1,1,1,1,1
378,-0.0496342221607471,0,1,1,0,1,1,1,1,1,0,1,1,0,0,1,1,1,0,1,0,1,1,1,1,0,1,1,0,0,0,1,0,0,0,1,1,1,0,0,0
379,0.63031921522818,0,1,1,1,1,1,0,1,1,1,0,1,0,0,0,1,1,0,1,0,1,1,1,1,0,0,0,1,1,0,0,0,1,1,1,0,0,1,1,1
380,1.0279999815957,0,1,0,0,1,1,0,1,1,1,0,1,0,1,0,1,1,0,1,1,0,1,1,1,1,0,0,1,1,0,0,1,1,1,0,1,0,1,1,1
381,1.22324902198539,1,1,1,1,1,1,1,1,1,1,0,1,1,0,1,1,1,1,1,0,1,1,1,1,1,1,0,1,1,0,0,1,1,1,0,1,1,1,1,1
382,0.426150877224337,1,0,0,1,1,1,1,1,1,1,0,1,1,1,0,1,1,0,1,1,1,1,1,1,1,1,1,0,0,0,0,0,1,1,0,1,1,1,1,1
383,-0.594195160811905,0,1,0,0,0,1,1,1,1,1,1,1,0,0,0,1,0,0,1,1,0,1,0,1,1,0,0,1,0,1,0,0,1,0,1,0,0,0,0,1
384,-1.05132553935987,1,1,0,1,0,1,1,0,0,0,1,1,1,0,1,1,0,0,1,0,1,1,0,0,0,1,1,0,1,1,0,0,1,0,0,0,0,0,1,1
385,-1.20387430828812,0,1,0,1,0,1,0,0,1,1,1,1,1,1,1,0,0,0,0,0,1,1,1,0,1,0,1,1,1,1,0,0,0,0,0,0,0,0,0,0
386,0.667290134478429,1,1,1,1,0,1,1,0,1,1,1,1,1,0,1,1,1,0,1,0,1,1,1,1,1,1,1,1,1,0,0,1,1,0,1,0,1,1,1,0
387,-1.74371197004591,0,1,0,0,1,0,1,0,0,0,1,0,0,0,0,1,0,0,0,0,1,0,0,0,0,0,1,1,0,0,0,0,1,0,0,0,0,0,0,1
388,0.515471961934346,0,1,0,1,1,1,1,0,1,0,1,1,0,0,1,1,1,1,1,0,0,1,0,1,0,0,0,1,0,0,0,0,1,0,1,0,1,1,0,0
389,0.141708979172393,0,1,0,0,1,1,1,0,1,1,1,1,0,1,0,1,1,0,1,0,1,1,1,0,1,0,0,1,0,1,0,0,0,1,0,0,1,1,0,1
390,-1.92688087534386,1,1,1,0,1,0,1,0,0,0,0,1,0,0,1,0,0,0,0,0,0,0,0,1,0,0,0,0,1,0,0,0,0,0,1,0,1,0,0,0
391,-0.9066888983982,0,0,1,1,1,1,1,0,0,1,0,0,0,0,0,1,0,0,0,1,1,1,1,1,0,0,1,1,0,1,0,0,0,0,0,1,1,1,0,0
392,-0.714550122366493,0,0,0,0,0,1,0,1,0,0,0,0,1,0,0,1,0,1,0,0,0,1,0,1,1,1,1,1,0,0,0,0,0,1,0,0,1,0,0,1
393,-0.202619477942682,1,1,0,0,1,1,0,0,1,1,1,0,1,0,0,1,1,0,1,0,1,1,0,0,0,0,1,0,0,0,1,0,0,0,0,1,1,1,0,0
394,-0.85658592255005,0,1,0,1,1,1,1,1,1,0,1,0,0,1,0,1,0,0,1,1,1,1,0,1,1,1,0,0,1,0,1,0,0,1,0,0,1,0,0,0
395,0.484767273519335,0,1,0,0,1,1,1,0,1,1,0,0,1,0,1,1,1,0,1,0,1,1,1,1,0,0,1,0,1,1,1,0,0,0,0,0,0,1,0,0
396,0.701756288656229,1,0,0,0,1,1,1,1,1,1,1,0,0,0,1,1,1,0,1,0,1,1,1,1,1,0,1,1,0,1,0,1,1,0,1,1,1,1,1,0
397,-0.128823429842265,1,0,0,1,0,1,1,0,1,0,1,1,0,0,1,1,1,1,1,0,1,1,1,1,1,1,1,1,1,0,1,0,0,0,1,0,0,1,0,0
398,-1.67904324022445,0,0,0,0,1,1,0,1,1,1,1,0,0,0,1,0,0,0,0,0,0,0,1,1,0,0,0,0,0,1,0,0,1,1,0,0,0,0,0,0
399,0.444624245414974,0,1,1,0,0,1,0,0,1,0,1,1,0,1,1,1,1,1,1,1,1,1,1,1,1,1,0,0,1,1,0,0,1,0,1,0,1,0,0,0
400,2.15381364641699,1,1,1,1,0,1,1,1,1,1,0,1,0,0,1,1,1,0,1,0,1,1,1,1,1,0,1,1,1,1,0,1,0,1,1,1,1,1,1,1
401,0.0624798705878569,0,0,0,1,1,1,1,1,1,0,0,1,1,1,0,1,0,0,1,0,1,1,0,1,1,1,0,1,1,0,0,0,0,0,1,0,0,1,1,1
402,-2.72298511175846,0,1,0,0,1,0,0,0,0,1,0,0,0,0,0,0,0,0,0,0,1,0,0,1,0,0,1,0,0,0,0,0,0,0,0,0,0,0,0,0
403,-1.0674638371045,0,0,0,1,1,0,1,1,1,1,0,0,0,0,0,0,0,0,1,0,1,0,0,1,0,0,0,0,1,1,0,0,1,1,1,0,0,1,0,1
404,-0.520868367000668,0,1,0,1,1,1,1,0,1,1,1,0,0,0,0,1,1,1,1,0,1,1,1,1,1,0,0,1,1,1,0,0,1,1,0,1,1,1,0,0
405,-0.0333923074721295,0,1,0,0,0,1,0,1,1,1,1,1,0,0,1,1,1,0,1,0,1,1,0,0,1,0,0,0,0,0,0,0,0,0,0,0,1,1,1,1
406,0.806466865095361,1,1,0,1,1,1,0,1,1,0,1,1,1,1,1,1,1,1,1,1,1,1,0,1,0,1,0,1,1,1,0,1,0,0,1,1,1,1,1,0
407,0.864021071047666,0,1,1,1,1,1,1,1,1,0,1,0,0,0,1,1,1,0,1,0,1,1,1,1,1,0,0,0,1,1,0,1,0,0,1,1,0,0,1,1
408,0.744283281575574,0,1,0,1,1,1,1,0,1,1,1,0,0,1,1,1,1,0,1,0,1,1,1,1,1,0,1,1,1,1,0,1,0,1,0,0,1,1,1,0
409,-0.0914022651736188,0,0,0,0,1,1,0,0,1,1,1,0,0,1,1,1,1,1,1,1,0,1,0,1,1,0,1,0,0,1,0,0,1,0,0,1,1,0,0,1
410,-1.47773967987532,0,1,0,0,0,0,1,0,1,0,1,0,0,0,1,0,0,1,0,1,1,1,0,0,0,0,0,1,0,0,1,0,0,0,0,0,1,0,1,0
411,-0.876169192338446,0,1,0,1,0,1,1,1,1,1,1,0,1,0,0,0,0,0,1,1,1,1,1,0,0,0,1,0,1,0,0,0,0,0,0,0,1,0,0,0
412,-0.974738953398287,1,1,1,1,0,1,1,1,0,1,0,1,0,0,0,0,0,1,1,0,1,1,1,0,1,0,0,0,1,0,0,0,0,0,0,0,1,1,0,0
413,-0.805221374183019,0,1,1,0,1,1,0,0,1,0,1,0,0,0,1,0,0,0,0,1,1,0,0,0,1,1,0,0,1,0,0,0,1,1,0,0,0,1,1,0
414,0.120692078279849,0,1,0,1,1,1,1,1,1,0,1,1,0,1,1,1,0,0,1,1,1,1,1,1,1,0,0,0,0,0,0,0,0,1,0,0,1,0,1,0
415,0.926982547743537,1,1,0,1,1,1,1,0,1,0,1,1,0,1,1,1,1,0,1,1,1,1,1,1,0,0,1,0,0,1,1,0,0,0,1,1,1,1,0,1
416,1.17167820289886,1,1,0,1,1,1,1,1,1,0,0,1,0,1,0,1,1,0,1,1,1,1,0,1,1,1,0,0,1,0,0,1,1,1,0,1,1,1,0,0
417,-1.21270890736717,0,1,1,1,0,1,1,0,0,1,0,1,0,1,1,0,1,0,0,0,1,0,0,0,1,0,0,0,0,0,0,0,0,0,0,0,1,0,1,0
418,0.245235624888842,0,1,1,0,1,1,1,1,1,1,1,1,0,0,1,1,1,1,1,0,0,1,1,0,1,0,1,0,0,1,0,0,1,1,1,0,0,0,0,1
419,-1.135263060896,0,0,0,0,1,1,0,0,1,0,0,0,0,0,1,0,0,0,0,1,0,0,1,1,1,0,1,1,1,1,0,0,0,0,0,0,1,0,0,1
420,0.349598025703006,1,1,1,1,1,1,1,1,1,0,0,0,0,0,1,1,1,0,1,0,1,1,0,1,1,1,1,0,1,1,0,1,0,1,1,0,1,1,0,0
421,0.135402422024702,0,1,0,0,0,1,0,0,1,1,1,0,0,1,0,1,1,0,1,0,1,1,1,1,1,1,0,0,0,1,0,0,0,1,1,0,0,1,0,0
422,-0.132595747434643,1,0,0,1,1,1,1,1,1,1,1,0,1,0,0,1,0,0,1,0,1,1,1,1,0,0,0,0,1,1,1,1,0,0,0,1,0,0,0,0
423,0.80607684077135,1,1,0,0,1,1,1,0,1,1,1,1,0,0,0,1,1,0,1,1,1,1,1,1,1,0,0,1,1,1,0,1,1,0,1,0,1,0,0,0
424,1.18012194358942,0,1,0,1,1,1,1,1,1,0,0,0,1,0,1,1,1,1,1,0,1,1,1,1,0,0,1,0,1,0,0,1,0,1,1,0,1,1,0,1
425,0.592016095983683,0,1,1,0,1,1,1,1,1,1,1,0,1,0,1,1,1,0,1,1,1,1,1,0,0,1,0,1,0,1,0,0,1,0,0,0,0,0,1,0
426,0.626655778486884,1,1,1,1,1,1,1,1,1,1,1,1,0,1,0,1,1,0,1,1,1,1,1,1,1,0,1,1,1,0,0,0,0,0,1,1,1,1,0,0
427,0.53396970972764,0,1,1,1,1,1,0,1,1,1,1,1,0,0,0,1,1,0,1,0,1,1,1,1,1,0,0,1,0,0,0,0,1,1,1,0,0,1,0,0
428,1.6524118819437,1,1,1,0,1,1,1,0,1,0,1,1,1,1,0,1,1,0,1,1,1,1,1,1,1,0,1,0,1,0,1,1,0,1,1,1,0,0,1,1
429,-1.09996845103855,0,1,0,1,1,1,1,1,1,0,0,0,1,0,1,0,0,0,0,0,0,1,1,1,0,0,0,0,1,1,0,0,0,0,1,0,1,1,0,0
430,-0.503540225482359,1,0,0,0,1,1,1,1,1,1,0,1,0,1,0,1,0,0,1,0,1,1,0,1,0,0,0,0,0,1,0,0,0,1,1,1,1,0,1,1
431,0.458702457555478,0,1,0,1,0,1,0,1,1,1,0,0,1,1,1,1,1,1,1,1,1,1,0,0,1,0,1,1,0,1,1,1,0,1,1,0,1,0,0,0
432,1.10161342891091,1,0,1,1,0,1,1,1,1,1,0,1,1,1,1,1,1,0,1,0,1,1,1,1,1,0,1,0,1,1,0,1,0,0,1,0,0,1,1,0
433,-1.28710908157591,1,1,1,0,0,0,0,0,0,1,0,0,1,1,1,1,0,1,0,0,0,1,1,1,1,0,0,1,0,0,0,0,0,0,1,0,1,0,0,0
434,-0.0494259030152301,1,1,0,1,1,1,0,0,1,1,0,0,0,0,0,1,1,0,1,0,1,1,0,0,1,0,0,1,1,1,0,0,0,0,0,0,1,1,0,0
435,-1.22333838727458,0,0,0,1,0,1,1,1,1,0,0,1,0,0,0,0,0,0,0,0,1,1,0,1,1,1,0,1,0,0,0,0,0,0,0,0,0,1,0,0
436,-0.130916411624775,1,1,1,0,0,1,1,1,1,1,1,1,0,0,0,1,0,1,1,0,1,1,1,1,0,0,1,1,0,1,0,0,1,1,0,0,0,1,1,1
437,-0.960030234231311,0,1,0,1,1,1,0,0,0,0,1,1,1,0,0,1,0,0,1,0,1,1,0,0,0,1,1,0,1,1,0,0,0,0,0,0,0,0,0,0
438,-1.29399829446942,0,0,0,0,0,0,0,0,0,0,0,1,1,0,1,0,0,0,1,0,0,1,0,0,0,1,1,0,0,0,1,0,0,0,0,0,0,1,0,1
439,-1.0453757084634,0,1,0,1,0,1,1,1,0,1,0,1,0,1,0,1,0,1,1,0,1,1,1,0,1,1,1,1,1,1,0,0,1,0,0,0,1,0,1,0
440,-0.489199420030412,1,1,0,1,0,0,0,0,1,1,0,0,1,0,1,1,1,1,0,1,1,1,0,1,0,0,1,0,0,1,0,0,1,0,0,0,1,1,0,0
441,0.156292332727394,0,1,0,1,1,1,1,0,1,0,1,1,1,0,1,1,1,0,1,0,1,1,0,1,0,0,1,0,0,1,0,1,0,1,0,0,0,0,0,0
442,1.67526725307763,1,1,0,1,1,1,1,0,1,0,0,0,1,1,1,1,1,1,1,0,1,1,0,1,1,1,0,0,1,1,0,1,0,1,1,1,1,0,0,1
443,2.97948584488248,1,1,0,1,1,1,1,1,1,1,1,1,1,1,1,1,1,1,1,1,1,1,1,1,1,0,1,1,1,1,0,1,1,1,1,1,1,1,1,0
444,-1.5005844621155,0,1,0,0,0,1,1,0,0,1,0,0,0,1,0,0,0,0,0,1,1,1,1,1,1,0,0,0,0,1,0,0,1,0,1,0,1,1,0,0
445,-1.614743503072,1,1,0,1,1,0,1,0,0,0,1,0,0,0,0,0,0,0,0,0,0,1,1,0,1,0,0,1,1,1,0,0,0,1,1,0,0,0,0,0
446,-0.553619705757013,1,1,1,0,1,1,1,0,1,0,1,0,0,0,0,1,1,1,1,1,1,1,1,1,1,1,0,1,0,0,0,0,0,0,0,0,0,0,0,0
447,1.20169032135411,0,1,1,0,1,1,0,0,1,1,1,1,1,1,1,1,1,1,1,0,1,1,1,1,1,1,0,1,0,0,1,1,1,1,1,0,1,1,1,0
448,-0.485129428180841,0,0,0,0,0,1,1,0,1,0,0,1,0,0,0,1,0,1,1,0,1,1,0,1,1,0,1,0,0,0,1,0,1,0,0,1,1,0,0,0
449,-0.0757314040670714,0,0,0,0,0,1,1,1,1,0,0,1,0,0,1,1,1,1,1,0,0,1,0,1,1,0,1,0,0,0,0,0,0,1,1,0,0,0,1,0
450,-0.85212980201047,1,0,0,0,1,1,1,0,1,0,0,0,0,1,0,1,1,1,0,0,0,1,0,1,1,0,1,1,0,0,0,0,1,0,0,0,0,0,0,0
451,0.107800832208532,1,1,0,1,1,1,1,1,1,0,1,0,0,0,1,1,1,1,0,1,1,1,0,0,0,0,0,0,0,1,0,0,0,0,1,1,1,1,0,1
452,0.444313222838458,1,1,0,0,1,1,1,0,1,1,1,1,1,0,1,1,1,1,1,0,1,1,1,1,0,0,1,0,1,0,1,0,0,1,1,1,0,0,1,1
453,-1.53493878921087,0,1,0,1,0,0,1,0,0,1,0,0,0,1,1,1,1,0,0,0,0,0,1,0,1,0,1,1,1,0,0,0,1,0,1,0,1,1,0,0
454,-0.728221767485138,0,1,0,0,1,1,0,1,1,0,1,1,1,0,1,0,1,1,0,0,1,1,0,1,0,0,0,1,0,0,0,0,0,0,1,1,0,0,0,1
455,1.64300026807245,1,0,1,1,1,1,1,1,1,1,1,1,0,1,1,1,1,1,1,1,0,1,1,1,0,0,1,1,1,1,0,1,1,0,1,0,0,1,1,1
456,-0.0630920034610852,1,1,0,0,0,1,1,0,1,0,0,1,0,0,1,1,1,1,1,0,1,1,0,1,1,1,1,1,0,1,0,0,0,0,1,0,1,1,0,0
457,0.714083179439682,1,0,1,1,0,1,1,0,1,1,1,1,0,0,1,1,1,0,1,1,0,1,0,1,1,0,1,1,0,1,1,0,0,0,1,1,0,1,1,0
458,-1.46816894704976,0,0,0,1,1,0,1,0,0,0,1,0,0,0,1,0,0,0,0,0,1,0,1,0,0,0,0,1,1,0,0,0,0,0,1,0,1,1,0,0
459,1.59414919465662,1,1,1,0,1,1,0,0,1,0,1,1,1,0,1,1,1,1,1,1,1,1,1,1,1,0,0,1,1,1,0,1,1,1,0,0,1,1,1,1
460,-1.09730513290122,0,0,1,1,0,0,0,0,1,0,0,0,0,1,0,0,1,0,1,0,0,0,0,0,1,0,1,1,0,0,0,0,0,0,0,1,1,1,0,1
461,0.73430409248147,0,1,1,1,1,1,1,1,1,1,1,1,1,1,1,1,1,0,1,0,0,1,0,1,1,0,1,0,0,1,0,0,1,0,0,1,1,1,0,0
462,-1.01150529300292,1,1,0,0,0,1,1,0,1,0,1,1,0,0,1,0,0,0,0,0,0,1,1,0,1,0,0,1,0,0,0,0,0,0,1,0,1,1,0,1
463,1.79624074028742,1,0,0,0,1,1,1,1,1,1,1,1,1,1,1,1,1,0,1,0,1,1,0,1,1,1,1,1,0,1,0,0,1,0,1,1,1,1,1,1
464,0.351943727903892,0,1,0,0,1,1,0,1,1,0,1,1,1,1,1,1,1,0,1,0,1,1,1,0,0,0,0,1,0,0,0,0,1,1,0,0,0,1,0,0
465,-1.39706885793444,0,1,0,0,0,0,1,0,0,1,1,1,0,0,0,0,0,0,1,0,0,1,1,0,1,0,0,0,0,0,0,0,0,0,1,0,0,0,0,0
466,2.00059551257879,1,0,0,1,0,1,1,1,1,1,1,0,0,1,1,1,1,0,1,0,1,1,1,1,1,1,1,1,1,1,0,1,0,1,1,1,1,1,0,0
467,0.283826005258585,1,1,0,1,0,1,1,0,1,1,1,1,1,0,1,1,1,0,1,0,0,1,0,0,1,1,1,1,0,1,0,0,0,1,0,0,0,1,0,1
468,1.1553849374361,1,1,0,0,1,1,1,1,1,1,1,1,0,0,1,1,1,1,1,0,1,1,0,1,1,1,1,1,0,1,0,1,0,1,0,0,1,1,0,1
469,0.408814535992048,1,1,1,1,1,1,1,0,1,1,1,1,0,0,1,1,1,1,1,0,1,1,0,1,1,0,0,0,0,1,0,0,0,0,0,0,0,1,1,0
470,-1.24171220865921,0,1,0,0,1,1,0,0,1,0,0,0,0,0,1,0,0,0,0,0,1,0,1,0,1,1,1,0,0,0,0,0,0,1,1,0,1,1,0,0
471,-0.74460721900229,0,0,0,1,0,1,0,1,1,1,1,0,0,0,1,1,1,1,1,0,1,1,0,1,1,0,0,1,1,0,1,0,1,0,1,1,1,1,0,0
472,-0.724963778792129,0,0,0,1,1,1,0,0,1,1,1,0,0,0,0,1,0,0,1,0,1,1,1,0,1,0,1,0,1,1,0,0,0,0,0,1,0,1,0,1
473,-0.245571755249483,0,1,1,0,1,1,0,0,1,1,1,1,0,0,1,1,1,0,1,0,1,1,1,0,1,0,0,0,0,1,0,0,0,0,0,0,0,1,0,0
474,2.58144526303512,1,0,1,0,0,1,0,0,1,1,1,1,0,1,1,1,1,1,1,1,1,1,1,1,1,0,1,1,0,0,0,1,0,1,1,1,1,1,1,0
475,0.718123633991491,0,0,0,0,1,1,1,0,1,1,1,0,0,0,1,1,1,0,1,0,1,1,0,1,1,1,0,1,0,1,0,0,0,0,0,0,0,1,1,1
476,0.783283301045012,1,0,0,1,1,1,1,0,1,0,1,0,0,0,0,1,1,0,1,1,1,1,0,1,1,1,0,0,1,0,0,1,1,0,0,1,1,1,0,0
477,-1.88051874281554,0,0,0,1,1,1,1,0,0,0,0,0,0,0,0,0,0,0,0,0,0,0,1,0,1,0,1,0,1,1,0,0,0,1,0,0,1,0,0,0
478,0.569931494337968,1,1,1,0,1,1,0,1,1,1,1,1,0,0,1,1,1,0,1,1,1,1,1,0,1,0,1,1,1,0,0,0,1,1,1,1,1,1,1,0
479,0.318922117133814,1,1,0,1,0,1,1,1,1,1,1,0,0,0,1,1,0,1,1,0,1,1,1,0,1,0,0,1,1,1,1,0,0,1,1,0,0,1,1,0
480,-1.39696281017551,1,0,1,1,1,1,1,0,0,0,1,1,0,0,0,1,0,0,0,0,1,0,0,1,1,1,0,0,0,0,0,0,0,0,1,0,0,0,0,0
481,-0.00540519616583721,0,1,0,1,0,1,1,0,1,1,1,0,0,0,0,1,1,1,1,0,1,1,1,1,0,0,0,1,0,0,0,0,0,1,0,0,0,1,0,0
482,-0.838779891755106,0,1,0,0,1,1,1,0,1,1,0,1,0,1,0,0,1,0,1,0,1,0,1,1,0,0,0,0,0,1,0,0,1,1,1,0,1,0,0,1
483,0.0867928242387113,1,0,1,0,1,1,0,1,1,0,1,0,0,0,1,1,1,0,1,1,1,1,1,1,1,0,0,1,0,1,1,0,0,1,1,0,1,0,1,0
484,0.548665140733695,1,1,0,0,1,1,0,1,1,1,1,1,0,0,0,1,1,0,1,1,1,1,1,1,1,1,1,0,1,1,0,1,0,1,0,0,1,1,1,0
485,-0.2284008501818,1,0,0,0,1,1,0,1,1,1,0,1,0,0,1,1,0,1,1,0,1,1,0,1,1,1,0,1,0,1,0,0,1,0,0,1,0,1,0,0
486,0.545967706097301,0,0,0,0,0,1,1,1,1,0,1,0,1,1,1,1,1,1,1,1,1,1,0,0,1,0,0,0,0,1,1,1,0,1,1,1,1,1,0,0
487,-0.0634126741624125,1,1,1,1,1,1,1,0,1,0,1,1,1,0,0,1,1,0,1,0,0,1,0,0,1,1,0,1,0,1,0,0,1,0,0,0,1,1,0,1
488,0.151534791829638,1,1,0,1,1,1,0,0,1,1,0,1,0,0,1,1,1,0,0,0,0,1,1,1,1,0,1,0,1,0,0,1,1,1,0,0,0,1,0,0
489,-0.376619186490002,1,1,0,0,0,1,1,0,1,1,1,1,0,0,1,1,0,0,1,0,1,1,0,1,1,0,0,0,1,1,0,0,1,0,1,0,0,1,0,0
490,1.45517366581738,0,1,0,1,1,1,0,0,1,1,1,1,0,0,1,1,1,1,1,0,0,1,1,0,1,1,1,1,1,0,0,1,1,0,1,0,1,1,1,0
491,0.0427589035100325,0,1,0,1,1,1,1,1,1,0,0,0,0,1,1,1,0,1,1,0,0,1,0,1,1,1,1,1,0,1,0,0,1,1,0,1,1,1,1,1
492,-0.875748180700743,1,0,0,0,0,1,1,0,1,0,0,1,0,0,1,0,0,0,1,0,1,1,0,1,1,0,1,0,1,1,0,0,1,0,0,0,0,0,0,0
493,0.607254523426143,1,1,1,0,1,1,1,0,1,1,1,1,1,0,1,1,1,0,1,0,0,1,1,0,1,0,1,0,1,1,1,0,0,0,1,0,1,0,1,0
494,-1.06315417197074,1,1,0,1,0,0,0,0,1,1,0,1,0,0,0,0,1,1,0,0,1,1,0,0,1,0,0,0,1,0,0,0,0,1,1,0,0,1,0,0
495,-0.967267140009051,0,1,1,0,1,1,0,1,0,1,0,0,1,1,1,1,0,0,1,1,0,1,0,0,1,1,1,0,1,0,0,0,0,0,1,0,0,1,1,0
496,0.319488475160852,1,0,0,1,1,1,0,0,1,0,0,1,1,0,1,1,1,1,1,0,1,1,0,0,1,0,1,1,1,1,0,1,0,1,0,0,1,1,1,1
497,-1.65479177093785,1,0,1,1,1,1,0,0,0,1,0,0,1,0,1,0,0,1,0,0,1,1,0,0,0,0,0,0,0,1,0,0,0,1,0,0,0,1,0,0
498,0.819930644627733,0,1,0,0,1,1,0,1,1,1,1,0,0,0,1,1,1,1,1,0,1,1,1,1,1,0,1,0,1,1,1,1,1,0,1,1,1,0,0,1
499,-1.09168455600908,1,1,1,1,1,1,1,0,1,1,0,0,0,0,0,0,0,1,0,0,1,1,1,0,1,0,0,0,1,0,0,0,0,0,0,0,1,0,0,0
500,-0.625429159365359,0,0,1,1,0,1,0,1,1,1,0,0,1,0,0,1,1,0,0,1,0,1,0,1,0,0,1,0,0,1,0,0,1,0,0,0,0,0,0,1
501,0.849253656481301,1,0,1,0,0,1,1,0,1,1,0,0,1,0,1,1,1,1,1,1,1,1,0,1,1,0,0,1,0,1,0,0,1,0,0,1,1,1,0,0
502,-1.23039832324507,0,0,0,1,1,1,1,1,0,0,0,0,0,0,1,0,0,0,0,0,1,1,0,1,0,0,0,1,0,0,0,0,0,1,0,0,0,1,0,0
503,0.0382094213926846,1,1,1,1,1,1,1,1,1,0,1,1,0,1,0,1,1,0,1,0,1,1,1,1,1,0,0,1,0,1,1,0,0,0,0,1,1,1,0,0
504,0.459828023656332,1,1,0,1,1,1,1,0,1,1,1,1,0,0,1,1,1,0,1,0,1,1,1,1,1,1,0,1,1,0,0,0,0,1,1,0,0,1,1,0
505,0.660754250355509,0,1,0,1,0,1,1,1,1,0,1,1,0,0,1,1,1,0,1,1,1,1,0,1,1,1,0,0,0,1,0,1,0,1,1,1,1,1,1,0
506,1.08739681002142,1,1,1,1,1,1,0,1,1,1,1,1,0,1,1,1,1,0,1,0,1,1,0,1,1,1,1,1,1,1,0,0,0,0,1,0,0,0,0,1
507,-0.515429805296039,1,1,0,1,1,1,1,1,1,1,1,0,0,0,0,0,1,1,1,0,1,1,1,0,1,0,0,0,0,0,1,0,1,0,1,1,0,1,0,0
508,1.07206395691409,1,1,0,0,0,1,0,1,1,1,1,1,0,0,1,1,1,0,1,1,0,1,1,1,0,1,1,1,1,0,0,1,1,0,1,1,1,0,0,0
509,-0.419323929830556,1,0,0,0,1,1,1,1,1,1,0,1,0,0,0,1,1,1,1,1,1,1,0,0,1,0,1,1,0,0,0,0,0,0,1,0,1,1,0,0
510,0.373791074904696,1,0,0,0,1,1,1,1,1,0,0,0,0,0,0,1,1,0,1,0,1,1,1,1,1,0,1,0,1,0,0,0,1,1,1,1,0,0,1,0
511,-0.474544476923142,1,0,0,0,1,1,0,1,1,1,1,0,1,0,0,0,0,1,1,0,1,1,1,0,1,0,1,0,1,1,0,0,0,0,0,0,1,0,0,0
512,0.78749363904811,1,1,1,1,0,1,1,0,1,1,1,1,0,0,1,1,1,0,1,0,1,1,1,1,1,0,0,1,1,1,0,0,0,0,0,1,0,0,0,1
513,0.243097810234652,1,0,1,1,1,1,1,1,1,1,1,1,0,0,1,1,1,0,1,0,1,1,1,1,1,1,1,1,0,0,0,0,1,0,1,1,1,0,0,1
514,2.00482000274313,1,1,1,1,1,1,1,0,1,1,1,1,1,1,1,1,1,1,1,0,1,1,0,1,1,0,1,1,1,1,1,1,0,1,1,1,1,0,0,1
515,-0.131244338877063,1,0,0,1,0,1,1,1,1,1,1,1,1,0,1,1,1,1,1,0,1,1,1,0,1,1,1,0,1,0,0,0,0,0,0,1,1,0,1,0
516,1.76886271645891,1,1,0,0,0,1,1,1,1,1,1,1,0,0,1,1,1,1,1,0,1,1,1,0,1,0,1,0,1,0,0,1,1,1,1,0,0,1,0,0
517,-0.0282289944171918,1,1,0,1,1,1,0,0,1,1,0,1,0,1,1,1,1,0,1,0,0,1,1,0,0,0,1,0,0,0,0,0,1,1,0,1,0,1,0,0
518,-0.651853732185003,0,1,0,1,1,1,0,0,1,0,0,0,0,0,0,1,1,0,0,0,1,1,0,0,1,1,1,0,0,1,0,0,0,1,1,0,1,0,0,0
519,1.26895546918302,0,1,0,1,1,1,1,1,1,1,1,1,1,0,1,1,1,1,1,0,1,1,1,1,1,0,1,1,1,0,1,1,1,0,1,0,0,1,1,1
520,1.09181130749205,0,1,0,0,1,1,1,1,1,1,1,1,1,0,1,1,1,1,1,0,1,1,1,1,1,1,1,1,0,1,1,0,1,1,1,1,0,1,1,0
521,-2.45979387833346,0,0,0,0,1,0,0,0,0,0,0,1,0,0,0,0,0,0,0,0,1,1,0,0,0,0,0,0,1,1,0,0,0,0,1,0,0,1,0,1
522,3.68503918215031,0,0,1,0,1,1,0,0,1,0,1,1,1,1,1,1,1,1,1,1,1,1,1,1,1,1,1,0,1,1,1,1,1,1,1,1,1,0,1,1
523,-0.0819667376145606,0,1,1,0,1,1,1,0,1,1,1,1,1,0,1,1,1,1,1,1,1,1,0,1,1,1,0,1,0,0,0,0,0,0,1,1,0,0,0,0
524,-1.14483600279356,0,0,0,1,1,1,1,0,0,0,0,1,0,1,1,0,1,0,1,0,0,1,1,0,0,0,0,0,1,0,0,0,0,0,0,0,1,1,1,1
525,1.08778616331736,0,1,0,1,0,1,1,1,1,0,0,1,1,1,1,1,1,0,1,0,1,1,1,1,1,1,0,0,1,0,0,1,0,1,0,0,0,1,1,1
526,-0.0842514022601426,1,0,0,0,1,1,1,1,1,0,0,1,1,1,1,1,1,1,1,0,1,1,1,1,1,1,1,0,1,1,1,0,0,0,0,1,1,1,0,0
527,-0.539186799788083,0,0,0,0,0,1,1,1,1,1,0,1,0,0,1,1,0,0,1,0,1,1,0,1,0,0,1,0,0,0,1,0,0,1,1,1,0,1,0,1
528,-0.0489787176663172,1,1,1,1,1,1,1,1,1,0,1,1,1,1,1,1,1,1,1,0,1,1,0,0,1,0,0,1,0,1,0,0,0,0,0,0,1,1,1,1
529,1.05405166333633,0,1,0,1,1,1,1,1,1,1,0,1,0,0,1,1,1,0,1,1,1,1,0,1,1,0,1,1,0,1,0,0,0,1,1,1,1,1,0,1
530,-0.914401191301013,0,1,0,0,1,1,1,0,1,1,0,0,0,0,1,1,1,0,1,0,0,1,1,0,1,0,0,1,0,0,0,0,0,0,0,1,1,0,0,1
531,-0.38563288577527,0,1,0,1,1,1,1,0,1,0,1,0,0,1,0,0,0,0,1,1,0,1,1,1,1,0,1,0,1,1,0,0,1,0,1,1,1,0,0,0
532,-0.543099518754215,0,0,1,0,0,1,0,0,0,1,0,0,1,1,1,0,0,0,0,0,0,1,0,0,1,0,1,0,0,1,0,0,0,0,1,0,0,0,0,0
533,0.723036612716335,0,1,0,1,0,1,1,0,1,1,1,0,1,1,1,1,1,1,1,0,1,1,1,1,1,0,0,0,0,1,0,1,0,1,1,0,1,0,1,0
534,-0.0610694723937382,0,1,1,1,1,1,0,0,1,0,0,0,0,1,1,1,1,0,1,1,1,1,1,1,1,0,0,1,1,1,0,0,1,1,0,0,1,1,0,0
535,-0.591977455342608,0,1,0,1,0,1,1,1,1,1,0,1,0,0,1,1,1,0,1,0,1,1,1,1,1,0,0,1,1,0,1,0,0,0,1,0,0,1,1,1
536,-1.46011265834419,0,1,0,0,1,1,0,0,1,1,1,0,0,0,1,1,0,1,0,0,1,0,0,0,1,0,0,1,1,0,0,0,0,0,0,0,0,0,0,0
537,-0.356250612992297,0,1,1,1,1,1,1,0,1,0,1,0,0,0,1,1,1,1,1,1,1,1,1,1,1,0,0,1,0,1,0,0,0,0,1,0,1,1,1,0
538,-0.485000610658853,1,1,0,1,0,1,1,0,1,1,0,1,0,1,1,1,0,1,1,0,0,0,0,0,0,1,0,0,0,0,0,0,1,0,0,0,1,1,1,1
539,0.0310083496814387,0,0,0,1,1,1,0,1,1,1,0,0,1,1,0,1,1,1,1,1,1,1,1,0,1,0,1,0,0,1,1,0,0,0,0,0,1,1,1,0
540,2.12018766661356,1,0,1,1,0,1,1,1,1,1,1,0,1,0,0,1,1,0,1,0,1,1,0,1,1,1,1,0,1,1,0,1,1,0,1,1,1,1,1,1
541,-0.636530909117767,0,1,1,0,0,1,1,1,1,1,0,1,1,0,1,1,1,1,0,0,1,1,0,1,1,1,0,1,1,0,0,0,0,0,1,1,0,0,1,0
542,-0.654954604160006,1,1,0,1,1,1,1,1,0,0,0,0,1,0,1,1,0,1,0,1,0,1,1,1,0,0,0,0,1,1,1,0,0,0,1,0,1,1,1,0
543,-2.09819864342268,1,0,1,1,1,0,0,1,0,1,0,0,0,1,0,0,0,0,0,0,1,0,0,0,1,0,0,0,0,0,0,0,0,0,0,0,0,1,0,1
544,-2.878950632628,0,0,0,0,0,0,0,0,0,1,1,0,0,0,0,0,0,0,0,0,1,0,0,1,0,0,0,0,0,1,0,0,0,0,0,0,0,0,0,1
545,1.24133617848545,1,0,0,0,0,1,0,1,1,1,1,0,0,0,1,1,1,0,1,0,1,1,1,0,1,0,1,0,0,0,1,1,1,0,0,1,1,1,1,0
546,-1.89263825955641,1,0,1,1,0,1,1,0,0,0,0,0,1,0,0,0,0,0,0,0,1,1,0,0,0,0,1,0,1,0,0,0,1,0,0,0,0,0,1,0
547,2.85909148338928,0,1,0,1,1,1,1,0,1,1,0,1,0,1,0,1,1,1,1,1,1,1,1,1,1,0,1,1,1,1,1,1,0,1,1,1,1,1,0,1
548,1.83250049060493,1,1,1,0,1,1,0,1,1,1,1,0,1,0,1,1,1,1,1,1,1,1,1,1,1,1,1,0,1,1,1,1,0,0,1,0,0,1,1,0
549,-1.21212126865477,0,1,0,1,1,1,1,1,1,1,1,0,0,1,1,0,0,0,0,0,1,1,0,0,1,0,0,1,0,1,0,0,0,0,0,0,0,1,1,1
550,0.717752443748316,1,1,0,0,1,1,1,1,1,1,0,1,0,1,1,1,1,0,1,1,1,1,1,1,1,1,1,1,1,1,0,1,0,1,0,1,1,1,0,1
551,0.109356768898952,0,1,1,1,1,1,1,0,1,0,0,0,0,1,1,1,1,0,1,1,1,1,1,1,1,0,0,0,0,0,0,0,1,1,0,0,1,0,1,0
552,1.05576084207548,1,1,0,1,1,1,0,1,1,1,1,1,0,0,1,1,1,0,1,0,1,1,1,1,0,0,1,1,1,1,0,1,1,0,1,1,1,0,0,0
553,-1.8179129411866,1,1,0,0,0,1,1,1,0,0,0,0,0,0,0,0,0,0,0,0,1,0,0,0,0,1,0,1,0,0,0,0,0,0,1,0,0,1,0,0
554,0.337299915495983,1,0,0,1,1,1,1,0,1,1,1,0,0,1,1,1,1,0,1,1,1,1,0,1,1,1,1,0,0,0,0,0,1,1,0,1,0,1,1,0
555,1.13011239505302,0,0,0,1,1,1,1,1,1,1,1,1,0,0,0,1,1,0,1,1,1,1,0,1,0,0,1,1,1,1,0,1,0,1,1,0,1,1,0,0
556,0.913963476553308,0,1,1,1,1,1,0,1,1,1,1,1,1,0,1,1,1,0,1,1,1,1,0,1,1,1,1,1,1,0,0,0,0,0,0,0,0,0,1,0
557,0.938873881912176,1,1,1,0,0,1,1,0,1,0,0,1,0,1,1,1,1,0,1,0,1,1,0,0,1,1,0,1,1,0,0,0,0,1,0,0,1,1,1,1
558,-0.226253953090555,0,1,0,1,1,1,1,0,1,1,1,0,1,0,1,1,0,0,0,0,1,1,1,1,1,0,1,0,1,1,0,0,1,1,0,0,0,1,0,0
559,-0.0520904305929068,1,1,1,0,0,0,0,0,1,0,1,1,1,0,0,1,1,0,1,0,1,1,1,1,1,0,0,0,0,1,0,0,0,1,0,1,1,1,0,0
560,-0.379195459396016,1,1,0,0,0,1,0,1,1,0,1,1,0,0,1,0,1,1,0,0,1,1,0,0,1,0,0,0,1,1,0,0,1,0,0,0,1,1,1,0
561,0.681058710165916,1,1,0,1,1,1,1,1,1,1,1,1,0,0,1,1,1,1,1,0,1,1,1,1,0,0,1,1,0,1,1,1,0,1,1,1,1,1,0,0
562,-1.17500598231227,1,0,0,0,1,1,1,0,1,0,1,1,1,0,1,1,0,0,1,0,0,0,1,0,0,0,0,0,0,0,0,0,0,0,0,1,1,1,0,0
563,0.745141291174094,1,0,1,0,0,1,1,1,1,0,1,1,0,0,0,1,1,1,1,0,0,1,0,0,1,1,1,1,1,0,1,0,0,1,0,1,1,0,1,0
564,1.45434718525658,0,0,0,1,1,1,1,1,1,1,1,1,0,0,0,1,1,1,1,1,1,1,0,0,0,0,0,1,1,1,1,1,0,1,0,1,0,1,1,1
565,-0.269849110298147,0,1,1,0,0,1,0,0,1,1,1,0,0,0,1,0,1,0,1,0,1,1,0,1,0,0,1,1,0,1,1,0,0,1,1,0,0,0,0,0
566,0.353872387803594,0,1,0,1,0,1,1,0,1,1,1,1,1,0,0,1,1,1,1,0,1,1,1,1,1,1,1,0,0,0,0,0,1,0,1,1,0,0,0,0
567,0.878913479172648,1,0,0,1,1,1,1,1,1,1,0,1,0,0,0,1,1,1,1,1,1,1,1,1,1,0,0,0,1,0,0,1,1,1,1,1,1,1,0,0
568,-1.37125890272591,1,0,1,0,0,1,1,1,1,1,1,0,0,0,0,1,0,0,0,1,0,1,0,1,1,0,0,1,0,0,0,0,0,0,0,0,1,0,0,0
569,0.345986383861177,0,1,1,0,0,1,0,1,1,1,1,1,0,1,0,1,1,1,1,1,1,1,1,1,1,1,1,1,0,1,0,1,0,0,1,1,0,0,0,0
570,0.39881555776127,1,1,0,1,1,1,0,1,1,1,0,0,1,0,1,1,1,0,1,1,1,1,1,0,1,0,1,0,0,0,0,0,1,0,1,0,1,0,0,0
571,0.0490204574015107,1,1,1,0,0,1,0,1,1,1,1,1,0,0,0,1,1,0,1,0,1,1,1,1,1,0,0,0,0,1,1,0,1,0,1,1,0,1,1,0
572,-0.635685592840549,1,1,1,0,1,1,0,0,1,1,0,0,1,1,1,0,0,1,0,0,0,0,1,0,1,0,1,1,0,0,0,0,0,0,0,0,0,0,1,0
573,0.62538718822846,1,1,0,0,0,1,1,1,1,1,1,0,0,1,0,1,1,0,1,1,1,1,1,1,1,1,1,1,0,1,0,1,0,1,1,1,1,1,1,0
574,-0.229109167071778,1,1,0,1,1,1,1,1,1,1,1,1,1,0,0,1,1,0,1,0,1,1,0,1,0,0,1,0,0,1,0,0,0,0,1,0,0,0,0,1
575,-0.218611899971115,0,0,1,0,1,1,1,0,1,0,1,1,0,1,1,1,0,0,1,1,1,1,1,1,0,0,1,0,1,1,0,0,1,0,1,0,1,0,0,1
576,0.335387588987079,0,1,1,1,1,1,1,0,1,1,1,1,0,0,1,1,1,1,1,0,1,1,0,1,1,0,1,0,0,0,0,0,1,0,1,0,0,0,0,1
577,0.489157810965064,0,1,0,0,1,1,1,1,1,1,1,1,1,1,0,1,1,1,1,0,1,1,0,1,1,0,0,1,1,0,1,0,0,1,1,0,0,1,1,0
578,2.05878999170773,1,1,0,1,1,1,0,0,1,1,1,1,1,0,0,1,1,1,1,1,1,1,1,1,1,1,1,0,1,1,1,1,1,1,1,1,1,1,1,1
579,-0.488483188046179,1,0,0,1,1,1,1,0,1,1,0,0,0,0,1,0,1,0,0,1,1,1,1,1,1,0,0,0,0,1,0,0,1,0,0,0,1,1,0,0
580,-1.0149805942157,0,0,0,0,0,1,1,0,1,0,1,1,1,0,1,0,0,0,0,0,0,1,1,0,1,0,1,0,0,0,0,0,1,0,0,0,1,0,0,0
581,0.95191386233413,1,1,1,1,1,1,1,1,1,0,0,1,1,0,0,1,1,0,1,0,1,1,0,1,1,0,1,1,1,0,1,1,0,1,0,0,1,1,0,0
582,-1.08726230434367,0,0,0,1,0,1,0,0,0,1,1,0,1,0,1,1,0,0,1,0,1,1,1,1,0,0,0,0,0,1,0,0,0,0,0,1,0,0,1,0
583,-1.31010506461392,0,0,0,0,1,1,0,0,1,1,1,0,0,1,1,0,0,1,1,0,1,0,1,0,0,0,1,0,1,0,0,0,1,0,1,0,0,1,0,0
584,-0.274067617530405,0,1,0,1,1,1,1,0,1,1,1,1,0,0,1,1,0,1,1,1,0,1,0,1,1,0,1,1,0,0,0,0,1,0,0,0,0,1,1,1
585,0.170676901991932,0,0,1,1,1,1,1,1,1,1,0,1,0,0,0,1,1,0,1,0,1,0,1,0,1,0,0,0,0,1,0,1,0,0,0,1,1,0,0,0
586,0.0782384745131004,0,1,1,1,1,1,1,0,1,0,1,1,0,0,1,1,1,0,1,0,0,1,0,1,1,0,1,1,1,0,0,0,0,1,1,0,1,0,0,1
587,-0.92736064704545,0,0,0,0,0,1,1,1,1,1,1,1,0,0,0,1,0,0,1,0,1,1,0,0,1,0,0,0,1,0,0,0,0,0,0,0,0,1,0,0
588,-1.13127919718034,0,1,0,1,1,1,1,1,1,1,0,0,0,0,1,1,0,0,1,0,1,1,0,1,0,0,0,0,0,0,0,0,0,0,1,0,1,1,0,0
589,-0.532682239192316,1,1,1,1,0,1,0,1,1,0,0,1,0,0,1,0,0,0,0,0,0,1,0,0,1,0,0,0,0,1,1,0,1,1,1,1,1,0,1,0
590,-0.319230079625955,0,1,0,1,1,1,0,0,1,1,1,1,0,0,1,1,0,1,1,0,1,1,0,0,1,0,1,1,0,1,0,0,1,0,1,0,1,1,0,0
591,0.993129089414444,1,1,0,0,0,1,1,1,1,1,1,0,0,1,1,1,1,0,1,1,0,1,1,1,1,0,1,1,0,0,0,1,1,1,0,0,1,1,1,1
592,-0.875740738680399,1,1,0,1,0,1,1,0,0,1,0,0,0,0,1,1,0,0,1,0,1,1,1,0,1,0,0,0,0,0,0,0,0,1,1,1,1,1,1,0
593,-1.15104765766027,0,1,0,0,0,1,1,0,0,0,1,0,1,1,0,0,0,0,0,0,1,1,0,0,1,0,1,0,0,0,0,0,0,1,1,0,1,0,0,1
594,1.14476493569543,1,1,0,0,1,1,1,1,1,0,0,1,1,0,1,1,1,1,1,0,1,1,1,0,1,0,1,1,1,1,0,1,0,0,0,1,1,1,1,1
595,0.403017271955688,1,0,0,0,1,1,1,1,1,1,1,1,1,0,1,1,1,1,1,0,1,1,0,1,0,1,1,0,0,1,0,0,0,0,0,1,1,1,1,1
596,-0.0734081834268148,1,0,0,0,0,1,0,1,1,1,0,0,1,0,0,1,0,0,1,0,1,1,1,0,1,0,1,1,0,0,0,0,0,1,1,1,1,0,1,0
597,-0.92981338387839,0,1,0,0,1,1,1,0,1,0,1,0,0,0,0,1,0,1,0,0,0,0,0,0,1,0,0,0,0,1,0,0,1,1,0,0,0,0,1,0
598,1.8489592853284,1,1,1,1,1,1,1,1,1,1,0,0,0,1,1,1,1,1,1,1,1,1,1,1,0,0,1,1,1,0,1,1,1,0,0,0,1,1,1,1
599,-0.154766180413254,0,1,0,0,1,1,0,0,1,1,0,1,0,0,1,1,1,0,1,0,1,1,1,1,1,1,1,0,0,0,0,0,1,1,1,0,1,1,1,1
600,1.54270742800707,0,1,0,0,1,1,1,1,1,1,1,1,1,1,1,1,1,1,1,1,1,1,0,0,1,1,0,1,1,1,1,1,1,1,1,1,1,1,0,0
601,-0.111884905378346,1,1,0,0,1,1,1,0,1,0,0,1,0,0,0,1,1,1,1,0,1,1,0,1,1,0,0,0,0,1,1,0,0,0,0,0,0,1,0,0
602,3.31638112851519,1,1,1,1,1,1,1,1,1,1,1,1,0,1,1,1,1,1,1,1,1,1,1,1,1,1,1,1,1,1,0,1,1,1,1,1,0,1,0,0
603,-0.356989132661442,0,0,0,1,0,1,0,0,0,0,1,1,1,0,0,1,1,1,1,1,1,1,1,0,1,0,0,0,0,1,1,0,1,0,0,1,0,0,0,1
604,-1.12580743210227,0,1,1,1,0,1,0,0,0,0,0,0,1,0,1,0,0,0,0,0,0,0,0,1,1,0,0,0,0,1,0,0,0,0,1,0,1,1,0,0
605,-0.639045190535515,1,1,1,1,0,1,0,1,1,1,0,1,0,0,1,1,0,0,1,0,1,1,0,1,1,0,0,1,1,1,1,0,1,0,1,1,0,0,0,0
606,-1.95558501835742,0,1,0,0,1,0,1,0,0,0,1,0,0,1,0,0,0,0,0,0,1,0,0,0,0,0,0,1,0,1,0,0,1,0,0,0,0,0,0,1
607,-1.75343518491054,0,1,1,0,0,1,0,1,1,1,0,0,1,0,0,0,0,1,1,0,0,1,0,1,0,0,1,0,1,1,0,0,0,0,0,0,0,1,0,0
608,1.11602513997516,1,1,0,0,0,1,1,1,1,1,1,1,1,0,1,1,1,1,1,0,1,1,1,1,1,0,1,0,0,1,0,0,1,0,0,0,0,0,1,0
609,0.456758526663157,0,1,1,1,0,1,1,1,1,1,1,0,1,0,1,1,1,1,1,0,1,1,1,1,0,1,0,0,0,0,0,0,0,1,1,0,1,1,0,1
610,0.84497474553552,1,0,0,0,1,1,1,0,1,1,1,0,0,1,0,1,1,1,1,1,1,1,1,0,0,1,1,0,0,1,0,0,0,0,0,1,1,1,0,0
611,-0.903062659536529,0,0,1,0,1,1,1,0,1,1,1,1,1,0,0,1,1,0,0,1,0,1,0,1,0,0,0,1,0,1,0,0,0,0,1,0,0,1,1,0
612,-0.789974893094205,0,1,0,0,1,1,0,1,1,1,1,1,0,0,1,1,0,1,1,0,0,1,1,1,1,0,0,0,0,0,0,0,1,0,0,0,1,0,0,0
613,0.793757658838426,0,1,1,0,1,1,1,1,1,0,0,1,1,1,1,1,1,1,1,1,1,1,0,1,1,0,1,1,1,1,0,1,1,0,1,0,1,0,0,0
614,0.445760220296489,1,0,0,1,1,1,1,0,1,1,1,1,0,0,0,1,1,0,1,0,1,1,1,0,1,0,0,0,0,1,0,1,1,0,0,0,0,1,1,0
615,1.62646720924469,1,0,0,0,1,1,1,1,1,0,0,1,0,1,1,1,1,1,1,1,1,1,1,1,1,1,1,1,0,0,0,1,0,1,0,1,0,0,1,0
616,1.47847779087872,1,0,0,0,1,1,1,1,1,1,1,1,0,1,0,1,1,1,1,0,1,1,1,1,0,0,1,1,1,0,0,0,1,0,1,1,1,1,1,1
617,-0.849303171548519,0,1,0,0,1,1,1,1,1,0,0,1,0,0,1,1,1,1,0,0,1,0,0,0,0,1,0,0,0,1,1,0,1,0,1,0,1,1,0,1
618,0.356899421571244,1,1,1,0,1,1,0,1,1,0,0,1,1,1,1,1,1,1,1,1,1,1,1,1,1,0,1,0,1,1,1,1,0,1,1,0,1,1,0,0
619,-1.03560387170071,1,1,0,0,1,1,0,1,1,1,1,1,0,0,0,0,0,0,0,0,0,0,0,1,1,0,1,0,1,1,1,0,1,0,0,0,1,1,0,0
620,0.0237428285218688,0,1,0,1,0,1,1,0,1,0,1,1,1,0,1,1,1,1,1,0,1,1,0,0,0,0,0,0,1,1,0,0,1,1,0,1,1,1,0,0
621,-0.0149953585006225,0,1,1,1,1,1,1,1,1,1,1,0,0,0,1,1,1,0,1,0,1,1,0,0,1,0,1,0,0,0,0,0,0,0,0,1,0,1,0,0
622,-0.167934517972172,1,1,0,0,0,1,1,1,1,0,1,1,0,0,0,1,1,1,0,0,0,1,1,0,1,0,0,0,0,1,0,0,1,0,1,0,1,1,0,0
623,-0.244980517107992,0,0,1,1,1,1,1,1,1,0,0,1,0,0,1,1,1,1,1,0,1,1,0,1,0,0,1,1,0,1,0,0,0,1,0,0,1,1,0,0
624,-2.18499251377632,1,0,0,0,0,0,0,0,0,1,0,1,0,0,0,0,0,0,0,1,1,0,1,0,0,0,0,1,1,0,0,0,0,0,1,0,0,0,0,0
625,-0.262110830157301,0,1,1,0,0,1,1,1,1,0,1,0,0,0,0,1,0,0,1,0,0,1,1,1,1,1,1,0,0,0,0,0,1,1,1,0,0,1,0,1
626,0.605157277291533,1,1,1,0,1,1,0,1,1,0,0,1,0,1,1,1,1,0,1,0,1,1,0,1,0,1,1,0,1,1,0,0,1,0,1,0,0,1,1,0
627,1.31998281315087,1,1,1,1,1,1,0,1,1,1,1,1,0,0,1,1,1,1,1,1,1,1,0,1,1,1,1,0,1,1,1,1,1,1,1,1,1,1,1,0
628,0.701389401084342,1,1,0,0,1,1,1,0,1,1,1,0,0,0,1,1,1,0,1,1,1,1,1,0,1,0,0,1,1,1,1,1,1,1,0,1,0,1,1,0
629,-0.00995481856199563,0,0,0,1,0,1,1,1,1,0,0,0,0,0,0,0,1,0,1,1,0,1,1,1,0,1,0,0,1,1,0,0,1,1,0,0,1,0,0,1
630,2.62886086601792,1,1,0,1,0,1,1,1,1,1,1,1,0,1,0,1,1,1,1,1,1,1,1,1,1,1,1,1,1,1,0,1,1,1,1,0,0,1,1,0
631,0.271427347430823,0,0,0,1,1,1,0,0,1,0,1,1,1,1,0,1,1,0,1,0,1,1,1,1,1,0,1,1,0,1,0,1,0,1,1,1,1,1,0,1
632,0.70485831603879,0,0,0,0,1,1,0,1,1,1,0,1,0,1,1,1,1,0,1,0,1,1,1,1,0,0,1,0,0,1,1,1,0,0,1,1,1,1,0,0
633,0.0994257345407083,0,1,1,1,0,1,1,1,1,0,1,1,1,0,1,1,1,0,1,1,1,1,0,1,1,1,1,1,1,0,0,0,1,0,0,0,1,1,1,0
634,0.563956562487631,0,1,1,1,1,1,1,1,1,0,1,1,0,1,0,1,1,0,1,0,1,1,1,1,1,0,0,1,0,0,0,0,1,0,1,0,1,0,1,0
635,-0.0567911972320193,0,1,0,1,0,1,1,0,1,1,1,1,1,0,0,1,0,0,1,0,1,1,1,0,0,0,1,0,1,0,0,0,0,0,1,0,0,1,0,1
636,0.909247114432698,1,1,0,1,1,1,1,1,1,1,1,1,0,0,1,1,1,0,1,0,1,1,0,1,0,1,1,0,0,1,0,0,0,0,1,0,1,1,0,0
637,-0.13357727018654,1,1,0,0,1,1,0,1,1,0,1,1,0,0,1,1,1,0,1,0,1,1,1,0,1,0,1,0,1,1,0,0,0,0,1,1,0,1,0,1
638,-0.181288894898522,0,1,0,0,0,1,1,1,1,1,1,0,0,0,0,1,1,1,1,1,1,1,0,1,1,1,1,0,0,1,0,0,0,0,0,1,0,1,0,1
639,0.264719904358254,1,0,0,1,1,1,1,0,1,0,0,1,0,1,1,1,1,1,1,0,0,1,0,1,1,0,1,0,1,1,0,0,1,0,0,1,0,0,0,1
640,-0.616730185475595,1,1,0,1,1,1,1,0,1,1,0,1,1,0,0,0,1,1,1,1,1,1,1,1,1,0,1,1,1,0,0,0,0,1,1,0,1,0,0,0
641,-0.874794472733803,0,0,0,0,0,1,0,0,1,1,0,0,0,0,0,0,0,0,1,0,1,1,1,1,0,0,1,0,0,0,0,0,1,1,0,0,0,1,0,0
642,-1.08771946208645,0,1,1,0,1,1,0,0,0,1,1,0,1,1,0,1,1,1,0,0,1,0,1,1,1,0,0,0,1,1,0,0,0,0,0,0,1,0,0,1
643,-1.37199377424492,0,0,0,0,0,1,1,0,1,1,0,0,0,0,0,1,0,1,0,0,0,1,1,1,1,0,0,0,0,0,0,0,1,0,0,0,1,1,0,0
644,1.28692627086341,0,1,1,1,0,1,1,1,1,1,0,0,1,1,1,1,1,1,1,0,1,1,0,1,1,1,1,1,1,1,0,1,1,1,1,0,0,1,0,0
645,-1.22761883017478,0,0,0,0,1,1,1,0,1,1,1,1,0,0,1,0,0,1,0,0,1,1,0,1,0,0,0,1,1,0,0,0,0,1,0,0,1,1,0,1
646,0.205063753048192,1,1,1,0,0,1,1,0,1,1,1,0,1,0,1,1,1,0,1,0,1,1,1,1,0,1,0,0,0,0,0,1,0,0,0,1,0,0,1,0
647,0.236756006013875,0,1,1,0,0,1,0,1,1,1,0,1,1,1,1,1,0,0,1,0,1,1,0,1,1,1,1,1,0,1,0,0,1,1,1,0,1,0,1,0
648,-0.276600198531334,0,1,0,0,1,1,1,1,1,1,1,1,0,1,1,1,1,0,1,0,0,1,1,1,1,0,1,1,1,0,0,0,0,0,0,0,0,1,0,0
649,-0.918828877633682,1,0,0,0,1,1,1,0,1,0,0,0,0,0,1,1,0,0,0,0,1,0,0,0,1,0,0,0,0,0,0,0,0,0,0,1,0,1,1,0
650,0.196797355285529,1,1,0,0,0,1,1,1,1,0,1,0,0,1,0,1,1,0,1,0,1,1,0,1,0,0,1,1,0,1,0,0,1,0,0,1,0,1,1,0
651,-1.25320334592222,1,0,0,0,0,0,1,0,0,0,0,1,0,0,0,0,0,0,0,0,1,1,1,1,1,0,0,0,0,1,0,0,0,0,1,1,0,1,0,1
652,-0.221399713422162,1,1,0,0,1,1,0,0,1,1,1,1,0,1,0,1,1,0,1,0,1,1,1,0,1,0,0,0,0,0,0,0,0,0,1,1,1,0,1,0
653,-0.107474873710165,1,1,1,0,0,1,1,0,1,1,1,1,0,0,0,1,1,0,1,0,1,1,0,1,0,0,0,1,0,1,0,0,0,1,0,1,1,0,1,1
654,-1.1222699228874,1,0,1,0,1,1,1,0,1,0,0,1,0,0,1,0,0,1,0,0,0,1,1,1,0,0,1,0,0,1,0,0,0,0,1,0,1,1,0,1
655,-0.681165058099302,0,0,0,0,1,1,1,0,1,1,1,1,0,0,0,1,0,1,1,0,1,1,1,1,1,0,1,0,0,0,0,0,1,0,0,0,1,1,1,0
656,1.93856220637655,1,1,1,1,0,1,1,1,1,1,1,0,1,1,1,1,1,0,1,1,1,1,0,1,1,0,1,0,0,1,0,1,1,1,1,1,1,1,1,0
657,-0.346033809514318,1,0,0,1,0,1,1,0,1,0,0,0,0,0,0,1,1,1,0,0,1,1,0,0,0,0,0,1,1,0,0,0,0,0,1,0,0,1,0,1
658,0.165482864175547,1,0,0,0,0,1,1,0,0,0,1,1,1,0,1,1,0,1,1,1,0,1,1,1,0,0,0,0,0,0,0,0,0,1,1,0,1,1,0,0
659,2.30018856182623,1,1,1,1,1,1,1,0,1,1,1,1,0,1,1,1,1,1,1,0,1,1,1,0,1,1,1,1,1,1,0,1,1,1,1,1,1,1,1,0
660,1.23634938131212,1,1,1,1,1,1,1,1,1,0,0,1,0,0,1,1,1,0,1,0,1,1,0,1,1,0,1,1,1,0,0,1,1,1,0,0,0,1,1,1
661,-0.888515654700866,1,0,0,1,0,1,0,1,1,1,1,0,1,0,1,0,0,0,0,0,0,1,0,1,1,0,0,1,0,1,0,0,1,0,0,0,1,0,1,1
662,0.373834085985446,0,1,0,0,1,1,1,1,1,1,1,0,0,1,0,1,1,1,1,0,1,1,1,1,1,1,0,1,0,0,0,0,0,1,1,0,0,0,1,0
663,0.414086622095922,1,0,0,1,0,1,0,0,1,0,1,1,0,1,1,1,1,0,1,0,0,1,0,0,1,1,1,1,1,1,1,0,1,1,0,1,1,1,0,1
664,0.000657869730730627,0,0,0,1,1,1,1,0,1,1,0,1,1,1,1,1,0,1,1,0,0,1,0,1,1,0,0,1,0,0,0,0,0,0,0,0,1,0,0,0
665,1.02396549357074,1,1,1,0,0,1,1,0,1,1,1,1,0,1,1,1,1,0,1,0,1,1,1,0,1,0,0,1,0,1,0,1,0,0,1,0,1,0,1,0
666,0.165187508456076,0,1,0,1,0,1,0,0,1,0,1,1,0,0,0,1,1,0,1,1,1,1,0,1,1,1,0,0,0,1,0,1,0,0,1,1,1,1,0,0
667,-1.84693308581054,0,1,0,0,0,0,1,0,0,0,0,1,0,1,0,0,0,0,0,1,0,0,0,1,0,0,1,0,0,0,0,0,0,0,0,0,0,0,0,0
668,2.23948335676693,1,1,1,1,1,1,1,1,1,1,1,1,0,0,0,1,1,1,1,1,1,1,1,1,1,1,1,1,1,1,0,1,1,1,0,1,1,1,1,0
669,-0.541964633671051,0,1,0,1,1,1,1,1,1,1,0,0,1,0,1,1,0,0,0,0,1,0,1,0,1,0,0,1,1,1,0,0,1,1,1,0,1,1,1,0
670,0.202398108734554,1,1,0,1,0,1,1,0,1,1,1,1,0,0,0,1,1,0,1,0,1,1,1,0,0,0,1,0,0,1,0,0,0,0,1,0,1,1,1,1
671,0.371418577054641,1,1,0,1,1,1,1,0,1,0,0,1,1,1,1,1,1,1,1,0,1,1,0,1,1,1,0,1,0,0,0,0,1,1,0,0,1,0,0,0
672,0.445754616505537,0,0,0,0,1,1,1,1,1,1,1,1,0,1,1,1,1,0,1,1,1,1,1,1,1,0,0,1,0,0,0,0,0,1,1,0,1,1,0,0
673,0.376667141183405,0,1,0,1,0,1,1,1,1,1,0,1,0,1,1,1,1,1,1,1,1,1,0,1,1,0,1,0,0,1,1,0,0,0,1,1,1,1,0,1
674,1.00068489630412,1,1,1,1,1,1,0,1,1,1,1,1,0,1,0,1,1,0,1,1,1,1,1,1,0,0,1,1,1,0,0,1,0,0,1,0,1,1,0,0
675,-1.95639204038971,0,0,0,1,0,0,0,0,0,0,0,1,0,0,1,0,0,1,0,0,1,0,0,1,0,1,1,0,1,1,0,0,0,0,0,0,1,0,1,0
676,-0.36619947836738,1,1,0,0,1,1,1,0,1,1,1,1,1,0,0,1,0,0,1,1,1,1,0,0,1,0,0,1,0,0,0,0,1,0,0,0,0,1,0,0
677,-1.79158779063759,1,1,0,0,1,1,1,1,0,1,0,1,1,0,0,0,0,0,0,0,1,0,1,0,0,0,0,0,0,0,0,0,0,0,0,0,0,1,0,0
678,-1.34952951960685,0,1,0,0,1,1,1,1,0,1,1,0,1,0,0,0,0,0,0,0,1,0,0,0,1,0,0,0,0,1,0,0,0,0,0,1,0,0,0,0
679,-1.59441676333377,0,0,0,1,1,0,0,0,0,1,1,0,1,0,0,0,0,1,0,0,1,0,1,0,1,0,0,0,0,0,0,0,0,0,0,0,0,0,0,1
680,0.551811279519424,0,1,0,1,1,1,1,0,1,1,1,1,0,0,1,1,1,0,1,1,1,1,1,1,1,0,0,1,1,1,0,0,1,0,0,0,0,0,1,0
681,-0.205144834972846,0,1,0,1,0,1,1,0,1,0,1,0,1,0,0,0,1,0,1,0,1,1,1,1,1,0,1,1,0,1,0,0,1,1,0,1,1,1,0,0
682,2.65725191599439,1,1,1,0,0,1,1,0,1,1,1,1,1,1,1,1,1,0,1,0,1,1,0,1,1,1,1,1,1,1,1,1,1,0,0,1,1,1,0,0
683,1.10981894946262,1,1,0,1,0,1,1,1,1,1,1,0,1,1,1,1,1,1,1,1,1,1,1,0,1,0,1,1,0,1,1,1,1,1,1,1,1,1,1,0
684,0.175605933377419,0,0,1,0,0,1,1,0,1,1,0,0,0,0,1,1,1,0,1,0,0,1,1,1,1,0,1,0,0,0,0,0,1,0,1,0,1,0,0,1
685,-0.356943517291414,1,1,0,0,1,1,0,0,1,1,0,0,1,0,0,0,1,1,1,0,0,1,0,0,0,1,0,0,0,1,0,0,0,1,0,1,1,0,0,0
686,0.165738008508765,0,1,0,1,1,1,1,0,1,1,1,1,0,0,0,1,0,0,1,0,1,1,1,1,1,1,1,0,1,1,0,0,1,1,0,1,0,1,0,0
687,0.302298746063852,0,0,0,0,1,1,1,1,1,0,1,0,0,0,1,1,1,0,1,0,1,1,1,0,1,0,0,0,0,1,1,0,0,1,0,0,1,0,0,0
688,1.02397306872588,0,1,1,1,1,1,0,1,1,1,1,1,1,1,1,1,1,0,1,0,1,1,1,1,1,0,0,1,1,0,1,1,1,0,1,0,1,1,0,0
689,-0.0813865951601046,0,1,0,1,1,1,1,0,1,1,1,0,0,0,1,1,0,1,1,0,1,1,1,1,0,0,0,1,1,1,0,0,1,0,1,1,1,0,0,0
690,0.0707220585391384,1,0,1,1,0,1,1,0,1,1,0,0,0,0,1,1,1,0,1,1,1,1,1,1,0,0,0,1,0,0,0,0,1,0,1,0,0,1,0,0
691,1.78016247601291,1,1,0,1,1,1,1,1,1,1,1,1,1,1,1,1,1,1,1,1,1,1,1,1,1,1,1,0,0,1,1,1,1,0,0,1,1,1,0,0
692,-0.88237334380187,0,1,0,0,1,0,1,0,1,0,1,0,0,0,1,0,0,0,1,0,1,0,0,0,1,0,0,1,1,0,1,0,0,0,0,1,1,0,0,1
693,1.30475563145218,1,1,0,0,1,1,1,1,1,0,1,1,0,1,1,1,1,1,1,1,1,1,1,0,1,1,1,0,0,0,1,1,1,1,1,0,0,1,1,0
694,-0.450907103561277,1,1,0,0,0,1,1,0,1,0,0,0,0,1,0,1,0,1,0,0,0,1,1,0,1,0,0,1,0,1,0,0,0,1,0,0,0,0,0,0
695,-1.31989966282134,0,1,0,1,1,1,1,0,1,0,0,0,1,0,1,1,0,1,0,0,0,1,1,0,1,0,0,0,0,0,0,0,0,0,0,1,0,1,0,1
696,2.55505989775438,1,1,1,0,1,1,1,0,1,0,1,0,1,0,1,1,1,1,1,1,1,1,1,0,1,1,1,1,1,1,1,1,0,1,1,1,1,0,1,0
697,-1.12174112191336,0,1,1,1,1,1,1,0,1,1,1,0,0,1,1,0,0,1,0,0,1,1,0,0,0,0,0,0,0,1,1,0,0,0,0,0,0,0,0,0
698,0.109933947300449,0,1,0,0,0,1,1,0,1,1,0,1,1,0,1,1,0,1,0,1,1,1,0,1,1,0,1,0,1,1,0,0,0,0,0,0,1,0,0,0
699,0.340627948929795,1,1,1,0,1,1,1,0,1,1,1,0,0,1,0,1,1,1,1,1,1,1,0,0,1,0,1,1,1,0,0,0,0,1,0,0,0,1,0,0
700,1.23170171449451,1,0,0,1,0,1,1,1,1,0,1,1,0,0,1,1,1,1,1,0,1,1,0,0,1,0,0,1,1,1,0,0,1,0,1,0,1,1,1,1
701,-1.25248663691731,0,0,0,0,1,1,1,0,1,0,1,1,0,0,1,0,0,0,1,0,1,1,0,0,1,0,1,1,0,0,0,0,0,1,0,0,1,1,0,0
702,-1.44823150098521,0,0,0,1,1,1,1,0,0,0,0,1,0,0,0,0,0,1,0,0,0,1,0,0,0,1,0,0,0,1,1,0,0,0,0,0,1,1,0,0
703,-0.408104745800917,1,1,0,1,1,1,1,1,1,1,0,0,0,1,0,0,1,0,1,0,1,1,1,0,0,0,0,0,1,1,0,0,0,0,0,1,0,1,0,0
704,-0.93063565528544,0,0,1,1,1,1,0,1,1,0,1,0,1,0,1,1,0,0,1,0,1,1,0,0,1,0,1,1,0,0,0,0,0,0,0,0,0,0,1,1
705,-0.471019680866467,0,0,0,1,0,1,1,0,1,1,1,1,0,0,1,1,1,0,0,0,1,1,0,0,1,0,0,0,1,0,0,0,1,0,0,1,0,0,0,0
706,0.157598207996408,1,0,1,1,0,1,1,1,1,1,0,1,1,0,0,1,1,1,1,1,1,1,0,1,1,1,1,1,0,1,0,0,1,0,1,1,1,0,0,0
707,0.0150370555785898,1,1,1,1,1,1,1,0,1,0,1,1,1,0,0,1,1,0,1,1,1,1,1,0,0,0,1,0,1,0,0,0,1,1,0,1,1,1,0,0
708,1.05118729245948,0,1,0,0,1,1,1,0,1,1,1,1,0,0,1,1,1,0,1,0,0,1,1,1,1,0,1,0,0,1,0,0,1,0,0,1,1,1,1,0
709,0.222027975236372,0,1,0,1,1,1,1,1,1,1,1,1,0,0,1,1,1,1,1,1,1,1,1,1,0,0,1,1,0,1,0,0,0,1,1,0,1,0,0,0
710,-1.08357997035517,0,0,0,1,0,1,1,1,0,1,1,1,0,0,1,1,0,0,0,0,0,0,1,0,0,0,1,1,1,1,0,0,1,0,1,0,0,0,0,1
711,0.0860981045618977,0,0,1,0,0,1,1,0,1,0,1,0,0,0,1,1,1,0,1,0,1,1,1,1,1,0,0,1,1,0,1,0,1,0,0,1,0,1,1,1
712,-0.219273314167452,1,1,0,0,0,1,0,0,1,0,1,1,0,0,1,0,1,0,1,1,1,1,0,1,0,0,0,0,0,1,1,0,1,1,1,0,0,0,0,0
713,-1.04962909989928,1,0,0,1,0,1,1,0,0,1,0,1,0,0,1,1,0,0,0,0,0,1,1,1,1,0,1,0,0,1,0,0,1,0,1,0,0,1,0,0
714,1.57027505854834,1,0,1,0,1,1,1,0,1,0,1,0,0,0,1,1,1,1,1,0,1,1,1,1,1,0,1,0,0,1,1,1,1,1,1,0,1,1,1,0
715,-0.537642952395732,0,1,0,0,1,1,0,1,1,0,1,0,0,0,1,0,1,0,1,0,1,1,0,0,0,0,1,0,0,1,0,1,0,0,0,0,1,0,0,1
716,0.197806777763597,1,0,0,0,0,1,1,0,1,1,0,1,0,0,0,1,1,0,1,0,1,1,1,1,0,0,0,0,0,1,0,0,0,0,0,1,1,0,0,1
717,-0.636387918072632,0,1,0,0,1,1,1,0,1,0,1,1,0,0,1,1,0,0,0,1,1,1,1,0,1,0,1,1,1,1,0,0,0,0,0,0,1,1,0,0
718,-0.245872033643532,0,1,0,1,0,1,1,0,1,1,1,0,0,1,1,1,1,0,1,0,1,1,1,0,1,1,1,1,0,1,0,0,0,0,0,1,1,0,1,0
719,-1.64423977270061,0,1,1,0,1,1,0,0,0,0,0,1,0,0,0,0,0,1,0,1,1,1,0,0,1,0,0,0,0,1,0,0,0,0,0,0,0,0,0,0
720,-0.479684948428063,0,1,0,0,0,1,1,1,0,0,0,0,1,0,1,1,0,0,1,0,1,1,1,1,1,0,1,0,1,0,0,0,1,1,0,0,1,1,1,1
721,0.151169908741398,1,0,0,0,1,1,1,0,1,1,0,1,0,0,0,1,0,0,1,0,0,1,0,1,1,0,0,1,1,0,0,0,1,0,0,1,1,1,0,1
722,0.310801418903062,0,1,0,0,1,1,1,1,1,1,1,1,1,0,1,1,1,1,1,0,1,1,1,1,1,1,0,0,0,0,0,0,1,0,1,1,0,1,0,0
723,-0.128249472210202,1,1,1,1,0,1,0,1,1,1,1,1,0,0,0,1,0,1,1,0,1,1,1,1,1,1,0,0,0,0,0,0,0,0,0,0,0,0,0,0
724,0.805521523773575,1,1,1,0,1,1,0,1,1,1,1,0,1,1,0,1,1,0,1,0,0,1,1,0,1,0,1,0,1,1,0,0,0,0,0,1,0,0,1,1
725,-0.261769116767524,0,0,1,1,1,1,1,1,1,1,0,1,0,1,0,1,1,1,1,0,1,1,1,0,1,0,1,0,0,1,0,0,1,0,1,1,0,1,0,1
726,-0.642062139255916,0,0,0,1,1,1,1,0,1,1,1,0,0,0,0,0,0,0,1,0,1,1,0,0,0,1,1,1,0,0,0,0,0,0,1,0,1,0,0,1
727,0.780327853631533,1,1,1,1,1,1,1,0,1,0,1,0,0,1,1,1,1,1,1,0,1,1,0,1,1,1,1,1,1,1,0,1,1,1,1,0,1,1,0,1
728,0.967334158527021,0,1,1,1,1,1,0,1,1,0,0,1,0,1,1,1,1,0,1,1,1,1,1,0,1,0,1,1,0,0,0,1,1,1,1,0,0,1,0,1
729,0.0174948914780478,0,1,1,0,0,1,1,0,1,0,0,0,1,0,1,1,1,1,1,0,1,1,0,0,1,0,1,1,0,0,0,0,1,1,0,0,0,1,0,1
730,-3.06968096194761,0,0,0,0,0,0,0,0,0,1,0,0,1,0,0,0,0,0,0,0,0,0,1,0,1,0,0,1,0,0,0,0,1,0,0,0,0,0,0,0
731,0.909692979666751,1,1,0,0,1,1,0,0,1,1,1,1,1,0,1,1,1,1,1,1,1,1,1,1,1,0,1,1,0,0,0,0,0,1,1,1,1,0,0,0
732,1.34358955687159,1,1,0,1,1,1,1,0,1,1,1,0,1,0,1,1,1,1,1,0,1,1,1,0,1,1,0,1,1,0,1,1,0,1,1,0,1,1,1,0
733,0.485367833064854,1,0,0,0,1,1,1,0,1,1,1,0,0,0,1,1,1,0,1,0,1,1,1,1,1,0,0,1,0,0,0,0,1,1,1,0,1,1,1,0
734,1.06278997147023,0,1,0,0,0,1,1,0,1,1,0,1,1,1,1,1,1,0,1,1,1,1,0,1,1,0,1,1,1,1,1,1,0,0,1,0,1,1,0,0
735,-1.67362374677225,0,1,0,1,1,1,1,1,1,1,0,0,0,0,0,0,0,0,0,1,0,0,1,1,1,0,0,0,1,0,0,0,0,0,0,0,0,1,0,1
736,0.189160895974072,0,1,0,1,1,1,1,1,1,0,1,1,0,0,0,1,1,0,1,0,0,1,1,1,1,0,0,0,0,1,1,0,1,0,0,0,0,1,0,1
737,-1.34251026465953,0,1,0,0,1,1,1,0,1,0,0,0,0,0,0,0,0,0,0,0,1,0,1,1,0,1,0,1,0,1,0,0,0,0,0,0,0,0,0,0
738,-0.903501661797978,1,1,0,0,0,1,1,0,1,0,1,1,0,1,0,1,0,0,0,0,1,1,0,1,0,0,0,0,0,0,0,0,1,0,1,0,0,1,0,0
739,-2.29970690887791,1,0,0,0,0,0,1,0,0,0,0,0,0,0,0,0,0,0,0,0,1,0,1,0,0,0,1,1,1,0,0,0,0,0,0,0,0,0,0,1
740,0.402395082170627,0,1,0,1,1,1,0,1,1,0,0,0,1,0,1,1,1,1,1,0,1,1,0,1,0,0,1,1,1,0,0,0,0,1,0,0,1,1,1,0
741,0.578092647313543,0,0,1,1,1,1,1,0,1,0,0,1,1,1,0,1,1,0,1,0,1,1,1,1,1,0,1,0,1,1,1,0,1,0,1,0,1,1,1,0
742,-1.16573694587816,0,0,0,1,1,1,1,0,1,0,0,1,1,0,0,0,0,0,0,0,0,1,0,1,1,1,0,1,0,0,0,0,1,0,1,0,0,0,0,1
743,-1.07593032514858,0,1,1,0,0,1,0,0,1,1,1,1,0,0,1,0,0,0,0,1,1,0,1,0,1,0,1,0,1,1,0,0,1,0,1,0,1,1,0,0
744,-1.6146133944732,0,0,0,0,1,1,0,1,0,1,1,0,0,0,1,0,0,0,0,0,1,1,1,1,1,0,1,0,0,0,0,0,1,0,1,0,1,0,0,0
745,-1.74205426738241,0,0,0,0,1,1,1,0,0,0,1,0,0,0,1,0,0,0,0,0,1,1,0,0,1,0,0,1,1,0,0,0,0,0,0,0,1,0,0,0
746,1.13933698061414,1,1,0,0,1,1,1,1,1,0,1,1,0,1,1,1,1,1,1,0,0,1,1,1,0,0,1,0,0,1,1,1,0,0,0,0,0,1,1,0
747,-0.413418508712984,0,0,0,0,0,1,0,0,1,1,1,0,0,0,1,1,0,1,0,1,1,1,0,0,1,1,1,0,0,1,0,0,0,0,0,1,1,0,0,0
748,-0.76304774074121,0,0,0,0,1,0,1,0,1,0,1,1,0,1,1,1,0,1,1,0,1,0,0,0,1,0,1,0,1,1,0,0,0,0,0,1,1,1,0,0
749,-1.73014820043256,1,0,0,1,1,0,1,0,0,1,1,0,0,0,1,0,0,0,0,1,0,0,0,0,1,1,1,0,0,0,0,0,0,0,0,0,0,0,1,0
750,1.74385893788762,1,0,0,1,1,1,1,1,1,1,0,0,1,1,1,1,1,0,1,0,0,1,1,1,1,1,1,0,0,0,1,1,1,0,1,1,1,1,0,0
751,-0.175269570438024,1,1,0,0,0,1,1,0,1,1,1,1,0,1,1,1,0,1,1,1,0,1,0,1,1,0,0,1,0,0,0,0,0,0,1,0,1,0,0,0
752,0.436701914506407,0,1,0,1,1,1,1,0,1,1,1,1,0,1,1,1,1,0,1,1,1,1,0,1,0,0,1,0,0,1,0,0,0,1,1,0,0,1,1,0
753,0.845904288694115,0,1,0,1,0,1,0,0,1,1,0,1,1,1,1,1,1,1,1,1,1,1,0,1,1,0,1,1,1,1,0,0,0,1,1,0,1,1,0,0
754,0.861280991480608,1,1,1,0,1,1,0,0,1,1,0,1,0,0,1,1,1,1,1,1,0,1,0,1,1,1,1,0,1,1,0,1,0,1,1,0,0,1,0,0
755,1.22769787352483,1,1,0,0,1,1,1,0,1,0,1,0,1,0,1,1,1,0,1,0,1,1,1,1,1,0,0,1,0,1,0,1,1,0,0,1,0,0,1,0
756,0.459334286223288,0,1,0,0,0,1,1,1,1,1,0,1,0,0,0,1,1,0,1,1,1,1,1,0,1,1,1,0,0,1,0,0,0,0,1,0,1,1,0,1
757,0.118799988031126,1,1,0,0,1,1,1,1,1,1,1,1,0,0,1,1,1,1,1,0,1,1,0,0,1,1,1,1,1,1,0,0,1,1,0,0,0,1,0,0
758,0.0751166387157434,0,1,0,1,0,1,0,0,1,1,0,0,1,1,1,1,0,0,1,0,1,1,1,1,1,0,1,1,1,0,0,0,1,1,1,1,0,0,0,0
759,0.269552718268514,1,0,0,1,1,1,1,1,1,1,1,1,0,1,1,1,1,1,1,0,1,1,0,1,0,0,1,1,1,0,0,0,0,0,0,0,0,1,0,0
760,-2.02162644608751,0,1,0,0,0,1,0,0,0,0,0,1,0,0,1,0,0,0,0,0,1,0,0,0,0,0,0,0,1,0,0,0,0,0,0,0,1,0,1,0
761,-1.20186365615632,0,1,0,0,1,1,1,0,1,1,0,0,0,1,0,0,0,0,0,0,1,0,1,1,1,0,0,0,1,0,0,0,0,0,1,1,0,1,0,0
762,2.34708993058547,0,1,0,1,1,1,0,1,1,1,1,1,1,0,1,1,1,0,1,1,1,1,1,1,1,1,1,1,1,1,1,1,1,0,1,1,1,1,1,0
763,-0.0540664044878703,0,1,0,0,1,1,0,1,1,1,1,0,1,1,1,1,1,1,1,0,1,1,1,1,1,0,0,1,1,0,0,0,1,1,1,1,0,1,0,1
764,-1.35669928759717,0,1,0,0,0,0,0,1,1,0,1,1,0,0,1,0,0,0,0,0,0,1,0,0,1,0,1,1,0,1,0,0,0,0,1,1,1,1,1,0
765,1.3896207872861,0,0,0,0,1,1,1,1,1,1,1,0,0,0,1,1,1,1,1,1,1,1,1,1,1,0,1,0,0,1,0,0,1,1,0,0,0,1,0,0
766,-0.240360767958724,1,1,0,1,1,1,1,1,1,1,1,0,0,0,0,1,1,0,1,0,0,1,1,1,1,0,0,1,1,0,0,0,0,0,1,0,1,0,0,1
767,0.221699969250078,1,0,1,0,1,1,0,0,1,0,1,1,1,0,1,1,0,0,1,0,1,1,1,1,1,1,0,0,0,1,0,0,1,1,0,0,1,0,1,0
768,-1.37575578343327,0,1,0,1,0,1,1,0,1,0,0,0,0,0,1,0,0,1,0,0,1,1,0,1,1,0,0,1,0,0,0,0,0,0,0,0,0,1,1,0
769,-0.975318745544905,1,0,1,1,1,1,1,1,0,0,1,0,1,0,0,1,1,0,1,0,1,1,0,0,1,0,1,1,1,0,0,0,1,0,0,0,1,0,1,0
770,-0.762172098614497,0,0,0,0,1,1,1,1,0,1,1,0,0,0,0,1,0,0,0,0,1,1,1,1,0,0,1,0,0,0,0,0,1,0,0,0,0,0,0,0
771,-0.653118934473974,0,1,0,0,1,1,0,1,1,1,1,1,0,0,0,1,0,0,1,1,1,1,1,0,0,0,0,0,0,0,0,0,1,0,0,0,1,0,0,0
772,-1.31988892258933,0,0,0,0,0,1,1,0,0,1,1,1,1,0,0,0,0,0,0,0,1,0,0,0,0,0,0,1,0,0,0,0,1,0,1,0,1,0,0,0
773,-0.413542753442085,0,1,0,0,1,1,0,0,1,1,0,1,0,0,0,1,1,0,1,0,1,1,0,0,1,0,1,0,0,0,0,0,1,0,0,0,1,0,0,0
774,-1.11048937865207,0,1,1,1,1,0,0,0,1,1,1,1,0,0,1,0,0,0,0,0,1,1,0,1,1,1,0,1,0,0,1,0,1,0,0,0,0,0,0,0
775,0.0756519100909522,0,0,1,0,1,1,1,0,1,0,1,1,0,0,0,1,1,0,1,0,1,1,1,1,1,0,1,0,0,1,0,0,0,0,0,0,1,1,0,0
776,-0.946186266369073,0,0,0,1,1,1,0,0,1,1,1,0,0,0,1,1,0,0,1,1,1,1,1,1,1,1,1,0,1,0,0,0,0,0,1,0,1,1,0,1
777,0.681468726474516,1,0,0,1,1,1,1,1,1,0,1,1,0,1,0,1,1,1,1,1,1,1,1,0,1,1,1,1,1,0,1,1,1,0,0,0,0,1,0,0
778,-1.35454067079587,1,1,0,0,0,1,1,0,1,0,1,1,1,0,1,1,0,0,0,0,1,0,0,0,0,0,0,0,0,0,0,0,0,0,1,0,0,1,0,0
779,0.95551019770179,0,0,1,1,1,1,1,0,1,1,0,1,0,0,1,1,1,0,1,0,1,1,1,1,1,0,0,1,1,1,1,0,1,1,0,0,1,1,0,1
780,0.114463968192708,0,1,0,0,1,1,0,0,1,1,1,1,0,0,1,1,1,0,1,0,1,1,0,0,1,0,1,1,0,0,1,0,0,1,0,0,1,1,0,0
781,1.1094239195208,0,1,1,0,0,1,1,0,1,1,1,0,0,1,1,1,1,1,1,0,1,1,1,1,1,0,1,0,0,1,1,1,1,0,1,1,0,0,0,0
782,0.181909967996724,1,1,1,0,1,1,1,1,1,1,1,1,1,0,1,1,1,1,1,0,1,1,1,1,1,1,1,0,0,1,0,0,1,0,0,0,1,0,1,1
783,-0.526748261546531,0,1,0,0,0,1,1,0,1,1,0,1,0,0,0,1,0,0,1,0,1,1,1,1,1,0,1,0,0,0,0,0,0,0,0,0,0,1,0,0
784,0.360495079321014,1,0,0,1,1,1,1,0,1,0,0,0,0,0,1,1,1,1,1,0,1,1,1,1,1,1,1,0,1,1,0,0,1,1,0,0,1,0,0,0
785,-0.907174999827697,0,0,0,0,1,1,0,0,1,1,1,1,0,0,1,1,1,0,1,0,1,1,0,0,1,1,1,0,0,0,0,0,0,0,1,1,1,0,1,1
786,1.53694744352745,1,0,0,0,0,1,1,1,1,1,1,1,1,0,1,1,1,0,1,1,1,1,1,1,1,1,1,1,1,1,0,1,1,0,1,1,1,1,0,0
787,-0.4650740259178,1,0,1,1,1,1,0,1,1,1,0,0,0,0,0,0,1,0,0,0,1,1,0,0,0,1,0,0,0,1,0,0,1,1,1,0,1,1,0,0
788,-0.0796399118189794,1,1,1,0,1,1,0,1,1,1,1,1,0,1,1,1,1,1,1,1,1,1,0,0,1,0,1,1,1,0,0,0,0,0,1,0,0,1,0,0
789,0.215671359711239,1,0,0,0,0,1,1,0,1,1,1,1,0,0,1,1,1,0,1,1,1,1,0,1,1,0,0,0,1,1,0,1,0,0,1,0,1,1,1,0
790,-0.651905947811128,1,0,1,0,1,1,1,0,1,1,0,1,1,0,1,0,1,0,0,0,0,1,1,0,1,0,0,0,0,0,0,0,0,1,1,0,0,1,0,0
791,-0.985345949073298,0,1,0,1,0,1,1,0,1,1,0,0,0,1,0,1,0,0,1,0,1,0,0,0,0,0,1,0,1,1,0,0,0,0,0,0,0,1,0,1
792,1.88074906531446,1,1,0,1,1,1,1,1,1,1,1,1,0,1,1,1,1,1,1,1,1,1,0,1,1,0,1,1,1,1,0,1,0,1,1,1,1,1,0,0
793,-1.86478286952888,0,0,0,1,0,0,0,0,0,1,0,0,0,0,1,0,0,0,0,0,1,0,0,0,0,0,1,0,0,0,0,0,0,0,0,0,1,1,0,0
794,-0.6194039778495,0,1,0,0,0,1,1,0,1,0,1,0,0,0,1,0,1,0,1,0,1,1,0,1,1,0,1,0,1,0,1,0,0,0,0,0,0,1,1,0
795,0.888574402768669,1,1,0,1,1,1,1,1,1,1,0,0,1,0,1,1,1,1,1,1,0,1,1,1,0,0,0,0,0,1,0,0,1,1,1,0,1,1,0,1
796,-0.518688421031775,0,1,0,0,1,1,1,1,1,1,1,0,0,0,0,1,1,1,1,0,1,1,1,0,1,0,0,1,1,0,0,0,0,0,1,0,0,1,0,0
797,1.23750639687408,1,1,0,0,1,1,1,1,1,0,1,1,1,1,1,1,1,1,1,1,1,1,1,1,0,1,0,0,0,0,0,1,0,0,0,0,1,0,0,1
798,-0.357244486279175,1,1,0,0,1,1,1,1,1,1,1,0,0,1,0,1,1,1,1,1,1,1,1,0,1,0,0,0,0,0,0,0,0,0,1,1,0,1,1,1
799,-0.752893290444175,1,0,0,0,0,1,1,0,1,1,0,1,1,1,0,1,1,0,0,0,0,1,1,0,1,0,1,0,1,0,1,0,1,0,0,0,1,1,0,1
800,0.237538152971184,1,1,0,1,1,1,1,0,1,0,0,1,0,1,1,1,1,0,1,1,1,1,1,1,1,0,0,1,1,0,0,0,1,0,0,0,1,1,0,0
801,0.566377674006015,1,1,1,0,1,1,1,1,1,0,1,0,0,1,1,1,1,0,1,0,1,1,0,1,1,0,1,1,0,0,1,1,0,1,1,1,1,1,1,1
802,2.56678893622467,0,1,1,1,1,1,1,1,1,1,1,1,0,0,1,1,1,1,1,1,1,1,1,1,1,0,1,1,0,1,0,1,0,1,1,1,1,1,0,1
803,-0.165149781901372,0,1,0,0,1,1,0,0,1,1,1,0,0,0,1,1,1,1,1,0,1,1,1,0,1,0,1,0,0,1,0,0,1,1,1,1,0,0,1,1
804,0.724918904475522,1,1,0,0,0,1,1,0,1,1,0,1,0,1,1,1,1,1,1,0,1,1,0,1,1,0,1,0,1,0,0,0,1,1,1,1,1,1,0,1
805,-1.75024668760663,0,0,0,1,1,1,0,0,1,1,0,0,0,0,0,0,0,0,0,0,0,0,0,0,1,0,0,0,0,0,0,0,1,0,1,0,1,1,0,0
806,0.738026994854836,1,1,1,1,0,1,1,1,1,0,1,1,0,1,1,1,1,1,1,0,1,1,1,1,1,0,1,1,1,1,0,0,0,1,1,1,0,1,0,1
807,-0.805570081053926,1,0,0,1,1,1,1,0,1,1,1,0,0,0,1,1,0,1,1,1,1,1,1,1,1,0,0,0,0,1,0,0,0,0,0,0,0,0,1,1
808,0.588641761725268,0,1,0,0,0,1,1,0,1,1,1,1,0,0,1,1,1,1,1,0,1,1,0,1,1,1,1,1,0,0,1,1,1,1,1,1,1,1,1,0
809,-0.542629227674821,0,1,0,1,1,1,1,1,1,1,0,0,1,0,1,1,0,0,0,1,1,1,1,0,1,0,1,1,0,0,0,0,1,0,0,0,0,0,0,0
810,0.144707135244111,0,1,0,1,0,1,0,0,1,1,1,1,0,0,0,1,1,1,1,1,1,1,1,1,1,0,1,0,0,1,1,1,0,0,1,0,1,0,0,0
811,1.19332484682467,1,1,1,0,1,1,1,0,1,1,0,1,1,0,1,1,1,0,1,1,1,1,1,1,1,1,1,0,0,1,0,1,0,1,0,0,1,1,0,1
812,1.02750491425928,0,1,0,1,0,1,1,0,1,1,1,1,1,0,1,1,1,0,1,0,1,1,1,0,1,0,0,0,1,1,0,1,0,1,1,0,1,0,1,1
813,-0.105433364389804,1,1,0,1,0,1,1,1,1,0,1,1,0,0,1,1,1,0,1,0,1,1,1,1,1,0,0,0,1,1,1,0,1,0,0,0,0,1,0,1
814,-0.324596160351227,1,1,0,0,0,0,0,1,1,1,0,1,0,0,1,0,1,1,1,0,1,1,1,0,0,0,0,0,1,1,0,0,1,1,1,0,0,0,1,0
815,1.486959011504,0,1,1,1,1,1,0,1,1,1,1,1,1,1,1,1,1,1,1,0,1,1,1,0,1,1,1,1,0,1,0,1,0,0,1,1,1,1,0,0
816,0.160940261189171,1,0,1,1,1,1,1,1,1,1,1,1,0,0,1,1,1,0,1,0,1,1,1,0,0,1,0,0,1,1,1,0,1,1,1,0,1,1,0,1
817,1.45552370805556,1,1,0,1,1,1,0,0,1,1,1,1,0,1,1,1,1,0,1,0,1,1,1,1,1,0,1,0,1,1,0,1,0,1,1,1,1,1,0,1
818,-0.776551982470164,1,1,0,0,1,1,0,0,1,1,1,0,0,1,0,0,1,0,0,0,1,1,1,1,0,0,1,1,0,0,0,0,0,1,1,1,0,1,0,0
819,1.37742767981464,1,1,0,0,1,1,1,1,1,1,1,1,0,0,1,1,1,0,1,1,1,1,1,1,1,0,0,1,1,1,0,1,0,1,1,0,1,1,1,0
820,-2.38474295027801,0,0,0,1,1,0,1,0,0,0,1,1,1,0,1,0,0,0,0,0,0,0,1,0,1,0,0,0,0,0,0,0,0,1,0,0,1,1,0,0
821,-0.245021537379453,0,1,0,0,0,1,1,1,1,1,0,1,0,0,0,1,0,0,0,0,0,1,0,0,1,0,0,1,0,1,1,0,1,1,0,0,0,0,0,1
822,-1.64522289397401,1,0,0,0,0,1,0,0,0,1,1,1,1,0,1,0,0,0,0,0,0,1,0,0,0,0,0,1,0,1,0,0,0,0,0,1,0,0,0,0
823,-0.0858895922885638,1,1,0,1,1,1,1,1,1,1,1,1,0,1,1,1,0,1,1,0,1,1,0,1,0,1,0,0,1,0,0,0,1,1,0,0,0,1,1,0
824,0.566508448372913,0,1,1,1,0,1,1,1,1,1,1,1,1,0,0,1,1,1,1,0,1,1,0,1,1,1,0,0,1,1,0,1,0,1,1,0,0,1,1,1
825,-0.0220242105628621,0,1,0,0,0,1,1,1,1,1,1,1,1,0,0,1,1,0,0,1,1,1,1,1,0,0,1,0,1,0,0,0,0,0,1,0,0,1,1,0
826,-1.07593938491481,1,0,1,0,0,1,1,0,0,1,1,1,0,0,0,0,0,0,0,0,1,1,0,1,1,1,1,0,0,1,0,0,0,0,1,0,0,1,0,0
827,-1.0308470378782,0,1,1,0,0,1,1,0,1,0,0,0,0,0,1,1,0,0,0,1,1,1,1,0,1,0,0,0,1,1,0,0,1,0,1,0,1,1,0,0
828,-0.800715316386468,1,1,1,0,0,0,1,1,1,1,0,1,0,0,1,0,0,0,0,0,1,0,0,0,1,0,0,0,0,0,0,0,1,1,1,1,0,1,1,0
829,1.21263752617331,1,1,1,0,1,1,0,1,1,0,0,1,1,0,1,1,1,1,1,1,1,1,0,1,1,0,1,1,0,1,0,0,1,1,1,1,1,0,0,1
830,-0.141456121381102,0,1,0,1,0,1,0,1,1,0,1,0,1,1,0,1,0,1,1,1,1,1,1,0,1,0,1,1,1,0,0,0,1,1,1,0,1,0,1,1
831,-0.00512340773190619,0,1,1,0,1,1,1,1,1,1,0,0,0,1,0,1,1,0,1,0,1,1,1,1,0,0,1,1,1,1,1,0,0,0,0,0,1,0,0,0
832,1.31520999111036,1,1,0,1,1,1,1,1,1,1,1,1,0,1,1,1,1,1,1,1,1,1,0,1,1,0,1,1,1,1,1,1,0,1,0,1,1,0,1,0
833,-0.500515653438911,0,0,1,1,1,1,1,1,1,1,1,0,1,0,0,1,0,0,1,0,0,1,1,0,1,0,0,0,0,1,0,0,1,0,1,0,1,1,1,1
834,0.344279900251301,1,1,0,0,1,1,1,1,1,0,0,1,0,1,1,1,1,1,1,0,1,1,0,1,0,1,1,1,1,1,1,0,1,0,0,0,0,1,1,1
835,0.456987306369362,0,1,0,0,1,1,0,0,1,0,0,0,0,0,1,1,1,1,1,0,1,1,0,1,1,0,0,0,0,0,1,0,1,1,0,0,1,1,1,0
836,-2.01659483789168,0,0,0,1,1,1,1,0,0,0,0,0,0,0,0,0,0,0,0,0,0,0,0,1,0,0,1,1,0,1,0,0,1,1,0,0,0,1,1,0
837,1.92478209122109,1,1,1,0,1,1,1,0,1,1,1,1,0,1,1,1,1,1,1,1,1,1,1,1,1,0,1,1,0,1,1,1,0,0,0,1,0,1,0,0
838,-0.368562370430673,0,1,0,0,1,1,1,1,1,1,1,0,1,0,1,1,1,0,1,0,1,1,1,0,0,0,1,0,1,0,0,0,0,0,0,0,1,1,0,1
839,1.7181608355356,0,0,1,0,1,1,1,1,1,1,1,1,0,1,1,1,1,1,1,0,0,1,1,1,1,1,1,1,1,1,1,1,0,1,1,0,0,1,1,0
840,-0.149307493683356,0,1,1,1,0,1,1,0,1,0,1,0,1,0,1,1,0,0,1,0,1,1,1,1,1,1,1,0,1,1,0,0,1,0,1,0,1,0,1,0
841,0.0475010212009385,1,0,1,1,0,1,0,0,1,1,1,1,1,0,0,1,1,0,1,0,1,1,0,1,1,0,0,0,0,1,1,0,0,0,0,1,1,1,1,0
842,1.4320643298952,1,1,1,1,1,1,1,0,1,1,1,1,1,1,1,1,1,0,1,1,0,1,0,1,1,0,1,1,0,1,1,0,0,0,1,1,1,1,1,1
843,1.9597851876455,1,1,0,0,1,1,1,0,1,1,0,1,0,1,1,1,1,1,1,0,1,1,0,1,1,0,1,1,0,1,0,1,1,0,1,1,0,1,1,0
844,-0.776304075507877,0,1,1,0,0,1,0,0,0,1,1,1,1,0,1,1,0,1,1,0,1,1,1,1,1,0,1,0,1,1,0,0,1,0,1,1,0,1,1,1
845,0.00573643517621799,0,0,1,0,0,1,1,1,1,1,0,0,1,0,1,0,1,0,1,1,0,1,1,0,1,0,0,1,1,0,0,0,0,0,1,0,0,0,1,0
846,-0.632325016389575,0,0,0,0,1,1,1,1,1,1,1,1,0,0,1,1,0,1,0,0,1,1,0,1,1,1,0,1,0,0,0,0,1,0,1,1,1,0,0,0
847,0.560799947641848,1,1,0,0,0,1,1,1,1,1,1,0,0,1,1,1,1,1,1,0,1,1,0,1,0,0,1,0,0,0,0,0,1,1,1,1,1,1,0,1
848,0.441327586287996,0,1,1,0,1,1,0,1,1,0,0,0,0,1,1,1,1,0,1,1,0,1,1,1,1,1,1,1,1,1,1,1,1,0,0,1,1,1,1,0
849,2.3896395146642,0,0,1,0,1,1,0,1,1,0,1,0,1,0,1,1,1,0,1,0,1,1,1,0,1,1,1,1,1,1,1,1,0,0,0,1,1,1,0,1
850,-1.26310168030833,0,0,0,1,1,1,1,1,0,1,0,1,0,0,0,0,0,0,0,0,1,1,1,1,1,0,0,0,0,0,0,0,0,0,0,0,1,0,1,0
851,0.797436411235307,0,0,0,1,0,1,1,1,1,1,1,1,0,0,1,1,1,1,1,0,1,1,1,1,1,1,1,1,1,1,1,0,0,0,1,0,1,1,0,0
852,1.15097146571439,1,1,1,1,1,1,1,0,1,1,1,1,0,1,1,1,1,1,1,0,1,1,1,1,1,1,0,1,0,0,0,0,1,1,1,0,0,1,0,0
853,0.725384911609843,1,1,0,0,0,1,0,0,1,0,1,1,0,0,1,1,0,0,1,1,1,1,1,0,1,0,1,1,1,1,1,0,0,0,1,1,0,0,0,1
854,0.910554322512989,1,1,0,0,0,1,0,0,1,0,1,0,0,0,0,1,1,1,1,0,0,1,0,1,1,0,0,0,1,1,0,1,0,0,0,1,1,1,0,1
855,-2.45383600054172,0,0,0,0,1,0,0,1,1,0,0,0,0,0,0,0,0,0,0,0,0,0,0,0,0,0,1,0,0,0,0,0,0,1,0,0,0,1,1,0
856,0.25527486957505,0,1,1,0,0,1,1,0,1,0,0,1,1,0,1,1,1,0,1,0,0,1,0,1,1,0,0,0,1,0,0,0,1,1,0,0,1,0,1,0
857,-1.52490110223525,0,0,0,0,1,0,1,1,0,1,1,1,0,0,0,1,0,0,0,0,1,1,0,1,0,0,1,0,0,0,0,0,0,1,1,0,0,0,0,0
858,-7.76539685470233e-05,0,1,1,0,0,1,1,1,1,1,0,1,0,0,1,1,0,1,1,0,1,1,0,0,1,0,0,1,0,0,0,0,0,0,0,1,0,0,0,1
859,1.80697597285553,1,1,1,1,1,1,1,1,1,1,1,1,0,1,1,1,1,0,1,0,1,1,1,1,0,0,0,0,0,1,1,1,0,1,1,1,1,1,0,1
860,-0.923799456521778,1,1,0,1,1,1,1,1,1,0,1,0,0,0,1,1,0,1,0,0,1,1,0,1,1,0,1,1,0,0,0,0,0,0,0,0,0,1,0,0
861,-1.97726020768912,0,0,1,1,1,0,1,1,1,0,1,0,0,0,1,0,0,1,0,0,1,1,1,1,0,0,0,1,0,0,1,0,0,0,0,0,0,0,0,0
862,0.657872341139612,0,1,1,0,1,1,1,1,1,1,1,1,0,0,0,1,1,0,1,0,1,1,0,0,1,1,1,0,1,0,0,0,1,0,1,1,1,1,0,0
863,-1.16163285754464,0,0,0,0,1,1,1,0,1,1,1,1,1,0,1,0,0,0,0,0,1,1,1,0,1,0,0,1,0,1,0,0,0,0,1,0,1,1,0,0
864,-0.813123438656377,0,0,0,1,0,1,1,1,1,0,1,0,0,0,1,1,0,1,1,1,0,1,1,1,0,1,1,1,1,0,0,0,1,0,1,0,0,1,0,0
865,-0.563582270959188,0,1,0,1,1,1,1,1,1,1,1,1,0,0,1,1,0,0,1,1,1,1,1,1,0,1,1,1,1,1,0,0,0,1,0,0,0,1,0,1
866,-0.305467743770824,0,1,0,0,1,1,1,0,1,1,0,0,1,0,1,1,0,1,1,1,1,1,1,0,0,1,1,1,0,1,0,0,0,1,1,0,1,0,1,0
867,-2.08270164889928,0,0,0,0,1,1,1,0,0,1,1,0,0,0,0,0,0,0,0,0,0,0,0,1,0,0,0,0,1,0,0,0,0,1,0,0,0,1,0,1
868,0.851777041415796,0,0,0,1,1,1,1,0,1,0,1,0,1,0,1,1,1,1,1,0,1,1,0,1,1,0,0,0,0,1,1,0,1,0,0,1,1,1,0,0
869,1.54581176687098,0,0,1,0,1,1,0,0,1,1,0,0,1,0,1,1,1,0,1,0,1,1,1,1,1,0,1,1,1,0,1,1,0,0,1,0,1,1,1,0
870,-0.117228858899373,1,1,0,0,0,1,0,0,1,1,1,1,1,0,0,1,1,1,1,1,1,1,1,0,1,0,1,1,0,1,0,0,0,1,1,0,0,1,0,0
871,0.962384256295389,1,1,0,1,0,1,1,1,1,1,0,1,1,1,0,1,1,0,1,1,0,1,1,0,0,1,1,1,0,1,1,0,0,1,0,0,1,1,1,1
872,0.188576852113221,0,1,1,0,1,1,0,1,1,1,0,1,0,0,0,1,0,0,1,0,1,1,0,0,1,0,1,1,1,1,0,0,1,0,1,0,0,0,0,0
873,-1.31538831658766,0,1,0,0,0,1,1,1,0,1,0,0,0,0,1,1,0,0,0,0,0,0,0,0,1,0,1,0,1,1,0,0,1,1,0,1,0,0,0,0
874,1.97519952164625,1,1,0,0,1,1,1,1,1,1,0,0,1,1,1,1,1,1,1,1,1,1,1,0,1,1,1,0,1,1,0,1,0,0,1,0,1,1,0,1
875,-2.44244066151822,1,1,1,0,0,0,0,0,0,0,1,0,0,0,1,0,0,0,0,0,1,0,0,0,0,0,0,0,0,0,0,0,0,0,0,0,0,1,0,0
876,0.218863411687843,0,1,0,0,1,1,1,1,1,1,1,1,0,1,0,1,1,0,1,0,1,1,0,0,1,0,1,0,0,0,0,0,0,1,1,0,0,1,0,0
877,1.18054638710002,1,1,1,0,1,1,1,0,1,1,1,1,0,1,1,1,1,1,1,1,1,1,0,0,1,0,1,1,0,1,1,1,1,1,0,1,1,1,1,0
878,0.534095936819825,1,1,1,1,1,1,0,1,1,0,0,1,0,0,1,1,1,1,1,1,1,1,1,1,1,1,1,0,0,1,0,1,1,1,0,1,0,1,1,0
879,0.234659004498983,0,0,0,1,1,1,1,0,1,1,0,1,0,0,0,1,1,0,1,0,0,1,1,1,1,0,1,0,0,1,0,0,1,0,1,0,1,1,0,0
880,2.30432162394308,1,1,0,0,1,1,1,1,1,1,1,1,0,1,1,1,1,1,1,1,1,1,0,1,1,1,1,1,0,1,1,1,1,0,0,1,1,1,0,1
881,-0.172680452408426,0,1,0,1,1,1,0,0,0,0,1,0,0,1,0,1,1,0,1,0,0,1,1,0,1,0,0,0,1,1,1,0,0,1,1,1,1,1,0,1
882,1.14058222175765,1,1,0,1,1,1,1,1,1,1,0,1,0,1,1,1,1,1,1,0,0,1,1,1,1,1,0,0,0,1,1,1,1,1,0,1,1,0,0,0
883,0.332320955439676,0,1,0,0,0,1,1,0,1,1,0,1,0,0,0,1,1,0,1,1,1,1,1,1,1,0,1,1,0,0,0,0,1,0,0,0,0,1,0,0
884,-0.115081033281713,0,1,1,0,1,1,0,0,1,1,1,1,0,0,1,1,1,1,1,0,0,1,1,1,0,0,1,1,1,0,0,0,1,0,1,1,1,1,1,0
885,0.0397845262671429,0,1,0,0,0,1,1,0,1,0,1,1,1,0,1,1,1,1,1,1,1,1,1,1,1,0,0,0,0,0,0,0,0,1,0,0,1,0,0,0
886,-0.572248043664806,0,1,1,0,1,1,1,1,1,1,1,1,0,0,0,0,0,0,0,0,0,1,0,1,1,1,0,0,0,0,0,0,0,0,0,0,0,1,0,0
887,1.20378393710618,0,1,0,1,0,1,0,0,1,1,1,0,1,0,1,1,1,1,1,0,1,1,1,1,1,0,1,0,0,1,1,1,0,0,1,0,1,1,1,0
888,-1.41724741411229,1,1,0,1,1,1,1,1,0,1,0,0,1,0,1,0,0,1,0,0,1,0,1,0,1,0,0,0,0,0,0,0,0,0,0,1,1,0,0,0
889,-0.886012717969706,1,0,1,1,0,1,1,0,1,0,0,0,0,0,0,0,0,1,1,0,1,0,1,1,1,0,1,0,1,0,0,0,0,0,1,0,0,0,0,0
890,2.71303424521469,1,1,1,1,1,1,1,1,1,1,1,1,0,1,1,1,1,1,1,1,1,1,0,1,1,0,0,0,1,1,1,1,0,1,1,1,1,1,1,1
891,-0.687692250867906,0,1,0,0,0,1,1,0,1,1,0,1,1,0,1,1,0,0,0,0,0,1,1,1,1,0,1,0,0,0,0,0,1,0,1,0,1,1,1,0
892,-0.0210486574499038,0,1,1,1,1,1,1,1,1,1,0,1,0,0,1,1,0,1,1,0,1,1,0,1,1,1,1,0,0,1,0,0,0,1,0,0,0,1,1,0
893,-0.0172826364887956,1,0,1,1,0,1,1,0,0,0,0,1,0,1,0,1,1,0,1,0,1,1,0,1,0,0,0,0,0,0,0,0,0,0,1,0,1,1,0,0
894,0.26887851041327,1,0,0,0,1,1,0,1,1,1,0,0,1,1,1,1,1,0,0,1,1,1,1,0,1,0,1,0,1,0,0,1,1,0,1,1,1,0,0,0
895,0.114712196689018,0,1,0,1,1,1,1,0,1,0,1,0,1,0,1,1,1,0,1,0,1,1,1,0,0,0,1,1,1,0,0,0,0,0,0,1,1,1,1,0
896,-0.708271862450061,0,1,1,1,1,1,1,0,1,1,1,0,0,0,1,1,0,0,0,1,1,1,1,1,0,0,0,0,0,0,0,0,0,1,0,0,1,0,0,0
897,1.4528133646874,1,1,1,1,1,1,1,1,1,1,0,1,0,1,1,1,1,1,1,1,1,1,1,1,1,1,1,0,1,1,0,1,0,1,1,1,1,0,1,1
898,-1.69720507636532,1,1,1,0,0,1,1,0,0,0,0,0,1,0,1,0,0,0,0,0,0,0,1,1,0,0,1,0,1,0,0,0,0,0,0,0,0,0,1,0
899,1.00972293432234,1,1,1,1,0,1,0,1,1,1,1,1,0,1,0,1,1,0,1,0,1,1,1,0,1,1,1,0,1,0,0,1,0,1,1,1,1,0,0,0
900,0.191643895255575,0,0,0,1,1,1,1,1,1,0,1,1,0,1,1,1,1,1,1,1,1,1,1,0,1,1,0,0,1,0,1,0,1,0,1,0,1,1,0,1
901,-1.3607166178996,0,1,0,0,1,1,1,0,0,0,0,0,0,1,1,1,1,0,0,0,1,0,0,0,1,0,0,0,0,1,0,0,0,0,0,0,0,1,0,0
902,0.132633275936196,0,1,0,1,1,1,1,0,1,1,1,0,0,1,0,1,1,0,1,0,0,1,0,1,1,0,1,0,1,1,0,0,0,0,0,0,0,0,0,1
903,1.4080891870966,1,0,0,1,1,1,1,0,1,0,0,1,1,1,1,1,1,0,1,1,0,1,0,1,1,1,0,1,0,1,0,1,1,1,0,1,1,1,1,1
904,-0.368255358700398,1,0,0,1,0,1,1,0,1,1,1,0,1,0,1,1,0,1,1,0,1,1,1,1,1,1,0,0,0,1,1,1,0,0,1,0,1,1,0,0
905,0.959903638444213,1,0,0,0,0,1,1,1,1,1,1,1,0,0,1,1,1,1,1,0,1,1,0,0,1,1,1,1,1,1,1,0,0,0,1,1,1,1,0,1
906,-0.57979171375206,0,1,0,0,1,1,0,1,1,1,1,1,0,0,1,1,0,1,0,0,1,1,0,0,1,0,0,0,0,0,0,0,1,0,0,0,0,1,0,0
907,-0.70129376385686,0,1,1,1,0,1,1,0,0,0,0,0,1,0,0,1,1,0,0,0,0,1,0,1,0,0,1,0,0,1,0,0,0,0,0,0,1,0,0,1
908,2.34328065938613,0,1,0,1,0,1,1,1,1,1,1,0,0,0,1,1,1,0,1,1,1,1,1,0,1,1,1,1,0,1,1,1,0,1,1,1,1,0,1,0
909,1.33147939763136,0,1,0,1,1,1,1,1,1,1,0,1,0,0,0,1,1,1,1,1,1,1,1,1,0,1,1,0,1,0,0,1,0,0,0,1,1,0,1,0
910,-1.67144218023485,0,0,0,0,0,1,1,0,0,1,0,0,1,0,0,0,0,0,0,0,1,1,1,1,1,0,0,1,1,1,0,0,0,0,1,0,1,0,0,1
911,0.0443849283569986,1,1,0,1,0,1,0,1,1,1,0,1,0,0,0,1,1,1,1,1,1,1,1,0,1,0,1,1,0,0,0,0,0,0,0,0,0,1,1,1
912,-0.408551259418764,1,0,1,0,0,1,0,1,1,1,0,0,0,0,0,1,0,1,1,1,1,1,0,0,1,0,0,0,0,0,0,0,1,0,0,1,1,0,0,0
913,-0.346375439195665,1,1,0,1,1,1,1,1,1,1,1,0,0,0,0,1,1,0,1,0,1,1,1,1,1,0,0,0,1,0,0,0,1,0,0,1,1,0,0,0
914,-2.98626335307519,1,1,0,0,0,0,1,1,0,0,0,1,0,1,0,0,0,0,0,0,1,0,0,0,1,0,0,0,0,0,1,0,0,0,1,0,0,0,1,0
915,0.421284327913014,1,0,1,0,1,1,1,1,1,0,1,1,0,0,1,1,1,1,1,1,1,1,0,0,0,0,0,1,1,1,0,1,0,0,0,0,1,1,0,1
916,-0.0943227091341741,1,0,1,0,0,1,1,1,1,0,0,0,0,1,1,0,0,1,1,0,1,1,0,1,1,1,1,0,1,1,1,0,0,0,1,0,0,0,0,1
917,-0.711259284249842,1,0,1,0,0,1,1,0,1,1,1,1,0,0,0,0,1,0,0,1,0,1,0,1,1,1,1,0,0,0,0,0,1,0,1,1,1,0,0,0
918,0.224109175612118,1,0,0,0,1,1,1,1,1,0,0,0,1,0,1,1,1,0,1,0,1,1,1,1,1,1,1,0,0,0,1,0,1,1,0,0,1,1,0,0
919,0.0493459635399982,0,1,0,1,1,1,0,0,1,1,1,0,0,0,1,1,1,1,1,1,1,1,0,1,1,1,0,1,1,0,0,0,0,1,1,0,1,1,1,0
920,-1.11749170553769,0,1,0,0,1,1,1,0,0,1,1,0,0,0,0,1,0,0,0,0,1,1,1,0,1,0,1,1,1,0,0,0,1,0,0,0,1,1,1,0
921,0.247494945680035,1,1,0,0,0,1,0,0,1,1,0,1,1,0,1,1,1,0,1,1,1,1,0,1,1,0,0,0,1,1,1,0,1,1,1,0,1,0,0,1
922,-1.1254055650357,0,0,0,0,0,1,0,0,1,0,1,0,0,0,0,1,0,0,0,0,1,1,0,0,1,1,0,0,0,0,0,0,0,0,1,0,1,0,0,0
923,0.822802256121595,0,1,0,0,0,1,0,0,1,1,1,1,0,1,1,1,1,0,1,0,1,1,1,1,1,0,0,0,0,0,0,0,1,1,0,0,1,1,0,0
924,-0.359583754066855,1,1,1,0,0,1,0,1,1,1,1,0,1,0,1,1,0,0,1,0,1,1,0,1,1,0,0,0,0,0,0,0,1,0,0,1,0,1,1,1
925,-0.809749786493752,1,1,0,1,1,1,1,0,0,0,0,1,0,0,1,1,1,0,0,0,0,1,0,0,0,0,0,0,1,1,0,0,0,0,0,1,0,1,0,0
926,-1.4868331088906,0,0,0,1,0,1,1,0,0,0,0,0,0,0,0,0,0,0,0,0,1,0,0,0,1,0,0,0,0,0,0,0,0,0,0,0,1,0,0,0
927,0.687327130766214,1,1,0,0,1,1,1,1,1,0,0,1,0,0,1,1,1,1,1,0,1,1,1,0,1,1,1,1,1,0,0,1,1,1,1,0,0,0,0,1
928,-2.1194394147079,0,0,0,1,0,1,0,1,0,0,1,1,0,0,1,0,0,0,0,1,1,0,0,0,0,0,0,1,0,0,0,0,0,1,0,0,1,0,0,0
929,-0.720600852755265,0,1,1,0,1,1,1,0,1,0,1,1,0,0,1,0,0,0,0,1,0,1,0,0,1,0,0,1,1,1,0,0,0,0,0,1,1,1,0,0
930,0.290529503993844,0,1,1,0,1,1,1,1,1,1,1,0,0,1,1,1,1,0,1,1,1,1,1,1,1,0,0,0,1,0,0,0,0,0,1,0,1,1,0,1
931,-0.267222552415271,1,1,0,1,0,1,1,0,1,1,1,1,1,0,1,1,0,0,1,0,1,1,1,1,1,0,0,1,1,0,1,0,1,0,0,0,0,1,0,0
932,1.34269401857009,0,1,0,0,1,1,1,1,1,1,1,1,1,1,1,1,1,1,1,1,1,1,0,0,1,0,1,0,0,1,1,1,1,1,1,1,1,0,0,0
933,1.40796819851694,0,0,1,1,1,1,1,1,1,1,1,1,0,1,1,1,1,0,1,0,1,1,1,1,1,0,1,1,1,1,0,1,0,0,0,1,1,1,1,1
934,-0.498422668735317,1,1,0,1,0,1,1,1,1,1,1,1,1,1,0,1,0,0,0,0,1,1,0,1,0,0,1,1,0,1,0,0,0,0,1,0,0,1,0,0
935,-0.118837465620451,0,1,0,0,1,1,0,0,1,0,1,1,0,0,1,1,0,1,1,1,1,1,1,1,1,0,1,1,0,0,0,0,1,1,0,0,1,0,0,0
936,0.0388550343312547,1,1,1,1,1,1,1,1,1,0,0,1,1,0,0,1,0,1,1,0,1,1,1,1,0,1,1,0,1,0,1,0,0,0,1,0,0,0,0,0
937,-0.457036893039506,1,1,1,1,1,1,1,1,1,0,1,1,0,0,1,1,1,0,0,0,0,1,1,1,1,1,0,1,0,1,0,0,0,1,0,0,1,1,0,0
938,1.33811131306621,1,0,0,0,1,1,0,1,1,0,1,0,1,1,1,1,1,1,1,0,1,1,1,1,1,1,1,1,1,1,0,1,0,1,0,1,1,1,1,0
939,0.868252846536208,1,1,1,0,1,1,1,0,1,1,0,1,0,1,0,1,1,1,1,0,1,1,1,1,1,0,1,0,0,1,0,1,0,1,1,0,1,1,0,0
940,-0.0441729398068478,1,1,0,1,0,1,0,0,1,0,1,0,1,0,1,1,1,0,1,0,0,1,1,0,0,1,0,0,1,0,0,0,1,0,0,1,1,0,0,0
941,0.179449888831698,0,1,1,1,0,1,1,1,1,1,0,1,0,0,1,1,1,1,1,1,0,1,1,1,1,1,0,0,0,1,1,0,0,0,0,1,1,0,0,0
942,0.989217143570576,1,1,1,0,1,1,1,1,1,0,1,0,1,1,1,1,1,0,1,0,1,1,0,1,1,1,1,1,1,1,0,1,1,0,0,0,1,1,1,0
943,-0.153895281426864,1,1,1,1,1,1,1,0,0,0,1,1,1,0,1,1,1,0,1,0,1,1,0,0,1,0,0,1,1,0,0,0,0,0,1,0,1,1,0,0
944,-0.951863814196982,0,0,0,0,1,1,0,1,1,0,1,0,1,0,1,1,0,0,0,0,1,1,1,1,0,0,1,0,0,1,0,0,0,1,0,0,0,1,0,0
945,-0.450584612830266,1,0,1,0,0,1,1,1,1,1,0,1,0,0,0,0,1,0,1,0,1,1,0,0,0,0,1,0,0,1,0,0,1,0,0,0,1,0,0,0
946,1.61806652591003,1,1,1,1,1,1,1,1,1,0,1,0,0,1,0,1,1,1,1,0,1,1,1,1,1,0,1,1,1,0,1,1,0,1,0,1,0,1,1,0
947,0.485816414865565,1,1,1,0,1,1,1,0,1,1,1,1,0,0,1,1,1,1,1,0,1,1,1,1,1,1,0,0,0,1,0,1,0,0,0,0,1,1,0,0
948,0.228487259980321,1,0,0,0,1,1,1,0,1,1,1,1,0,0,0,1,1,0,1,1,1,0,1,0,1,1,1,0,0,1,0,0,0,0,1,1,1,1,0,0
949,0.681475130551974,0,1,1,1,1,1,1,0,1,1,1,0,1,0,0,1,1,1,1,1,1,1,1,0,1,1,1,0,1,1,0,1,0,0,0,1,0,1,1,0
950,1.60598699408639,1,1,0,1,1,1,1,0,1,1,1,0,1,1,1,1,1,1,1,1,1,1,1,1,1,0,0,0,1,1,1,1,1,1,0,0,0,1,1,1
951,-1.0791623602955,1,0,1,0,1,1,1,0,1,0,1,1,0,0,0,0,0,1,0,0,1,1,0,1,1,0,1,0,0,1,0,0,0,0,0,0,0,0,1,0
952,0.841928342335165,1,1,0,0,1,1,1,0,1,1,0,0,1,0,0,1,1,1,1,1,1,1,1,1,1,1,1,1,0,0,0,1,1,1,1,0,0,1,0,0
953,0.60769698059638,1,0,1,1,1,1,0,0,1,0,1,1,1,1,1,1,1,1,1,1,1,1,1,1,0,1,1,1,1,1,0,0,1,0,1,0,1,0,0,0
954,1.01551865801863,0,1,0,1,1,1,1,1,1,1,1,1,0,0,0,1,1,0,1,1,1,1,1,1,1,0,0,0,0,0,1,1,0,0,0,0,1,1,0,0
955,0.639002850824651,0,1,1,0,1,1,1,0,1,1,1,0,0,0,1,1,1,0,1,1,1,1,1,1,1,1,1,0,1,1,0,0,0,1,1,1,0,1,1,1
956,-1.9428550702249,0,1,0,0,1,0,1,0,1,0,0,1,0,0,1,0,0,1,0,0,1,0,1,1,1,1,0,0,0,0,1,0,0,1,1,0,0,1,0,0
957,0.81856439378109,1,1,0,0,1,1,0,1,1,1,1,1,1,0,0,1,1,0,1,1,1,1,1,1,0,1,1,0,0,0,0,0,1,1,1,0,1,1,0,0
958,-0.173090461220614,1,1,1,1,0,1,1,0,1,0,1,0,0,1,0,1,1,0,0,1,1,1,1,0,1,1,0,0,0,1,1,0,1,0,1,1,1,1,0,0
959,-0.334312641041698,1,0,0,1,0,1,1,0,1,1,1,1,1,0,1,1,0,0,1,0,1,1,1,0,0,1,1,0,0,0,0,0,0,1,1,0,0,0,0,0
960,1.3756715064004,0,1,0,0,1,1,1,0,1,1,1,1,1,0,0,1,1,1,1,0,1,1,1,0,1,1,0,1,0,1,1,1,0,1,1,1,1,1,1,0
961,-0.324208452951999,0,1,1,1,0,1,1,1,1,1,0,0,0,0,1,0,1,0,1,1,1,1,0,1,1,1,1,1,0,0,1,0,1,0,0,1,0,0,0,1
962,-0.285998732417768,1,0,0,1,1,1,1,1,1,1,1,1,1,0,1,0,0,0,0,0,1,1,1,0,1,0,0,1,1,1,0,0,1,0,1,0,1,1,0,0
963,-0.822854012772647,1,0,0,0,1,1,1,0,1,1,1,1,0,0,1,0,0,1,0,0,1,1,0,0,0,0,0,0,0,0,1,0,1,0,1,0,0,1,0,0
964,0.445985395818272,0,1,0,0,1,1,1,1,1,0,1,1,0,0,1,1,1,0,1,1,1,1,1,1,1,1,1,1,0,0,0,0,1,0,1,0,0,1,1,0
965,0.00820991614951176,0,1,0,0,1,1,1,1,1,0,1,1,0,0,0,1,1,0,1,0,0,1,0,0,1,0,0,0,0,0,0,0,0,1,0,1,0,0,0,0
966,0.359805228544086,1,0,0,1,1,1,1,1,1,1,0,1,1,0,1,1,1,0,1,0,1,1,1,1,1,1,1,1,1,1,0,0,0,0,0,0,1,1,1,0
967,-1.24240432914306,0,0,1,0,1,1,0,0,1,0,1,1,0,0,0,0,0,0,1,0,0,1,0,1,0,1,1,1,1,1,0,0,0,0,0,0,0,1,0,0
968,0.266294724374905,0,0,1,1,1,1,1,0,1,0,0,0,0,1,1,1,1,1,1,1,1,1,0,0,1,0,0,1,0,1,0,0,0,0,0,0,1,0,0,1
969,0.617038939434867,0,0,1,0,1,1,1,0,1,1,0,1,1,0,1,1,1,1,1,1,1,1,1,1,1,0,1,0,1,1,0,0,0,0,1,1,1,1,0,0
970,-0.0610649923850165,1,1,0,1,1,1,0,0,1,1,0,1,0,0,1,1,1,0,1,0,1,1,0,1,1,0,0,0,0,1,0,0,1,0,0,0,0,1,0,0
971,-1.30400739889814,1,0,0,0,1,1,0,0,0,0,0,1,0,0,1,1,0,1,0,0,1,0,1,1,1,0,1,0,1,0,0,0,1,0,1,0,1,1,0,0
972,-0.296407314643536,1,1,0,1,1,1,1,1,1,0,0,1,1,0,1,1,0,0,0,0,1,1,1,0,1,0,0,1,0,1,0,0,0,1,1,0,0,0,0,1
973,0.334401834795773,1,1,0,1,1,1,0,1,1,1,1,1,0,0,1,1,0,0,1,1,1,1,1,1,1,1,1,1,1,1,0,0,0,1,1,0,1,1,0,0
974,0.264422827204422,1,1,0,0,1,1,1,1,1,1,1,1,0,0,1,1,1,1,1,0,1,1,1,1,1,0,1,1,1,1,0,0,1,0,1,0,1,1,0,0
975,0.600172364251944,0,1,1,0,1,1,1,0,1,1,0,0,0,1,1,1,1,1,1,0,1,1,1,0,1,0,0,1,1,1,0,1,0,0,1,1,0,1,1,0
976,1.56182528469094,1,1,0,0,1,1,1,0,1,1,1,0,0,1,1,1,1,1,1,1,1,1,1,1,1,1,0,0,1,1,1,1,0,0,0,1,0,0,1,1
977,1.74075239912087,1,1,1,1,0,1,1,0,1,1,1,0,1,0,1,1,1,1,1,1,1,1,0,1,1,0,1,0,1,1,1,1,0,0,1,1,1,0,0,1
978,1.32458224574019,0,1,0,1,1,1,0,1,1,1,0,1,0,0,0,1,1,1,1,1,1,1,0,1,1,1,1,1,1,1,0,1,1,1,0,1,0,1,1,0
979,-1.14914492173407,0,1,0,1,1,1,0,0,0,1,0,0,1,0,0,0,0,0,1,0,0,1,1,1,1,0,1,0,0,0,0,0,0,1,0,1,1,1,0,0
980,0.653020288601035,1,1,0,0,1,1,0,1,1,0,1,1,0,1,1,1,1,1,1,0,1,1,0,1,1,0,1,1,0,1,0,1,0,1,1,0,1,1,0,0
981,-1.46830132009252,1,1,0,0,1,1,1,0,0,0,1,1,0,0,1,0,0,0,0,1,0,1,0,1,0,0,1,1,0,0,0,0,1,0,0,0,0,1,0,0
982,0.0291292502598039,0,1,1,0,1,1,0,1,1,0,0,1,1,0,1,1,1,0,1,1,1,1,1,1,1,0,1,0,1,1,0,0,0,0,0,0,0,1,0,0
983,-0.334317386833072,0,1,1,1,1,1,1,1,1,0,1,0,1,1,0,1,0,0,0,1,1,1,0,0,1,0,1,1,0,0,0,0,0,0,0,0,1,0,1,0
984,-1.80675967592218,0,1,0,0,0,1,0,0,0,0,1,0,0,0,0,0,0,1,1,0,0,0,0,0,1,1,0,1,1,1,0,0,0,0,0,0,1,0,0,0
985,0.644557379758027,0,1,1,1,1,1,1,1,1,1,0,1,0,0,1,1,1,1,1,1,1,1,1,0,1,1,1,1,1,1,0,0,0,1,0,0,1,0,0,1
986,-1.3833911178406,0,1,1,1,0,1,0,0,0,1,1,0,0,1,0,0,0,1,0,0,1,1,1,1,1,0,1,1,0,0,0,0,0,0,0,0,0,1,0,0
987,-0.967665192926927,0,0,0,1,1,1,0,1,0,0,0,1,0,0,1,0,1,0,0,0,1,1,0,1,0,0,0,1,0,0,0,0,0,1,0,0,1,0,0,0
988,-0.144046709679592,0,0,0,1,1,1,1,0,1,1,1,0,0,0,1,1,1,1,0,0,1,1,0,1,0,0,1,1,0,1,0,0,0,0,0,0,0,0,1,0
989,0.503213081524333,0,1,1,0,0,1,1,1,1,0,1,1,0,1,1,1,1,1,1,0,1,1,0,1,0,0,1,0,1,0,1,0,1,1,1,0,1,1,1,0
990,-0.371242586483714,0,0,0,1,1,1,0,0,1,0,0,1,0,0,1,1,0,0,1,0,1,1,1,1,1,1,1,1,0,0,0,0,1,0,0,0,1,0,1,0
991,-1.35014202839721,1,0,0,0,1,1,0,1,0,1,0,0,0,0,0,0,0,0,1,1,0,0,0,0,1,0,0,0,0,0,1,0,0,0,0,0,0,0,0,0
992,0.796995848527522,1,1,1,1,1,1,1,1,1,1,1,1,0,1,1,1,1,0,1,1,1,1,0,0,1,0,1,0,0,1,0,0,1,1,1,0,0,0,0,1
993,0.349637802534769,1,1,0,1,1,1,1,0,1,0,0,1,0,0,0,1,1,1,1,0,1,1,1,0,1,0,0,1,1,0,1,0,1,0,0,1,1,1,1,0
994,0.0177773095427229,1,1,0,1,1,1,0,0,1,0,0,1,0,1,1,1,1,1,1,1,1,1,0,1,0,0,0,0,0,0,0,0,1,0,1,1,1,1,1,0
995,0.786601252509542,1,1,0,1,1,1,1,0,1,1,0,1,1,1,1,1,1,0,1,1,1,1,1,1,1,1,1,1,1,1,0,1,1,1,1,0,0,0,1,1
996,-0.388084000150764,1,1,0,1,0,1,0,1,1,1,1,1,0,0,1,0,0,1,1,0,0,1,0,1,1,1,1,0,1,0,0,0,1,0,0,1,0,0,0,0
997,-0.106943165766258,0,1,0,0,1,1,1,0,1,0,1,0,1,0,1,0,0,1,1,0,1,1,0,1,0,0,1,0,0,0,0,1,0,0,1,0,1,1,1,0
998,1.20696737721748,0,1,0,0,0,1,1,1,1,1,1,0,0,0,1,1,1,0,1,0,1,1,0,1,1,1,1,1,0,1,0,1,0,0,1,1,0,1,1,0
999,-0.966817380523355,0,1,0,1,1,1,1,1,1,0,1,1,0,0,0,1,0,1,1,0,0,1,0,0,0,1,0,0,0,1,0,0,0,0,1,0,0,1,0,0
1000,-0.396109512774453,1,0,1,0,0,1,1,0,1,1,1,0,1,0,1,1,0,1,0,0,0,1,0,0,0,0,1,1,0,1,0,0,0,0,1,0,0,0,1,0
1001,-0.732068197410344,1,1,0,1,1,1,0,0,1,0,0,1,0,0,1,0,0,1,0,0,1,1,0,1,0,0,1,1,0,0,1,0,0,0,0,0,0,1,0,0
1002,0.809396658439148,0,0,0,1,0,1,1,0,1,1,0,0,0,1,1,1,1,0,1,0,1,1,0,0,1,0,0,1,1,1,0,0,1,1,1,1,0,0,0,0
1003,0.885414354718205,1,1,0,0,1,1,1,1,1,1,1,0,0,0,1,1,1,1,1,0,1,1,0,1,1,0,1,0,1,1,0,1,1,1,0,0,1,0,0,0
1004,0.091115246074747,1,1,0,1,0,1,1,1,1,0,0,1,0,0,0,1,1,0,1,0,1,1,1,0,1,0,1,1,1,0,0,0,0,0,1,1,0,1,1,1
1005,0.675592332006357,0,0,0,1,1,1,1,0,1,1,1,1,0,1,1,1,1,0,1,0,1,1,1,0,1,0,1,1,1,1,1,0,1,0,0,0,0,1,0,0
1006,-0.191724468330799,1,0,0,0,1,1,1,0,1,1,0,0,0,1,1,1,1,1,1,0,0,1,1,1,1,1,1,0,0,1,0,0,1,0,1,0,0,0,0,0
1007,0.393036139092978,0,1,0,1,0,1,1,0,1,1,1,1,0,0,0,1,1,1,1,0,1,1,1,0,1,0,1,0,0,0,0,1,1,1,1,0,1,0,0,0
1008,-0.660803501534104,1,0,0,0,0,1,1,1,1,0,1,1,0,1,0,1,1,0,1,1,0,1,1,0,1,0,0,1,0,0,0,0,0,0,1,0,0,1,0,1
1009,-1.13449598187529,1,1,0,1,1,0,0,1,1,0,0,1,0,0,1,1,0,0,1,1,1,1,1,0,0,0,1,1,1,0,0,0,0,1,0,0,1,1,1,0
1010,-0.188993665171681,0,1,0,0,0,1,1,1,1,0,0,1,0,0,1,1,1,0,1,1,1,1,1,0,0,0,0,1,1,0,1,0,1,0,0,1,0,1,0,1
1011,0.829863138611128,0,1,0,0,1,1,1,1,1,0,0,1,0,0,1,1,1,0,1,0,1,1,1,1,0,0,1,1,0,1,0,1,0,1,1,1,0,1,0,0
1012,0.184239510811953,1,0,1,0,1,1,1,1,1,1,0,1,0,1,1,1,1,0,1,0,1,1,1,0,1,0,1,1,0,1,0,0,0,0,1,1,1,1,1,0
1013,2.0182544451088,1,1,0,0,1,1,1,1,1,1,1,1,1,1,1,1,1,0,1,1,1,1,1,1,1,0,1,0,1,1,0,1,1,1,1,1,1,0,0,1
1014,1.04600846785536,1,1,0,1,1,1,1,1,1,1,0,0,1,0,0,1,0,0,1,1,1,1,0,1,1,1,1,0,0,1,1,0,0,0,1,0,1,0,0,1
1015,-0.205109062035885,1,0,0,1,1,1,1,1,1,1,1,0,1,1,0,1,1,1,1,0,0,1,1,1,0,0,0,1,1,1,0,0,0,0,0,0,1,1,0,0
1016,-0.471377272635763,0,1,1,1,1,1,1,1,0,1,1,0,0,1,1,1,1,1,1,0,0,1,1,1,0,0,1,1,1,1,0,0,1,0,1,1,1,0,1,0
1017,-0.620052905849304,0,0,1,1,1,1,1,0,1,0,1,1,0,0,0,1,1,1,0,0,1,0,0,0,0,0,0,0,1,0,0,0,1,0,1,1,0,1,0,0
1018,-0.328974617151302,0,1,0,1,0,1,1,0,1,0,0,1,1,0,1,1,1,0,1,0,1,1,0,0,1,1,1,0,0,1,0,0,0,0,1,0,0,0,0,0
1019,0.195962909076851,1,0,0,1,1,1,1,0,1,0,1,1,1,0,1,1,0,0,1,0,1,1,1,1,1,1,1,0,0,1,1,0,1,1,1,1,0,0,0,0
1020,-1.24125127211376,1,1,1,0,1,0,1,1,0,1,0,0,0,0,1,0,0,0,0,0,0,1,1,0,1,0,1,1,0,0,0,0,1,0,1,1,0,1,0,1
1021,-0.63638242769232,1,1,0,1,0,1,0,0,1,0,1,0,0,0,1,1,0,1,1,0,1,1,1,1,1,0,0,0,0,1,0,0,0,0,1,0,1,1,0,0
1022,-2.02380595732847,0,1,0,0,1,1,0,0,0,1,0,0,0,0,0,0,0,1,0,0,0,1,0,0,1,0,0,0,0,0,0,0,0,0,1,1,0,1,0,0
1023,-2.1443902258616,0,1,0,0,0,0,1,1,0,1,0,0,0,0,1,0,0,1,0,0,0,0,0,0,0,0,0,0,0,0,0,0,0,0,0,0,1,0,0,0
1024,-1.27571200738717,1,1,0,0,0,0,0,1,1,1,1,0,0,0,0,0,0,1,0,0,0,0,0,0,1,0,0,1,0,1,0,0,0,1,0,0,0,1,0,0
1025,0.521565782798239,1,1,0,1,1,1,1,0,1,1,1,1,1,0,0,1,1,1,1,1,1,1,0,1,1,0,1,0,1,1,0,0,1,0,0,0,1,1,0,0
1026,-1.44741329892813,1,0,1,0,0,0,0,0,0,0,0,1,0,1,1,0,0,1,0,0,1,0,0,1,0,0,1,0,0,1,0,0,1,0,0,0,1,0,0,0
1027,0.444354527270273,0,0,0,1,1,1,0,1,1,0,1,1,1,0,1,1,1,0,1,1,0,1,1,1,0,1,1,1,0,0,0,1,1,0,0,0,0,0,1,0
1028,0.411487548608977,0,1,0,1,0,1,1,1,1,1,0,0,1,0,0,1,1,1,1,1,1,1,0,0,0,0,1,0,0,0,0,0,0,0,0,0,1,0,0,0
1029,0.450995333683867,1,1,1,1,1,1,1,1,1,0,1,1,1,0,1,1,1,1,1,0,1,1,0,0,1,1,1,1,0,1,0,0,1,0,1,1,1,1,0,0
1030,-1.18553446888417,1,0,0,0,1,1,0,0,0,1,0,0,0,0,0,0,0,0,0,0,1,1,0,1,1,1,1,0,0,0,0,0,1,0,0,0,1,0,0,0
1031,1.74239673989488,0,1,1,0,1,1,1,1,1,1,1,1,1,0,1,1,1,0,1,1,0,1,0,1,1,1,0,1,1,1,0,0,1,1,0,0,0,1,1,0
1032,0.482528109405709,1,0,1,1,0,1,1,0,1,1,1,0,1,0,1,1,1,1,1,0,0,1,0,1,1,0,1,0,1,1,0,0,0,1,1,1,0,1,0,0
1033,0.0913225226300617,0,0,1,1,0,1,1,0,1,1,1,1,0,0,1,1,1,0,1,0,1,1,1,1,1,0,1,0,0,0,0,0,0,0,0,0,0,0,0,0
1034,-1.14491758549343,0,0,0,0,1,1,1,0,1,1,0,1,0,0,0,1,0,0,0,0,0,0,0,0,1,0,0,1,0,0,0,0,1,0,0,0,1,1,0,0
1035,-0.1632073397946,0,0,0,1,0,1,0,0,1,0,1,1,0,0,0,1,1,1,1,0,1,1,1,0,1,0,0,0,1,0,1,0,0,0,1,0,0,1,1,0
1036,0.229032550364901,1,1,1,0,0,1,1,1,1,1,0,1,0,1,0,1,0,0,1,0,1,1,0,0,1,0,1,0,0,1,0,0,1,0,1,0,1,0,1,0
1037,1.62570308405321,1,1,0,0,1,1,1,0,1,1,1,0,0,0,1,1,1,0,1,1,1,1,0,1,1,1,0,0,0,1,0,1,0,0,0,0,1,1,0,0
1038,-0.231925676776009,0,1,0,0,1,1,0,0,1,0,0,1,0,0,1,1,1,0,1,1,1,1,1,1,1,0,1,1,0,1,1,0,1,0,1,0,0,0,0,0
1039,-0.603976974546776,0,1,0,0,1,1,1,0,1,0,1,1,0,0,1,1,1,0,1,0,0,1,0,0,1,0,0,1,0,0,1,0,1,0,0,0,0,0,1,0
1040,0.403011752803444,1,0,1,1,0,1,1,1,1,0,1,1,1,0,1,1,0,1,1,1,1,1,0,0,1,0,0,1,0,1,0,0,1,1,1,0,1,1,1,0
1041,1.45518830945876,1,1,0,1,1,1,0,1,1,0,1,1,1,0,1,1,1,0,1,0,1,1,0,1,1,1,1,1,0,1,1,0,1,0,0,1,1,1,1,0
1042,-0.744613153649343,0,1,1,0,0,1,1,0,1,1,0,0,0,0,1,1,0,0,0,0,1,0,1,0,0,0,0,0,0,1,0,0,0,0,0,0,1,1,0,0
1043,-0.296412630008366,0,1,0,0,1,1,1,1,1,0,1,1,0,0,1,1,1,0,1,0,0,1,0,1,1,0,0,0,0,1,0,0,0,0,1,0,1,0,1,0
1044,-1.34279671176984,0,0,0,0,0,1,0,1,1,1,0,0,1,0,0,0,0,0,0,0,1,1,0,0,1,0,0,1,1,0,0,0,0,1,1,0,0,1,0,1
1045,0.128425187121987,0,0,1,0,0,1,1,1,1,1,1,1,0,0,0,1,1,0,1,0,1,1,1,1,1,1,1,1,0,1,0,0,0,1,0,0,1,1,0,1
1046,0.37154848367469,0,0,0,0,0,1,1,1,1,0,1,0,1,0,1,1,1,0,1,0,1,1,1,1,0,0,0,0,0,0,0,0,0,1,0,1,1,1,0,0
1047,-0.773053432772791,0,1,0,0,1,1,0,0,1,0,1,0,0,0,0,0,0,1,0,0,1,1,1,1,0,0,0,0,0,1,0,0,0,0,0,0,0,1,0,0
1048,1.73339715087981,1,1,0,1,1,1,1,1,1,1,1,0,1,1,1,1,1,0,1,1,1,1,1,1,1,1,1,1,1,1,0,1,0,1,1,0,0,1,1,1
1049,-0.305087048816114,0,1,0,1,0,1,1,0,1,1,0,0,0,1,0,0,1,0,1,1,1,1,1,0,1,1,1,0,1,1,0,0,0,0,1,1,1,0,0,1
1050,1.33732682200112,1,1,1,1,1,1,1,1,1,1,0,0,0,0,1,1,1,1,1,0,1,1,1,0,1,0,0,0,1,1,1,1,0,0,1,1,1,1,1,1
1051,0.585739256362263,0,1,1,1,1,1,0,0,1,1,1,1,0,0,1,1,1,0,1,1,1,1,1,0,1,1,1,1,1,1,0,0,1,0,1,1,1,1,0,1
1052,0.441286167800532,1,1,0,1,1,1,1,1,1,0,0,1,1,1,1,1,1,1,1,0,1,1,1,0,1,0,1,0,1,0,0,0,1,0,0,0,1,1,0,0
1053,0.178862338810525,0,1,0,1,1,1,1,1,1,1,0,1,1,0,1,1,1,1,1,0,1,1,1,1,0,0,1,1,1,0,0,0,0,0,1,0,0,1,0,1
1054,0.0394546820988882,0,0,0,1,1,1,1,0,1,0,0,1,0,0,0,1,1,1,1,0,1,0,1,0,1,0,1,1,0,0,1,0,1,0,1,1,1,1,1,0
1055,1.8052889323265,1,1,0,0,1,1,1,0,1,1,1,1,1,1,1,1,1,0,1,0,1,1,1,1,1,1,1,0,1,1,0,1,1,0,0,0,1,0,0,0
1056,0.321733336488367,1,1,1,0,1,1,1,1,1,0,1,0,1,0,1,1,1,1,1,0,1,1,0,0,1,1,1,0,0,1,0,0,1,0,1,0,1,1,1,0
1057,1.42536938553747,1,1,0,0,0,1,1,0,1,1,1,1,1,0,1,1,1,0,1,1,1,1,0,1,1,1,1,1,1,0,1,1,1,0,0,0,1,1,0,0
1058,-0.057197273303919,0,0,0,1,0,1,1,0,1,1,0,1,0,0,1,1,0,1,0,1,0,1,0,0,1,0,0,0,0,1,0,0,0,1,1,0,1,1,0,1
1059,-1.05568391774975,1,1,0,0,0,1,0,0,0,0,0,1,0,0,1,0,0,0,0,0,1,1,0,1,0,0,1,1,1,1,0,0,0,1,1,0,0,1,0,0
1060,-0.332016410471321,0,1,0,1,1,1,1,0,1,0,0,1,0,1,0,1,1,1,1,1,1,1,0,1,1,0,0,1,1,1,0,0,0,1,0,0,0,1,1,0
1061,2.10484024458608,0,1,1,1,0,1,1,0,1,0,0,1,0,0,1,1,1,1,1,1,1,1,1,1,1,0,1,1,1,1,0,1,1,0,1,1,1,0,0,1
1062,1.21765527074529,0,1,1,1,1,1,1,0,1,0,0,1,1,0,0,1,1,0,1,0,1,1,0,0,1,0,1,0,1,1,0,1,1,0,1,1,1,1,0,0
1063,2.03369565377843,1,1,1,1,1,1,1,0,1,1,1,0,1,1,1,1,1,1,1,1,0,1,1,1,1,1,1,1,1,1,1,1,1,1,1,1,1,1,1,0
1064,0.702078265957484,1,1,0,0,0,1,1,0,1,0,1,1,1,0,0,1,1,0,1,1,0,1,1,1,1,0,1,0,1,1,0,0,1,0,1,0,0,0,0,0
1065,-0.062842904974612,0,1,1,0,0,1,1,1,1,1,1,1,0,0,1,1,1,0,1,1,1,1,0,1,1,0,0,0,0,1,1,0,0,0,0,0,1,1,1,0
1066,1.11656004960413,0,1,0,1,1,1,1,1,1,1,1,0,0,0,1,1,1,0,1,0,1,1,1,1,0,0,0,1,1,0,0,1,0,1,1,0,1,1,0,0
1067,0.237542761941569,0,1,0,1,1,1,0,1,1,0,1,1,0,0,0,0,1,0,1,0,1,1,1,1,0,0,0,0,0,1,0,0,1,0,1,0,1,1,0,1
1068,-0.90349402388115,0,1,0,1,1,1,0,1,1,0,1,1,0,0,1,0,0,0,0,0,1,1,0,0,1,0,0,1,0,0,0,0,0,0,0,0,0,1,0,1
1069,0.491672323351164,1,1,1,0,1,1,1,0,1,1,0,0,1,0,0,1,1,0,1,0,1,1,0,1,1,0,1,0,0,1,0,0,0,1,1,0,1,1,1,0
1070,-0.950953718822223,1,0,1,0,0,1,1,0,1,1,1,0,0,0,1,0,0,0,0,0,1,1,1,1,1,0,1,0,0,0,0,0,0,0,1,0,1,0,0,0
1071,0.927409569312335,0,0,0,1,0,1,0,1,1,1,1,0,0,0,0,1,1,1,1,0,1,1,1,1,0,1,1,0,1,1,1,0,1,1,1,0,0,1,0,0
1072,0.480375825673827,1,1,0,0,1,1,1,0,1,1,0,1,0,1,1,1,1,1,1,0,1,1,1,1,1,0,0,1,0,0,0,0,0,0,1,1,1,1,0,0
1073,-0.0566277182341898,1,1,0,1,1,1,1,1,1,0,0,1,1,0,0,1,0,1,1,0,1,1,0,1,1,0,1,0,1,1,0,0,0,0,0,0,0,1,0,0
1074,-0.955439673632149,0,1,0,1,0,1,1,1,1,1,1,1,0,0,1,1,0,0,1,0,1,0,0,1,0,0,0,0,0,0,0,0,1,1,0,1,1,0,0,0
1075,-0.526369671440452,0,1,0,0,1,1,0,0,1,1,0,1,0,0,0,1,0,0,1,1,1,1,0,1,1,1,0,1,0,1,0,0,0,0,1,0,1,0,0,0
1076,0.521242291069462,0,1,1,1,0,1,0,0,1,0,1,0,1,0,1,1,1,0,1,1,1,1,1,1,1,0,1,1,1,1,0,0,1,0,0,0,0,1,0,0
1077,-0.855344035197311,0,0,0,0,1,1,1,0,1,0,1,1,1,0,1,0,1,0,0,0,0,1,1,1,1,0,0,0,0,0,0,0,1,1,0,1,0,1,0,0
1078,-0.135188542821303,0,1,0,1,0,1,1,1,1,0,0,0,0,1,1,1,1,1,1,0,1,1,1,1,1,0,1,1,0,0,0,0,1,0,0,1,1,1,1,0
1079,-0.482443921891148,0,1,0,0,1,1,1,0,1,1,0,1,0,0,0,1,1,0,1,0,0,1,0,0,0,1,0,0,0,1,0,0,1,0,0,1,1,0,0,1
1080,0.776839128198896,1,1,0,1,1,1,1,1,1,0,1,1,1,0,1,1,1,1,1,1,1,1,0,1,1,1,1,1,1,1,0,0,0,0,1,1,1,1,0,0
1081,-0.996604917124572,1,1,0,1,1,1,0,0,1,0,1,0,0,0,1,0,0,0,0,0,1,1,1,1,1,0,0,1,1,1,0,0,0,0,1,0,0,1,0,0
1082,0.186464583768903,0,1,0,0,1,1,1,0,1,1,1,0,1,1,1,1,1,0,1,1,1,1,0,0,0,0,1,0,0,1,0,0,0,1,0,1,0,1,0,0
1083,1.83116340564319,0,0,0,1,1,1,1,0,1,1,1,0,1,0,1,1,1,0,1,1,1,1,1,1,1,0,1,1,1,1,0,1,0,1,1,1,1,1,0,1
1084,0.886917219083932,1,1,0,1,1,1,1,0,1,0,1,1,0,0,1,1,1,0,1,0,0,1,1,0,1,0,0,0,1,1,0,0,0,1,1,0,1,0,1,0
1085,1.13402038168898,1,0,1,0,0,1,1,1,1,0,0,1,1,1,1,1,1,1,1,0,1,1,1,1,1,0,1,1,0,1,1,0,1,0,1,0,0,0,0,0
1086,0.0469593435089354,0,0,0,1,1,1,1,0,1,0,0,1,1,0,1,1,1,0,1,0,1,1,0,1,1,0,1,0,0,1,0,0,0,1,0,0,0,1,0,0
1087,-0.181985693930294,1,0,0,0,0,1,1,1,1,0,0,0,1,0,1,1,0,0,1,0,1,1,1,1,1,0,0,1,0,0,0,0,0,0,0,0,0,1,0,0
1088,0.46833247665757,1,0,1,0,0,1,1,0,1,1,1,0,0,1,1,1,1,0,1,0,1,1,1,0,1,0,0,1,0,1,1,1,1,0,1,1,1,0,1,0
1089,0.335089518622375,0,0,1,1,1,1,0,0,1,1,1,1,0,1,1,0,1,1,1,0,1,0,1,1,1,1,0,1,1,1,1,0,0,0,0,1,1,1,1,0
1090,-0.143752340092647,1,1,0,1,1,1,0,0,1,1,1,1,1,1,0,1,1,1,1,0,1,1,1,1,1,0,1,0,0,0,0,0,0,0,1,1,1,1,0,0
1091,-0.0756892232553584,0,1,0,1,1,1,0,0,1,0,0,1,0,1,1,1,1,0,1,0,1,1,0,0,1,0,1,0,0,0,0,0,1,1,1,0,1,1,1,0
1092,-0.735685717906136,0,1,0,1,0,1,0,0,1,0,0,1,0,0,1,1,0,0,0,0,1,0,0,0,1,0,1,0,0,1,0,0,1,1,1,1,0,1,0,0
1093,-0.0290848538472216,1,1,0,0,1,1,1,1,1,1,1,1,0,0,0,1,1,1,1,0,1,1,0,1,1,0,1,1,1,0,0,0,1,1,0,0,1,1,0,0
1094,-0.0706775850762872,0,1,0,1,0,1,1,0,1,1,1,1,1,1,1,1,1,1,0,0,1,0,1,1,1,1,1,1,0,0,0,0,1,1,1,0,0,1,1,0
1095,-1.566811649527,1,1,0,0,0,1,0,1,0,0,1,0,0,0,0,0,0,0,0,0,1,0,0,0,1,0,1,0,1,0,0,0,1,0,0,0,0,0,0,0
1096,-0.624987370668714,0,0,0,1,0,1,1,0,0,0,1,1,0,0,1,1,0,0,1,0,1,1,1,1,1,0,0,0,0,0,0,0,0,0,0,0,0,0,0,0
1097,-1.60688669019235,0,1,0,0,1,1,0,0,0,1,1,0,0,0,0,0,0,0,0,1,1,0,1,0,1,0,0,1,0,1,0,0,0,1,1,0,1,1,1,0
1098,1.29359649654436,1,1,0,1,0,1,1,1,1,1,1,0,1,1,0,1,1,1,1,1,1,1,0,1,1,1,1,1,0,0,1,0,1,1,1,0,1,0,1,1
1099,0.947066251907258,0,1,0,0,1,1,1,0,1,1,1,0,1,0,1,1,1,1,1,0,0,1,0,1,1,1,1,1,0,1,1,1,1,1,0,0,0,1,0,0
1100,0.30824065829849,1,0,1,1,1,1,0,0,1,0,1,1,0,1,1,1,1,0,1,0,1,1,1,1,1,0,1,1,0,0,1,0,0,1,0,0,0,1,1,0
1101,-0.864322432076192,0,1,0,0,1,1,1,1,1,1,0,1,0,0,0,1,1,0,1,0,0,0,0,0,0,0,0,0,1,0,0,0,1,1,1,0,0,0,0,1
1102,1.69737100566432,1,1,0,1,0,1,1,0,1,1,1,1,1,1,1,1,1,1,1,1,1,1,0,1,1,0,1,0,0,0,0,1,1,1,0,1,1,1,1,0
1103,-0.772615176429125,0,1,0,1,1,1,1,1,1,1,1,1,0,0,0,1,1,1,0,1,1,1,0,1,1,1,0,0,1,1,0,0,1,0,1,0,0,1,0,0
1104,-0.728215904604891,1,0,0,0,0,1,1,0,1,0,0,1,0,0,1,0,0,0,0,1,0,1,0,0,1,0,0,0,0,1,0,0,0,0,1,0,1,1,0,0
1105,1.71033255139122,1,1,0,0,0,1,0,1,1,1,1,1,1,0,1,1,1,1,1,0,1,1,1,0,1,1,0,0,1,1,0,1,1,1,1,1,1,1,1,1
1106,-0.524362411824716,0,1,1,1,0,1,0,1,1,1,0,0,0,0,1,1,0,0,0,0,0,1,1,0,0,1,1,1,1,1,0,0,1,0,1,0,0,1,1,0
1107,0.585307967602472,0,1,0,0,1,1,1,1,1,1,0,1,0,0,1,1,1,1,1,1,0,1,1,0,1,0,0,1,1,0,0,0,0,1,1,0,0,0,0,1
1108,-0.56421098946905,0,1,0,1,1,1,1,0,1,1,1,1,0,0,0,1,0,1,1,0,1,1,0,1,0,0,1,1,1,1,0,0,1,0,1,0,0,1,0,0
1109,0.845734314058689,1,0,0,0,1,1,1,1,1,1,1,0,0,0,1,1,1,1,1,0,1,1,1,1,0,1,1,0,0,1,1,1,1,1,0,1,0,1,1,0
1110,0.319151706745373,0,0,0,0,1,1,1,0,1,1,1,1,1,0,0,1,1,1,1,0,1,1,1,1,1,1,1,1,0,0,0,0,0,0,0,1,0,0,0,1
1111,-0.17486017800415,0,0,0,1,1,1,0,0,1,0,1,0,0,0,0,1,1,1,1,1,1,1,0,1,1,1,0,1,1,1,0,0,1,1,0,0,0,1,0,0
1112,1.06008982535864,1,0,0,0,1,1,1,1,1,1,1,1,1,1,1,1,1,1,1,0,1,1,0,1,1,0,0,0,1,1,0,1,1,1,1,1,1,0,1,1
1113,1.67262773822483,1,0,0,1,1,1,1,1,1,1,0,0,1,1,0,1,1,1,1,0,1,1,1,1,1,1,1,1,0,0,0,1,1,0,0,0,1,1,0,1
1114,-0.403404419550478,0,1,1,0,0,1,1,0,1,1,1,0,0,0,0,1,1,0,1,0,1,1,1,0,1,0,1,0,0,1,0,0,1,0,1,1,1,0,1,0
1115,0.385708122614552,1,1,0,1,1,1,1,0,1,1,1,1,1,1,0,1,1,0,1,0,0,1,1,0,1,0,1,1,0,1,0,1,0,1,1,0,0,1,1,0
1116,0.17853655211846,0,1,0,1,0,1,1,0,1,1,0,1,0,0,0,1,1,0,1,0,1,1,0,1,0,0,1,1,0,1,1,0,1,1,1,1,1,1,0,0
1117,0.708163673433666,0,1,0,0,1,1,0,0,1,1,1,1,1,0,1,1,1,0,1,1,1,1,0,1,1,0,1,1,0,0,0,1,1,0,0,0,0,0,0,1
1118,-0.561523788473306,0,1,0,1,0,1,1,0,1,1,1,1,0,0,1,1,1,0,1,1,1,1,1,1,0,0,0,0,0,0,0,0,0,0,1,0,1,1,0,0
1119,-0.853065006852247,0,1,0,0,1,1,0,0,1,0,1,0,0,0,0,0,0,1,0,0,1,0,1,1,1,1,1,0,0,1,0,0,0,0,0,0,0,0,0,0
1120,0.704018463746791,1,0,0,0,0,1,1,1,1,1,1,1,0,1,1,1,1,1,1,0,1,1,1,0,0,0,0,0,1,1,0,1,0,0,1,1,1,1,0,0
1121,-0.0363806753407046,0,0,0,1,1,1,1,1,1,0,1,1,0,0,1,1,1,1,1,1,1,1,1,1,1,0,1,1,0,1,0,0,1,0,0,1,0,1,0,0
1122,-0.170389339825585,1,1,1,1,1,1,0,1,0,1,1,0,0,0,1,0,1,0,1,0,1,1,1,1,1,1,1,0,0,1,0,0,0,0,0,0,1,0,0,0
1123,-1.03559517229124,0,1,1,0,0,0,1,0,0,1,1,0,0,0,0,0,0,1,0,0,1,1,0,1,1,1,0,0,1,0,0,0,0,1,0,0,1,1,0,0
1124,-1.44035587337593,1,0,0,0,1,1,1,0,1,0,1,1,0,0,1,0,0,0,0,0,0,0,0,1,1,0,0,1,0,0,0,0,0,0,0,0,0,0,0,0
1125,-0.661517375838526,1,0,0,0,1,1,1,1,1,1,0,1,1,0,0,1,0,1,0,0,1,1,1,1,0,0,0,1,0,0,0,0,0,0,1,1,1,1,1,0
1126,-1.41878760273427,0,1,0,0,1,1,1,0,0,1,1,0,0,0,1,0,0,0,1,0,1,1,0,1,1,0,0,0,0,0,0,0,0,0,0,0,0,1,0,0
1127,0.402099865668323,0,0,1,0,1,1,1,1,1,1,1,1,1,0,1,1,1,1,1,0,1,1,1,0,1,1,0,0,0,0,0,0,0,0,0,0,0,0,0,0
1128,1.34861848166801,1,1,1,1,1,1,1,1,1,1,1,0,1,0,1,1,1,0,1,0,1,1,1,1,0,0,1,0,1,1,0,1,1,1,1,1,1,1,0,0
1129,-1.70889689809792,0,0,0,1,1,1,0,0,0,0,0,1,0,0,0,0,0,1,0,0,0,0,0,0,0,0,0,0,0,0,0,0,0,0,0,0,1,0,0,0
1130,-2.38466589683819,0,1,0,1,0,0,0,0,0,0,1,0,0,0,0,0,0,0,0,0,0,0,0,0,1,0,1,0,1,0,0,0,0,0,0,0,0,0,0,0
1131,1.12655206825075,0,1,0,0,1,1,1,1,1,1,1,1,1,1,1,1,1,1,1,0,1,1,1,1,1,1,1,1,1,1,0,0,1,0,1,0,1,1,0,1
1132,0.0427992051266911,1,0,0,0,1,1,1,1,0,1,0,1,0,1,0,1,1,1,0,0,0,0,1,1,1,0,0,0,0,0,0,0,1,0,1,0,1,1,0,1
1133,0.408190884183059,0,1,0,0,0,1,1,1,1,1,1,1,0,0,0,1,1,1,1,1,1,1,1,0,0,0,1,1,1,0,0,1,0,0,0,0,0,0,0,1
1134,1.61808313340057,1,1,0,1,1,1,1,1,1,0,0,1,0,1,1,1,1,1,1,1,1,1,1,1,0,0,1,1,0,1,0,1,1,1,1,0,1,1,1,0
1135,-0.500797446317945,1,1,0,1,1,1,0,1,1,1,1,0,1,0,1,1,1,0,0,1,0,1,0,1,0,1,0,0,0,0,0,0,0,0,1,1,0,0,0,0
1136,-1.7435182621647,0,1,0,0,1,1,0,0,0,0,1,1,0,0,1,0,0,0,0,0,1,0,1,0,1,0,0,0,0,0,1,0,0,1,0,0,0,0,0,0
1137,-1.022381591554,1,0,0,1,1,1,1,0,0,1,0,1,1,0,0,0,0,0,0,0,0,1,1,1,1,1,1,0,1,1,0,0,1,0,0,1,1,0,1,1
1138,-0.151130163035475,0,0,1,0,1,1,1,0,1,1,1,1,1,0,1,1,0,1,1,1,0,1,1,1,0,0,1,0,0,1,0,1,1,1,0,1,1,1,0,0
1139,-0.674408694501363,0,0,0,0,0,1,1,0,1,0,1,1,0,0,0,1,1,1,0,0,0,1,0,0,0,0,1,1,0,1,0,0,0,0,0,0,1,1,0,1
1140,1.19282731842834,1,0,1,0,1,1,1,0,1,1,0,1,0,0,1,1,1,0,1,0,1,1,1,0,1,0,1,1,0,1,0,1,0,1,1,1,1,1,0,1
1141,-1.77260763726186,0,1,0,0,1,0,0,0,0,1,0,1,0,0,0,0,0,0,0,0,1,0,1,0,0,0,0,1,0,0,0,0,1,1,0,0,1,0,1,0
1142,0.192093518162837,1,1,0,1,0,1,0,0,1,1,0,1,0,1,0,1,1,1,1,1,1,1,1,0,1,0,1,0,1,0,0,0,1,1,0,1,1,0,1,0
1143,0.886435566155195,0,1,0,0,1,1,1,1,1,1,1,1,0,0,1,1,1,0,1,1,1,1,0,1,1,0,0,1,0,1,0,0,0,0,1,1,0,1,0,0
1144,0.410863212600508,0,1,0,1,1,1,1,1,1,1,1,1,1,0,0,1,0,0,1,1,1,1,1,0,0,0,1,0,1,1,0,0,0,0,0,1,0,1,1,0
1145,0.926094373308302,1,1,1,1,1,1,1,0,1,1,0,1,1,0,1,1,1,0,1,1,1,1,1,1,1,0,1,1,1,1,0,1,0,1,1,0,1,1,0,0
1146,-0.180994172339701,1,0,0,1,0,1,0,0,1,0,1,1,0,0,1,1,1,1,1,0,1,1,1,1,1,0,0,0,0,1,0,0,0,0,0,1,0,0,0,1
1147,-0.296027664719141,0,0,0,1,0,1,0,0,1,0,0,0,1,0,0,1,0,0,1,0,1,1,1,1,0,0,1,1,0,0,0,0,0,0,0,0,1,0,1,1
1148,1.48794025820241,0,0,1,1,1,1,1,1,1,1,0,1,1,0,0,1,1,1,1,1,1,1,1,1,1,1,0,1,1,0,0,1,1,0,1,1,1,1,1,1
1149,-0.474218441621642,1,0,0,0,0,1,1,0,1,0,1,1,0,0,1,1,0,0,0,0,0,1,1,1,0,0,1,0,1,0,0,0,0,0,1,1,1,0,0,1
1150,-1.50700738579337,0,1,0,0,0,0,1,1,0,1,1,0,0,0,0,1,0,0,0,0,1,1,1,0,0,0,1,1,0,1,0,0,0,0,0,0,0,1,0,0
1151,-0.73525963608663,0,1,0,0,1,1,1,1,1,1,0,1,0,0,0,0,0,0,0,0,1,1,0,1,0,0,0,0,0,1,0,0,0,0,1,0,0,0,0,0
1152,0.642013464176826,0,1,0,0,1,1,1,0,1,1,0,1,1,0,1,1,1,0,1,1,1,1,1,1,0,0,0,1,1,1,0,1,0,0,0,1,1,1,1,0
1153,-3.52662254587124,1,0,0,0,0,0,1,0,0,1,0,1,0,0,1,0,0,0,0,0,0,0,0,0,0,0,0,0,0,0,0,0,0,0,1,0,0,1,0,0
1154,-0.0704283515724725,0,0,1,1,1,1,0,1,1,1,0,1,0,0,1,1,1,1,1,0,1,1,0,1,1,0,0,0,0,1,0,0,1,0,0,0,1,0,0,0
1155,0.578437003914672,1,1,0,1,1,1,1,1,1,1,1,1,0,0,0,1,1,0,1,1,1,1,1,1,1,1,1,0,1,1,0,1,0,0,1,1,1,1,1,1
1156,-0.700920497015689,0,0,1,1,1,1,0,1,1,1,0,0,0,0,1,1,0,1,0,0,1,1,0,1,1,0,0,0,0,1,1,0,0,1,0,1,0,1,1,1
1157,-0.954609050868354,1,1,0,0,0,1,1,1,0,0,1,1,0,0,0,1,1,1,0,1,1,1,1,1,0,1,0,1,1,0,0,0,1,0,1,0,0,0,0,0
1158,0.0147877416775503,1,0,0,1,1,1,1,0,1,1,1,1,1,0,1,1,1,0,1,1,1,1,1,1,0,0,0,0,0,0,0,0,1,0,1,0,1,0,0,0
1159,-2.03404201364603,0,0,0,0,0,1,0,0,1,0,0,1,1,0,0,0,0,0,0,0,1,0,0,0,0,0,1,0,0,0,0,0,0,0,0,0,0,1,0,0
1160,0.408771404442249,1,1,1,1,1,1,1,1,1,1,0,1,1,0,1,1,1,1,1,0,1,1,1,1,1,0,1,1,0,1,0,0,1,1,0,1,1,1,0,0
1161,-0.985535690600027,1,0,0,0,1,1,0,0,0,0,1,1,0,0,1,1,0,0,0,0,1,1,1,0,1,0,1,0,0,1,0,0,0,1,0,0,0,1,0,1
1162,1.03071223060675,1,1,1,0,1,1,1,1,1,0,1,0,1,0,1,1,1,1,1,0,1,1,0,1,1,1,0,0,1,1,0,1,0,1,1,0,1,1,1,0
1163,-0.758840106501442,0,1,0,0,0,1,1,0,1,0,1,0,1,1,1,0,1,0,1,0,1,1,1,1,0,0,1,0,0,1,0,0,0,1,1,0,1,1,0,0
1164,1.32501469848648,1,0,1,0,1,1,1,1,1,0,1,0,0,1,1,1,1,1,1,0,0,1,1,1,1,0,1,0,0,1,0,0,0,1,1,0,1,0,0,0
1165,1.07871984145682,0,1,1,1,1,1,1,1,1,1,1,0,0,1,1,1,1,1,1,0,1,1,1,1,1,0,1,1,0,1,0,1,1,1,1,0,1,0,1,0
1166,-0.534302113032641,0,1,1,1,0,1,1,0,1,0,1,1,1,0,1,0,0,1,1,0,0,1,0,1,0,1,1,0,0,0,0,0,1,0,1,0,0,0,0,0
1167,-0.793310405330211,0,1,0,1,0,1,0,1,0,0,1,1,1,0,1,1,1,0,0,1,1,1,1,0,1,0,0,0,0,0,0,0,1,0,0,0,0,1,1,0
1168,0.981025543059745,0,0,0,0,0,1,1,1,1,0,1,1,1,1,0,1,1,1,1,0,1,1,1,1,1,0,1,1,0,1,0,0,0,0,1,0,1,0,1,0
1169,-0.236789646366851,0,0,0,1,0,1,0,0,1,1,1,1,0,0,1,1,0,0,0,0,1,1,0,1,1,0,1,0,1,0,0,0,0,0,0,0,0,0,0,0
1170,-1.2531922250043,0,0,0,1,0,1,0,0,1,1,0,0,1,0,0,0,0,0,1,0,0,1,0,0,0,0,0,0,1,1,0,0,0,0,1,0,0,1,1,1
1171,-0.19437318746463,1,0,1,0,0,1,1,1,1,1,1,0,1,1,1,1,0,1,1,0,1,1,1,1,1,0,1,1,1,0,1,0,0,1,0,0,0,1,0,0
1172,0.835549069433744,1,1,1,1,1,1,1,1,1,0,1,1,1,0,1,1,1,1,1,1,0,1,1,1,1,0,1,1,0,0,0,1,1,1,0,0,1,1,1,0
1173,1.21262695422547,0,1,0,0,0,1,1,0,1,1,0,0,0,0,1,1,1,1,1,0,0,1,1,1,1,0,1,0,0,0,0,0,0,1,0,1,1,1,1,0
1174,-0.717179528986141,0,1,1,0,1,1,0,0,0,0,0,1,0,0,0,1,1,1,1,0,1,1,0,1,1,0,1,0,0,1,0,0,0,0,0,0,0,1,0,0
1175,1.19200069411707,1,1,0,1,1,1,0,1,1,1,1,1,1,0,1,1,1,1,1,0,1,1,1,1,1,1,1,1,1,1,1,1,0,1,1,1,1,1,0,1
1176,-2.14320411949835,0,0,0,0,1,0,1,1,0,0,0,0,1,0,0,0,0,0,0,0,1,0,0,0,1,0,0,1,1,1,0,0,0,1,0,0,1,0,0,0
1177,1.17678820336609,1,0,1,1,1,1,1,1,1,0,1,0,0,0,1,1,1,0,1,0,1,1,1,1,1,1,1,1,1,1,0,1,1,1,0,0,1,0,0,0
1178,1.086611995341,1,1,1,0,0,1,1,1,1,1,1,1,0,1,1,1,1,1,1,0,1,1,1,0,1,1,0,0,1,1,0,1,1,1,0,0,1,1,0,0
1179,-0.896244628414262,0,1,1,1,0,1,1,0,1,1,1,1,0,0,1,0,0,0,0,0,1,1,1,0,1,0,0,1,0,0,0,0,1,0,1,0,1,0,0,0
1180,-0.11421478070721,1,0,0,0,1,1,1,1,1,1,1,1,0,1,1,1,0,0,1,0,1,1,1,1,1,0,1,1,0,1,0,0,0,1,1,1,1,1,1,0
1181,-1.20892253925766,0,0,0,0,0,0,1,0,0,0,0,0,0,0,1,0,0,1,0,0,0,1,1,1,1,0,0,1,0,1,0,0,1,0,1,0,0,1,1,0
1182,-1.19828270367285,0,1,0,0,0,1,1,0,0,0,1,1,1,0,1,0,0,0,1,0,0,1,0,1,1,0,1,0,1,0,0,0,0,0,1,1,1,0,0,0
1183,-0.542346141322504,1,1,0,1,1,1,1,1,1,1,1,0,1,0,0,1,1,0,0,0,0,1,1,0,0,0,1,1,0,0,1,0,1,1,1,1,0,0,0,0
1184,-0.66187444706465,0,0,0,1,1,1,1,1,1,1,0,1,0,0,1,1,0,0,1,0,0,0,1,0,1,0,0,0,0,1,0,0,0,0,1,1,0,1,0,0
1185,0.871170144406511,1,1,0,0,1,1,1,1,1,1,0,0,1,0,1,1,1,0,1,1,1,1,0,1,1,0,0,0,1,0,1,0,0,1,1,0,1,0,1,0
1186,-2.21893229337921,1,0,1,0,0,1,0,1,0,1,0,1,0,0,0,0,0,0,0,0,1,0,1,1,1,0,0,0,1,0,0,0,0,0,0,0,1,1,0,0
1187,0.734450339984405,0,1,1,0,1,1,1,1,1,0,0,0,0,1,1,1,1,1,1,1,1,1,1,1,0,0,1,1,1,1,0,0,1,1,0,0,1,0,0,1
1188,0.0316588845264607,0,0,1,0,0,1,0,1,1,1,1,1,0,1,0,1,1,0,1,1,0,1,0,0,1,0,1,0,1,0,0,0,1,0,1,1,0,1,0,0
1189,-0.819878977065087,0,0,0,0,0,1,0,0,1,1,0,1,1,0,1,0,0,0,0,0,1,1,1,1,0,0,0,0,0,0,0,0,1,0,0,0,0,1,0,0
1190,-0.899726747220862,0,1,0,0,1,1,1,1,1,0,1,0,0,1,0,1,0,0,1,0,1,1,0,0,1,0,0,0,1,0,0,0,1,1,1,0,1,1,0,0
1191,0.983884298479577,1,1,0,1,1,1,1,0,1,1,0,0,0,1,0,1,1,0,1,1,1,1,0,1,0,0,1,1,1,0,0,1,1,0,0,0,1,0,0,0
1192,-0.527116637453155,0,1,0,1,1,1,0,1,1,1,1,1,1,0,0,1,1,0,0,0,1,1,0,1,1,0,0,0,1,1,0,0,1,1,0,0,0,0,1,0
1193,0.667336895992906,1,1,1,1,0,1,0,0,1,1,1,0,0,0,1,1,1,0,1,0,1,1,0,0,1,0,0,0,1,1,1,0,0,0,0,1,0,1,1,0
1194,-0.118719569972966,0,0,0,1,1,1,1,1,1,0,1,1,1,0,1,1,1,1,0,0,1,1,0,1,1,1,1,0,0,0,0,0,1,1,0,1,1,1,0,1
1195,-1.60778516035014,0,0,0,0,1,1,1,0,0,0,0,1,0,0,0,0,0,1,1,1,1,1,1,0,0,0,0,0,0,1,0,0,0,0,0,0,0,0,0,0
1196,0.0942480442810962,0,1,0,0,1,1,1,0,1,1,0,0,0,0,1,1,1,1,1,0,0,1,1,1,1,0,1,0,0,1,0,0,1,1,0,0,1,1,1,1
1197,-1.39122067879687,0,0,0,0,1,1,0,0,1,1,0,0,0,0,1,0,0,0,1,0,1,1,0,0,1,0,1,1,0,0,0,0,0,1,1,0,0,1,1,0
1198,0.786759939922093,0,1,1,1,0,1,1,1,1,0,1,1,0,0,1,1,1,0,1,0,1,1,0,0,1,0,0,0,1,0,0,0,1,1,1,1,0,1,0,1
1199,-0.352247495787346,0,1,0,1,1,1,1,0,1,0,1,0,0,0,1,1,0,0,1,0,1,1,1,1,1,0,0,1,1,1,0,0,1,0,1,0,1,1,0,0
1200,0.613807810057942,0,0,0,1,1,1,0,1,1,1,0,1,0,0,1,1,1,0,1,0,1,1,0,1,1,0,1,0,1,0,0,1,0,1,1,0,0,1,0,0
1201,1.65367692403249,0,1,0,0,1,1,1,1,1,1,1,1,0,1,1,1,1,1,1,0,0,1,0,1,0,0,1,0,0,1,0,1,1,1,1,0,0,1,1,0
1202,-0.567425653797424,0,1,0,1,0,1,1,0,0,0,1,0,1,0,1,1,0,1,1,0,1,1,1,0,1,0,1,0,0,0,0,0,0,1,0,0,0,1,0,0
1203,-1.54391398033185,0,0,0,0,1,0,1,1,0,0,0,1,0,1,0,0,0,0,0,0,1,0,0,0,1,0,1,0,0,1,0,0,0,0,1,0,0,1,0,0
1204,-0.984021165196528,1,0,0,0,0,1,0,0,1,0,0,0,0,0,1,0,0,0,1,0,0,1,0,1,0,0,1,0,0,0,0,0,0,0,1,0,1,0,0,0
1205,0.655656017120198,0,1,1,0,1,1,1,0,1,0,1,1,0,1,0,1,1,1,1,0,0,1,1,1,0,1,1,0,1,1,0,0,0,1,0,0,0,1,1,1
1206,-0.346761275702464,0,1,0,1,0,1,1,0,1,0,0,1,0,0,0,1,0,1,1,1,1,1,1,0,0,1,0,0,0,0,0,0,1,1,1,0,1,0,0,0
1207,0.40561672065708,1,0,0,0,1,1,1,0,1,0,1,1,0,0,0,1,1,1,1,0,1,1,1,0,0,0,1,0,1,1,0,0,0,0,0,0,1,1,1,0
1208,0.181579438566742,1,0,0,0,1,1,1,0,1,1,1,1,1,0,1,1,0,0,1,0,1,1,0,0,1,0,0,0,1,0,0,0,0,1,1,0,0,1,0,0
1209,1.51784926140127,1,1,1,1,1,1,0,1,1,1,0,1,1,0,0,1,1,1,1,0,1,1,1,1,1,0,1,0,0,1,0,1,1,1,0,0,1,0,1,1
1210,0.208010894642137,1,1,1,0,0,1,1,1,1,1,1,1,0,0,1,1,1,0,1,0,1,1,0,1,1,1,0,0,1,0,0,0,0,1,1,0,0,0,1,1
1211,1.22370520092679,0,0,1,0,1,1,0,0,1,1,1,0,1,0,1,1,1,1,1,0,1,1,1,1,0,1,1,1,0,1,0,0,1,1,1,1,1,0,1,0
1212,-0.26637220946771,1,0,0,0,1,1,1,0,1,0,0,1,1,0,1,1,1,0,1,1,0,1,1,1,0,0,0,0,0,0,0,0,0,1,0,1,0,0,0,1
1213,-0.675642085932383,0,1,1,0,1,1,1,1,1,0,0,1,0,0,0,1,0,1,1,0,1,1,1,1,1,0,1,1,0,0,0,0,1,0,1,0,0,0,0,0
1214,0.40336439981484,1,0,1,1,1,1,1,0,1,0,1,1,0,0,1,1,1,0,1,0,0,1,1,1,1,0,0,0,1,0,0,0,1,1,0,1,1,1,0,0
1215,-0.714874832735646,0,0,0,0,1,1,1,1,1,1,1,1,0,0,1,1,0,0,1,0,0,1,0,1,1,0,1,0,0,1,0,0,0,1,0,0,0,1,1,0
1216,-0.282886155228933,1,0,0,0,1,1,0,1,1,0,0,0,0,1,1,1,1,1,1,0,1,1,0,1,1,0,1,0,0,1,0,0,1,0,1,0,1,0,0,1
1217,0.629879979941629,1,0,0,0,1,1,1,1,1,0,0,1,0,0,1,1,1,1,1,1,1,1,0,1,1,0,1,1,0,1,0,0,0,1,0,1,0,1,0,0
1218,1.4196624605319,1,1,0,1,1,1,1,1,1,1,1,1,1,1,1,1,1,0,1,1,1,1,1,1,1,1,1,1,0,1,0,1,0,0,0,1,1,1,1,1
1219,-0.459383919252798,0,1,0,1,0,1,1,0,1,1,0,1,0,0,0,1,0,0,1,0,1,1,1,1,1,0,1,1,1,0,0,0,0,0,0,0,1,0,0,1
1220,1.38497568729627,1,1,0,1,1,1,1,0,1,0,1,0,1,0,1,1,1,0,1,1,1,1,1,1,1,0,1,0,1,1,0,1,1,1,1,1,1,1,1,1
1221,-0.0940300670938715,0,0,0,1,1,1,1,0,1,1,1,1,0,0,1,1,1,0,1,1,0,1,0,1,0,1,1,1,0,1,1,0,1,0,1,1,0,1,0,0
1222,1.26768312165041,1,0,1,1,0,1,1,1,1,1,0,1,1,1,0,1,1,1,1,0,1,1,1,1,1,1,1,1,1,1,0,1,1,0,0,1,1,0,1,0
1223,0.088317054404002,1,0,0,1,1,1,0,0,1,1,1,1,1,0,0,1,0,0,1,1,1,1,1,0,0,0,0,1,0,0,0,0,0,0,1,0,0,0,0,0
1224,-0.607986783607972,0,0,0,1,0,1,0,1,1,1,1,1,0,0,1,1,1,0,1,0,1,1,1,1,1,0,0,0,0,0,0,0,0,0,0,1,1,1,1,1
1225,2.55812213160664,1,1,0,1,1,1,0,0,1,1,1,0,0,1,1,1,1,1,1,1,1,1,1,1,1,0,1,0,1,1,0,1,1,0,1,1,0,1,0,1
1226,2.07487286464519,1,1,1,1,1,1,0,1,1,1,1,1,1,0,1,1,1,1,1,1,1,1,0,1,1,0,1,0,1,1,0,1,0,0,1,1,1,1,1,0
1227,1.00899945644449,0,1,0,1,1,1,1,1,1,0,1,0,0,0,0,1,1,0,1,1,1,1,1,1,1,1,0,1,1,0,0,1,1,0,1,0,0,0,1,1
1228,-0.359895206352251,0,1,0,1,0,1,1,0,1,0,1,0,0,1,1,1,0,0,1,0,1,1,0,0,1,0,1,1,0,0,1,0,0,1,1,0,1,1,1,0
1229,-0.139281697731761,0,1,0,1,1,1,1,1,1,0,1,1,0,0,1,0,1,0,1,0,1,1,1,1,1,0,0,1,1,1,1,0,0,0,1,1,1,1,0,0
1230,0.430760637192724,1,1,1,1,1,1,1,1,1,1,0,1,1,0,1,1,1,0,1,1,1,1,0,1,1,0,0,1,0,1,1,0,1,1,0,0,1,0,0,1
1231,-1.1505599717779,0,0,0,0,1,0,1,0,0,1,1,1,1,0,1,0,0,0,0,0,1,1,1,1,1,0,0,0,0,1,0,0,1,0,1,0,0,1,0,0
1232,-0.0465971690107089,0,0,1,1,1,1,0,1,1,0,0,1,0,0,1,1,0,0,1,1,1,1,0,0,1,0,1,1,1,0,1,0,1,0,0,1,1,0,0,0
1233,-1.42549028844822,0,1,1,0,1,1,0,1,0,0,1,1,0,0,1,0,1,1,0,0,0,1,0,0,0,0,1,1,0,0,1,0,0,0,0,1,0,1,0,0
1234,-1.49509430667989,1,0,0,1,0,1,0,1,1,1,1,0,0,0,1,0,0,1,0,1,1,0,0,1,0,0,1,1,1,0,0,0,0,0,0,0,1,1,0,1
1235,-0.439115269287585,0,1,0,1,0,1,1,0,0,1,1,1,0,0,1,1,0,1,1,0,1,1,1,1,0,1,1,1,1,0,0,0,1,0,0,0,1,0,0,0
1236,-1.55050043660194,0,0,0,0,0,1,1,0,1,0,1,0,0,0,1,0,0,1,0,0,1,0,0,0,1,0,1,0,0,0,0,0,0,0,0,0,0,0,0,0
1237,-1.29501861945421,0,1,0,1,1,0,0,0,0,0,0,0,0,0,0,0,0,0,0,0,0,0,0,0,1,0,0,1,1,0,0,0,1,0,0,0,0,0,0,0
1238,1.19201105203363,1,1,0,0,1,1,1,0,1,1,1,1,0,1,1,1,1,0,1,1,1,1,0,1,1,0,1,0,0,1,0,1,1,1,0,0,0,0,1,0
1239,-0.717185326247395,1,1,0,0,0,1,1,0,1,0,0,0,0,0,0,0,0,0,1,0,1,1,0,1,1,0,0,0,1,1,0,0,1,0,0,1,0,1,1,0
1240,0.87568262595558,0,1,1,0,1,1,1,0,1,1,1,1,0,0,1,1,1,0,1,0,1,1,1,1,1,0,0,0,1,0,0,1,1,1,1,0,1,0,0,0
1241,1.44847222600095,1,1,1,0,1,1,1,0,1,0,1,1,0,1,1,1,1,0,1,1,1,1,1,0,1,1,0,0,0,1,0,1,1,1,0,1,1,1,1,0
1242,-1.15048160739787,0,1,1,0,0,1,1,0,1,0,1,1,1,0,0,1,0,0,0,0,1,1,1,1,1,0,1,0,1,1,0,0,0,0,0,0,0,0,1,0
1243,-1.34339299977147,1,1,0,0,1,1,1,0,0,1,1,0,0,0,0,0,0,1,0,1,0,0,1,0,1,0,0,0,0,1,0,0,0,0,1,0,0,1,0,0
1244,-0.952307166835386,0,1,1,1,0,1,0,1,1,1,0,0,0,0,0,0,0,1,1,0,1,1,1,1,0,0,1,0,0,0,0,0,0,0,1,0,0,1,0,0
1245,-0.282847195737564,0,1,1,1,0,1,0,0,1,1,0,0,0,0,1,0,1,0,1,0,1,1,1,0,1,1,0,0,1,0,0,0,0,0,1,0,0,0,1,0
1246,-0.67405423912035,0,0,0,1,0,1,1,0,1,1,0,0,0,1,0,1,0,0,1,1,0,1,1,0,1,1,1,1,1,0,0,0,0,0,1,0,0,0,0,0
1247,0.218868611452777,1,1,1,0,1,1,1,0,1,1,0,0,1,1,1,0,1,1,1,0,1,1,1,0,1,0,1,1,0,1,0,0,0,0,0,1,1,1,0,1
1248,-0.784717525641383,0,1,0,1,1,1,0,1,1,1,0,0,0,1,1,1,1,0,0,0,0,1,0,0,1,0,1,0,0,1,0,0,1,0,1,0,0,0,0,0
1249,-1.17998181370943,0,0,1,0,1,1,0,1,1,1,0,0,0,0,0,0,0,0,1,0,0,1,0,1,0,1,0,1,0,0,0,0,1,0,0,0,0,0,0,0
1250,0.141380582641346,0,1,1,1,1,1,1,1,1,0,0,1,0,0,1,1,1,0,1,1,0,1,1,1,0,1,1,0,0,1,0,0,0,0,0,0,0,1,1,1
1251,-0.0964795520369124,0,1,0,0,1,1,1,0,1,1,1,0,0,1,0,1,1,0,1,0,1,1,0,0,0,0,0,0,1,1,0,0,1,1,0,0,0,1,0,0
1252,-0.800763598272748,1,0,0,1,1,0,1,0,1,1,1,1,0,0,0,1,0,0,0,1,0,1,1,1,1,0,1,0,0,0,0,0,1,0,1,0,1,0,0,0
1253,2.44392551879403,0,1,1,1,1,1,1,1,1,1,1,1,1,1,1,1,1,1,1,1,1,1,1,1,1,0,1,1,0,1,0,1,1,1,1,1,1,1,1,0
1254,-0.509321173175137,1,0,0,0,0,1,0,1,1,1,0,1,1,1,1,1,1,0,1,1,1,1,0,1,1,1,0,1,0,1,0,0,0,0,0,0,1,0,0,0
1255,0.962776857837077,1,1,0,0,1,1,0,1,1,0,0,0,1,0,1,1,1,1,1,0,1,1,0,1,1,0,1,0,1,1,0,0,1,1,1,1,0,1,1,0
1256,0.179081787647906,0,0,0,1,0,1,0,1,1,0,0,0,1,0,1,1,1,1,1,0,1,1,1,1,1,1,0,0,1,0,0,0,0,0,0,0,1,1,0,1
1257,0.368876515245977,1,1,0,1,0,1,1,1,1,1,1,0,1,1,1,1,1,1,1,1,1,1,1,1,0,0,0,0,0,1,0,0,1,0,0,0,0,1,0,0
1258,-2.87927183086346,0,0,0,0,0,0,0,0,0,1,0,0,0,0,1,0,0,0,0,0,1,0,0,1,1,0,0,0,0,0,0,0,0,0,0,0,0,0,0,0
1259,-1.6638113867515,0,1,0,1,0,1,0,0,0,0,0,1,0,1,1,0,0,1,0,0,0,0,1,0,0,0,0,1,1,1,0,0,1,1,1,0,0,0,0,0
1260,0.675536306007473,1,1,0,1,1,1,1,0,1,1,1,1,1,0,1,1,1,1,1,1,1,1,1,0,1,0,1,0,1,0,1,0,0,0,0,1,0,0,0,0
1261,0.0836362165182651,0,0,0,0,1,1,0,1,1,1,0,1,1,0,1,1,1,1,1,0,1,1,1,1,0,0,1,0,1,1,0,0,1,0,1,1,1,1,1,0
1262,-1.55335516994625,0,0,0,0,1,1,1,0,0,1,0,1,0,0,0,0,0,1,0,0,1,0,0,0,1,0,0,1,0,1,0,0,0,0,0,0,0,0,0,0
1263,-1.08203332706649,0,0,0,0,1,1,0,0,1,0,0,0,0,1,1,1,0,0,0,0,0,1,0,1,0,1,1,0,0,0,0,0,0,0,0,0,0,0,0,0
1264,0.892279607449453,1,0,0,0,1,1,1,1,1,1,1,1,1,0,1,1,1,1,1,0,1,1,0,1,0,0,1,0,0,1,0,1,0,1,1,0,1,1,0,0
1265,-0.974216290584105,0,0,1,0,1,1,1,0,0,0,1,1,0,0,1,0,1,1,0,1,1,1,0,0,1,0,0,1,1,0,1,0,0,0,1,0,1,1,0,0
1266,-0.138993632420489,0,0,0,1,1,1,1,0,1,0,1,1,0,0,1,1,0,1,1,1,1,1,1,1,1,1,1,1,1,1,0,0,0,0,1,0,1,0,0,0
1267,-0.00339821741276473,0,0,0,1,1,1,1,1,1,0,0,1,0,1,1,1,1,1,1,1,1,1,0,1,0,0,0,0,0,1,0,0,0,0,1,0,0,0,0,0
1268,-0.402142788024634,0,1,0,1,0,1,1,0,1,1,1,0,1,0,0,1,0,0,0,0,1,1,1,1,0,1,1,0,1,1,0,0,0,1,0,1,0,0,0,0
1269,-0.135772069692291,0,1,1,0,0,1,0,1,1,0,1,1,0,1,0,1,0,1,1,0,1,1,1,1,1,0,1,0,1,0,0,0,0,0,0,0,1,1,0,0
1270,-0.403409927506257,0,1,0,1,1,1,1,0,1,0,0,0,1,0,1,1,1,1,1,0,0,1,1,0,1,0,1,0,0,0,0,0,0,0,0,0,1,0,1,1
1271,-0.167357829543547,1,0,1,1,1,1,1,0,1,1,1,1,0,0,0,1,0,0,1,1,1,1,0,1,1,1,1,0,0,0,0,0,0,1,0,0,0,0,0,1
1272,-0.962258061269752,1,0,0,1,0,1,1,0,0,1,0,0,0,0,0,0,1,1,0,0,1,0,0,1,0,0,1,0,0,0,0,0,0,0,1,0,1,1,0,0
1273,0.1860637650431,1,0,0,1,1,1,1,1,1,1,0,0,1,1,1,1,1,0,1,1,1,1,1,0,1,0,1,0,0,1,0,0,1,1,0,0,1,1,1,0
1274,1.33059953840628,1,1,0,0,1,1,1,1,1,1,0,0,0,0,1,1,1,1,1,0,1,1,0,0,1,0,1,1,0,1,1,0,1,1,0,0,1,1,0,1
1275,1.43173887473467,0,1,1,0,0,1,1,1,1,0,1,0,0,1,1,1,1,1,1,0,0,1,1,1,1,1,0,0,0,1,0,1,0,1,1,0,1,1,1,0
1276,-0.681985298189451,0,1,0,0,1,1,0,0,1,1,0,1,0,1,0,1,0,1,1,1,1,1,1,0,1,0,0,0,0,1,0,0,0,0,1,0,0,0,1,1
1277,0.291430493142743,0,0,0,0,1,1,1,1,1,1,1,1,0,0,0,1,1,0,1,1,1,1,1,0,1,0,1,1,1,1,0,0,1,0,1,0,0,0,0,0
1278,1.68894726622851,1,1,1,1,1,1,1,0,1,1,0,1,0,0,0,1,1,0,1,1,1,1,1,1,0,0,0,0,0,1,0,0,1,1,1,1,1,1,0,1
1279,-0.469252415181944,1,1,1,0,0,1,1,1,1,0,0,0,1,1,0,1,1,0,0,0,1,1,1,0,0,0,1,0,1,1,0,0,0,1,0,0,1,1,0,0
1280,0.278535750368635,1,0,0,0,0,1,1,1,1,0,0,0,0,0,1,1,1,0,1,1,1,1,1,1,1,0,0,1,0,0,0,0,1,0,1,1,0,1,1,0
1281,-1.45342331169895,0,0,0,0,1,1,1,0,0,1,0,1,0,0,1,0,0,0,0,0,1,1,1,0,1,0,0,0,0,1,0,0,0,1,1,0,0,0,0,0
1282,-0.125958649810675,0,1,0,0,1,1,1,1,1,0,1,0,0,0,0,1,1,1,1,0,1,1,1,1,1,0,0,1,1,1,0,0,0,0,0,0,1,0,1,0
1283,-0.390440411223107,0,1,0,1,0,1,1,0,1,1,0,0,0,1,1,1,1,0,1,1,1,1,0,1,1,1,0,1,1,0,0,0,0,0,1,0,0,1,1,0
1284,1.25186473830253,0,0,1,0,0,1,1,1,1,1,1,0,0,1,1,1,1,0,1,0,1,1,1,1,0,0,1,0,1,1,0,1,1,0,1,1,1,1,0,1
1285,-1.37023419175337,0,1,0,0,1,1,0,1,0,1,0,1,0,0,0,0,0,1,1,0,1,0,0,0,1,0,0,0,0,1,0,0,1,0,0,0,1,0,0,1
1286,-0.594452502916919,1,0,0,0,1,1,1,1,1,0,1,1,0,0,1,1,1,0,0,0,1,1,0,0,1,0,1,0,0,0,0,0,0,1,0,1,0,0,0,1
1287,0.202983742643036,1,0,0,0,1,1,1,0,1,0,1,1,0,0,1,1,1,0,1,0,0,1,1,0,1,0,1,0,1,1,1,0,1,0,0,0,0,0,0,0
1288,-0.170180363639764,0,0,0,0,0,1,0,1,1,1,1,1,0,0,0,1,1,0,1,0,1,1,1,1,1,0,1,0,0,0,0,0,0,1,1,0,0,1,1,0
1289,-0.485452144096641,1,1,0,1,1,1,1,1,1,1,0,1,1,1,1,1,1,0,1,0,0,1,0,0,0,1,1,0,1,1,0,0,1,0,1,0,0,0,0,0
1290,0.527076308546814,0,1,1,0,1,1,1,1,1,1,1,1,0,0,1,1,1,0,1,1,0,1,0,1,0,0,0,0,0,1,1,0,1,0,1,1,0,1,0,0
1291,-0.693668835937027,1,0,0,0,1,1,1,1,1,1,0,1,0,0,1,1,0,0,1,0,1,1,1,1,1,1,1,0,1,0,0,0,1,1,0,0,0,1,1,1
1292,-2.58047212709633,0,0,0,0,1,0,0,0,0,1,1,1,0,0,0,0,0,1,0,0,0,0,0,0,0,0,0,1,0,0,0,0,0,0,0,0,0,0,0,0
1293,0.902526272949537,0,0,1,1,0,1,1,1,1,1,0,0,0,0,0,1,1,1,1,0,0,1,1,1,0,0,1,1,0,0,1,1,0,1,1,0,1,1,0,1
1294,-0.255019108733078,0,1,0,0,0,1,0,1,1,0,0,1,0,1,0,1,1,1,1,0,1,1,1,1,1,0,0,1,0,1,0,0,1,0,0,0,1,1,0,0
1295,-0.371237136047644,0,1,0,0,1,1,1,1,1,1,0,0,0,1,1,1,1,1,1,0,1,1,0,1,1,0,0,0,0,1,0,0,1,1,1,0,1,0,0,0
1296,0.600132758375969,1,0,0,1,1,1,1,0,1,0,1,1,0,0,0,1,1,1,1,0,1,1,0,1,0,1,0,0,1,1,0,0,0,0,0,0,0,1,1,1
1297,-0.039953852495945,1,0,1,0,1,1,1,1,1,1,0,1,0,0,0,1,1,0,1,1,1,1,0,0,1,1,0,1,0,1,0,0,1,1,1,1,1,0,0,0
1298,0.175771851209104,0,0,1,1,0,1,1,0,1,1,1,1,0,0,1,1,1,1,1,0,1,1,1,0,1,1,1,0,0,0,1,0,0,0,0,0,1,0,0,0
1299,1.26776269633332,0,0,1,1,1,1,1,0,1,1,1,1,0,0,1,1,1,1,1,1,1,1,1,0,1,0,1,1,0,1,0,0,0,1,1,1,1,1,0,0
1300,0.811662388525368,1,0,1,1,0,1,0,0,1,1,1,0,0,1,1,1,1,0,1,0,1,1,1,1,1,0,0,1,1,1,1,0,0,0,0,0,1,0,0,0
1301,-1.36207139397201,0,0,0,0,0,0,0,0,1,1,1,1,0,0,1,0,1,0,0,0,1,1,0,1,0,0,0,0,0,0,0,0,0,1,1,0,0,0,0,0
1302,0.362872833424006,0,1,0,0,1,1,1,0,1,1,0,1,0,1,1,1,1,0,1,0,1,1,1,1,1,1,1,1,0,0,0,0,0,1,1,0,0,0,1,0
1303,0.0914372162555751,1,0,0,0,1,1,0,0,1,1,1,1,0,0,0,1,1,1,1,0,1,1,1,0,0,0,1,1,0,0,0,0,0,1,0,0,1,0,0,0
1304,-1.67640520762029,1,0,0,0,0,1,0,1,0,1,0,1,1,0,0,0,0,0,0,0,1,0,0,0,1,0,0,0,0,0,0,0,0,1,0,1,1,0,0,0
1305,-0.167682374359579,0,0,0,1,1,1,1,1,1,1,0,1,0,0,1,1,1,0,1,0,1,1,1,1,0,0,1,0,1,0,0,0,1,0,1,0,0,0,0,0
1306,-1.15530832443729,1,0,1,0,1,1,1,1,0,1,1,0,0,0,0,0,0,0,1,0,1,1,1,0,1,0,0,1,0,1,0,0,0,1,0,0,0,0,1,0
1307,0.128747885602212,0,1,1,0,0,1,1,1,1,1,0,1,1,1,1,1,1,0,1,1,1,1,0,0,0,0,1,1,0,0,0,0,1,0,0,1,0,0,0,1
1308,0.258954234134515,0,1,0,0,1,1,1,1,1,1,1,1,0,1,1,0,1,0,1,1,1,1,1,1,1,0,1,0,1,0,0,1,0,1,0,1,1,0,0,0
1309,-0.139983630526282,0,0,0,0,1,1,1,1,1,1,1,0,0,0,0,1,1,1,1,1,1,1,0,1,0,0,0,1,0,1,0,0,1,0,0,1,0,1,0,0
1310,-0.765074021450593,0,0,0,0,0,1,1,0,1,0,0,0,0,0,0,1,0,0,0,0,1,1,0,0,0,0,1,0,0,1,0,0,0,0,0,1,1,1,1,0
1311,-0.480055433685522,0,1,0,1,1,1,1,1,1,1,0,1,1,0,0,1,1,1,1,1,0,1,1,0,0,0,0,1,0,0,0,0,0,0,1,0,0,0,1,0
1312,-0.838317806397334,0,0,0,1,0,1,1,0,1,1,1,1,0,1,0,0,1,1,1,0,0,1,1,0,0,0,0,1,1,1,0,0,1,0,0,0,0,1,1,1
1313,2.39323404834935,1,1,1,1,0,1,1,1,1,1,1,1,1,0,1,1,1,1,1,0,1,1,1,1,1,1,1,1,1,1,1,1,0,0,1,1,1,1,1,0
1314,-0.892338564940754,0,1,0,0,0,1,0,0,1,0,1,1,0,0,1,1,1,0,0,1,1,1,1,1,0,1,1,1,1,0,0,0,0,1,1,0,1,1,0,0
1315,0.955572563931991,1,1,0,1,1,1,1,0,1,1,1,1,1,1,1,1,1,1,1,0,1,1,1,0,1,1,1,0,1,1,0,1,0,0,1,0,1,0,0,0
1316,-1.01879221087983,0,1,0,0,0,1,1,1,1,1,1,1,0,0,0,0,0,0,0,1,1,0,1,0,0,0,0,1,0,0,0,0,0,0,1,1,0,1,0,0
1317,2.18894158037744,1,1,0,1,1,1,1,1,1,1,1,1,1,0,1,1,1,1,1,1,1,1,1,1,0,1,1,1,1,1,1,1,0,1,0,0,1,1,0,1
1318,1.15697201237569,0,1,1,1,1,1,1,1,1,1,1,1,1,0,1,1,1,0,1,1,1,1,1,1,1,1,1,0,1,1,1,1,0,1,1,0,0,1,1,0
1319,0.515349877123702,0,1,1,0,0,1,1,1,1,0,1,1,0,0,1,1,1,1,1,0,0,1,1,1,0,0,0,0,1,0,0,1,0,1,0,1,0,1,0,1
1320,-0.0469244927853407,1,0,0,0,0,1,1,1,1,1,1,1,1,1,0,1,1,0,0,0,1,1,1,1,0,0,1,1,1,0,0,0,1,1,0,0,0,1,1,0
1321,-1.17477819124851,0,0,1,0,0,1,1,0,1,1,0,0,1,0,1,1,0,1,0,0,0,0,1,0,1,0,0,0,0,0,1,0,1,0,0,0,1,0,0,0
1322,-0.705321813417468,0,1,0,0,1,1,0,0,1,0,0,0,0,0,0,0,0,0,1,0,0,1,0,1,0,0,0,0,0,0,0,0,0,1,1,1,0,1,1,0
1323,1.67115987075818,1,1,1,1,0,1,1,1,1,1,1,1,0,1,1,1,1,1,1,1,1,1,1,1,1,1,1,1,1,1,1,1,0,1,0,1,1,1,1,1
1324,-0.702021126413954,1,0,0,0,1,1,1,0,0,1,0,1,1,1,0,1,0,1,1,0,1,1,1,0,0,0,0,0,0,1,1,0,0,0,0,0,0,1,0,1
1325,0.181617339355464,1,1,1,0,1,1,0,0,1,1,0,1,0,1,1,1,1,1,1,0,1,1,0,1,1,0,1,0,1,0,0,1,1,1,0,0,0,0,0,0
1326,-1.25257451493174,0,1,0,1,1,1,0,0,0,1,0,1,0,0,0,0,1,0,1,1,1,0,0,0,0,1,0,0,1,1,0,0,1,0,0,0,1,0,0,0
1327,0.694590753192013,0,0,0,1,0,1,1,0,1,1,1,0,1,0,1,1,1,1,1,0,1,1,1,0,1,0,0,0,0,1,0,1,0,0,1,1,0,0,1,0
1328,-2.05941417889561,0,1,1,1,1,0,0,0,0,0,0,0,0,0,0,0,0,1,0,0,0,1,1,0,0,0,0,0,0,0,0,0,0,0,0,0,0,0,0,0
1329,1.53681093594272,1,0,0,0,1,1,0,1,1,0,1,1,0,1,1,1,1,0,1,0,1,1,1,0,0,0,1,1,1,1,1,1,1,1,1,1,0,1,0,1
1330,0.332659173182549,0,1,1,1,0,1,1,1,1,0,0,1,0,1,1,1,1,0,1,0,1,1,0,0,1,0,1,0,0,1,0,0,0,0,0,0,0,1,0,0
1331,1.23549368275443,0,0,1,1,1,1,1,1,1,0,1,0,0,1,1,1,1,1,1,1,1,1,1,1,1,0,1,0,1,1,0,0,0,0,0,1,1,1,1,1
1332,0.337870187717939,0,1,1,0,1,1,0,0,1,1,0,0,0,0,1,1,0,1,1,1,0,1,0,1,1,0,0,0,1,1,0,0,1,1,1,0,0,1,1,0
1333,0.453966764540364,1,1,1,1,0,1,1,0,0,1,1,1,0,1,1,1,1,1,1,1,1,1,1,1,1,0,0,0,1,0,0,1,0,1,1,1,1,1,1,0
1334,0.68193872292523,0,1,1,0,1,1,0,0,1,0,0,1,0,0,0,1,1,1,1,1,1,1,1,0,1,1,1,1,1,1,0,0,0,1,0,0,1,1,0,1
1335,-0.465346304509032,1,1,0,1,1,1,1,1,1,0,0,1,0,0,0,1,0,1,1,0,1,1,0,1,1,0,1,0,1,1,0,0,0,0,1,0,1,1,0,0
1336,-1.53386219364717,0,1,0,1,0,1,1,0,0,1,0,1,0,0,1,0,0,1,0,0,0,0,0,0,1,0,0,1,1,1,1,0,0,0,1,0,0,0,0,0
1337,0.1469008355409,1,1,1,0,1,1,1,0,1,0,1,1,0,1,1,1,0,1,1,1,1,1,0,1,1,0,1,1,1,0,0,0,1,0,0,1,0,1,0,0
1338,0.523613338192166,0,1,1,1,1,1,1,1,1,0,1,0,0,0,0,1,1,0,1,0,0,1,1,1,1,0,1,1,1,1,1,0,0,0,0,1,0,1,1,1
1339,-0.605195494509883,1,1,0,1,0,1,0,0,0,0,0,1,0,0,1,1,1,1,1,0,1,1,0,0,1,1,1,0,0,1,0,0,0,0,1,0,1,0,0,0
1340,1.4665083883734,0,1,0,0,1,1,1,0,1,0,1,1,0,1,1,1,1,1,1,1,1,1,1,1,1,0,0,1,1,1,1,1,1,0,0,0,1,1,1,1
1341,-0.0569099613532949,0,0,0,1,1,1,1,1,0,1,1,1,1,0,1,1,0,0,1,0,1,1,0,1,1,0,1,1,1,1,0,0,0,0,0,0,1,1,0,1
1342,-0.675636455361679,0,1,0,1,1,1,0,1,1,0,0,1,0,0,0,0,0,0,0,0,1,1,1,0,1,0,0,1,0,1,0,0,1,0,0,1,1,0,1,0
1343,0.346682182714415,1,1,1,1,1,1,1,1,1,1,1,1,1,0,1,1,1,0,1,0,1,1,1,1,1,1,1,0,0,1,0,0,1,0,1,1,1,1,0,0
1344,0.540189817859875,0,1,0,0,1,1,1,0,1,1,0,1,0,1,0,1,1,0,1,0,1,1,1,0,0,0,1,1,0,1,1,0,0,0,1,0,0,1,0,0
1345,-0.60691123865328,0,1,0,0,0,1,0,1,1,0,0,1,0,0,0,1,0,0,0,0,0,1,0,0,0,0,0,0,0,0,0,0,1,1,1,0,1,1,0,0
1346,-0.0444242669301176,0,1,0,1,0,1,1,1,1,0,0,0,1,1,0,1,1,0,1,0,1,1,1,0,1,0,0,0,0,1,0,0,1,1,1,1,0,0,1,0
1347,-0.629826234425579,0,1,0,0,1,1,0,0,1,1,0,0,1,1,0,0,0,0,0,0,0,1,1,1,1,0,0,0,0,0,1,0,1,1,0,0,0,0,0,0
1348,-0.913907452067419,1,1,0,1,0,1,0,1,0,0,1,0,1,1,0,0,0,0,0,0,1,1,1,0,1,0,1,0,0,1,0,0,0,1,0,0,0,0,0,0
1349,0.189610462391773,0,0,0,1,0,1,1,1,1,1,1,1,0,0,0,1,1,1,1,0,1,1,1,1,1,1,1,1,0,0,0,0,0,0,0,0,1,1,0,1
1350,1.8682823001094,1,1,1,1,1,1,1,1,1,0,0,1,0,1,0,1,1,1,1,0,1,1,1,1,1,0,1,1,1,1,0,1,1,1,1,1,1,0,0,1
1351,0.60047624256118,1,0,0,1,1,1,1,1,1,0,1,1,0,0,1,1,1,1,1,0,1,1,1,1,1,0,1,0,0,1,0,0,1,0,0,0,0,1,1,1
1352,0.735155786588776,1,1,0,1,1,1,1,1,1,1,0,0,0,0,1,1,1,1,1,0,1,1,1,1,0,1,0,0,0,1,0,0,1,1,0,0,1,1,0,1
1353,-0.3565562956092,0,1,0,1,0,1,1,0,1,0,1,1,1,0,0,1,0,0,1,0,1,1,0,0,1,0,0,0,1,1,1,0,0,1,1,1,1,1,1,0
1354,1.02654135476678,1,1,0,1,0,1,0,0,1,1,0,1,1,0,0,1,1,1,1,1,1,1,1,1,1,0,1,0,1,0,0,1,0,1,1,1,1,1,1,0
1355,2.72624739792839,0,0,1,1,1,1,1,1,1,1,1,1,0,0,1,1,1,1,1,1,1,1,1,1,1,1,1,0,1,1,0,1,1,1,1,1,1,1,0,0
1356,-0.24048280356257,1,1,0,0,0,1,0,1,1,1,0,0,0,1,1,1,0,0,1,1,1,1,1,0,1,0,0,0,0,1,0,0,1,0,1,0,1,0,0,0
1357,-0.809500028461325,1,0,0,0,1,1,0,0,1,1,1,1,1,0,0,0,0,1,1,0,0,1,0,1,0,1,1,0,0,0,0,0,0,0,1,0,1,0,0,0
1358,-2.55603452193808,0,1,0,0,0,0,0,0,0,1,0,1,0,0,0,0,0,0,0,0,0,0,1,0,0,0,0,0,0,1,0,0,1,1,0,0,0,0,0,0
1359,-0.162659048237139,1,1,0,1,1,1,1,1,1,0,0,0,1,0,1,1,1,0,0,0,0,1,0,1,1,0,1,1,0,0,0,0,0,1,0,1,0,0,0,0
1360,0.865264322023428,1,0,1,1,1,1,1,0,1,0,0,1,0,0,0,1,1,0,1,1,1,1,1,1,1,0,0,0,0,1,0,0,0,0,1,0,0,0,1,1
1361,-0.0908216445276323,0,1,0,0,1,1,1,1,1,1,0,1,0,0,1,1,1,1,1,1,1,1,1,1,0,1,1,1,0,1,0,0,1,0,1,1,1,1,0,0
1362,2.21847167114762,1,1,1,1,1,1,1,0,1,1,0,1,1,1,1,1,1,1,1,1,0,1,1,1,1,1,1,1,1,1,0,1,1,1,1,1,1,1,0,1
1363,1.02770261918436,1,0,0,1,0,1,1,1,1,0,1,0,1,0,1,1,1,0,1,0,0,1,1,1,1,1,1,0,0,1,1,1,1,0,0,1,1,1,0,0
1364,-0.139655323123425,1,1,1,0,1,1,0,0,1,0,0,0,0,0,1,1,1,0,0,0,1,1,0,1,1,0,0,0,1,0,0,0,0,1,1,1,0,1,0,0
1365,0.498012901108579,1,1,1,1,1,1,1,1,1,1,1,0,0,0,1,1,1,1,1,0,0,1,1,0,0,1,1,1,1,1,1,1,1,1,0,1,1,0,1,0
1366,-0.173376500827928,1,1,0,1,0,1,1,0,1,1,0,1,1,0,0,1,1,1,1,0,0,1,0,0,1,0,1,1,0,0,0,0,1,0,0,0,1,0,0,0
1367,-0.089261278218974,1,1,1,0,1,1,1,0,1,1,1,0,0,0,1,1,1,1,1,1,1,1,1,1,0,0,1,0,0,1,0,0,0,1,0,1,0,1,0,0
1368,0.0497090796847494,0,0,0,1,0,1,0,0,1,1,1,1,0,1,0,1,1,0,1,0,1,1,0,1,0,0,0,1,1,1,1,0,0,1,1,1,1,1,0,0
1369,0.158508339308682,1,1,0,1,1,1,0,1,1,0,0,1,1,0,1,1,1,0,1,1,1,1,1,1,1,0,1,1,0,0,1,0,0,0,0,1,1,0,0,0
1370,0.494632579768096,1,0,1,1,1,1,1,0,1,0,0,1,0,0,0,1,1,1,1,0,0,1,1,1,0,0,1,0,1,0,0,0,0,0,0,1,1,1,0,0
1371,-0.62010460818276,0,1,0,0,1,0,1,1,1,0,0,0,1,0,0,0,0,0,0,1,1,1,0,1,1,0,0,1,0,0,0,0,1,0,0,0,0,1,0,0
1372,-0.354257828884916,0,0,1,1,1,1,1,0,1,0,0,0,0,0,1,1,1,0,0,1,1,1,1,0,1,1,0,1,1,0,0,0,1,0,1,1,1,0,0,0
1373,-2.12051728173364,0,1,1,0,1,0,0,0,0,0,1,0,1,0,1,1,0,0,0,0,1,0,0,0,1,0,0,1,0,0,0,0,0,1,1,0,0,1,0,0
1374,0.0334720767125312,1,1,0,0,0,1,1,1,1,1,1,1,0,0,1,1,1,0,0,1,1,1,1,1,1,0,1,0,0,1,0,0,1,0,0,0,1,0,1,0
1375,-0.1920175083093,1,1,0,1,0,1,1,0,1,1,0,1,0,1,0,1,1,0,1,0,1,1,1,0,1,0,0,1,1,0,0,0,0,0,0,0,1,0,0,1
1376,-1.07271207676305,0,0,0,0,1,1,1,1,1,0,1,0,0,0,0,0,1,0,0,0,0,0,1,0,1,1,1,0,1,1,0,0,0,1,0,1,0,0,0,0
1377,0.592021437384825,1,1,0,0,0,1,0,0,1,1,1,1,1,0,0,1,1,0,1,1,1,1,1,1,1,0,0,0,1,1,0,0,0,0,0,1,1,1,1,0
1378,0.37889020197932,0,1,0,0,0,1,1,0,1,1,1,0,1,0,0,1,1,1,1,1,1,1,0,1,0,0,1,0,0,1,1,1,1,0,1,0,1,1,0,1
1379,-1.46925737951409,0,1,0,0,0,0,1,0,0,1,0,0,0,1,1,0,0,0,0,0,0,0,1,0,0,1,1,0,0,1,0,0,0,0,0,0,1,0,0,0
1380,-0.610113980542698,1,1,0,0,0,1,0,0,0,1,1,0,0,0,1,1,1,1,1,1,1,1,1,1,1,0,0,0,1,1,0,0,0,0,1,0,1,0,0,1
1381,0.76255390758923,1,1,0,1,1,1,1,0,1,1,1,0,1,1,1,1,1,1,1,1,1,1,0,1,1,0,1,0,1,0,0,1,0,0,0,1,1,1,1,1
1382,-0.776345188283549,0,1,0,0,0,1,0,0,0,1,0,0,0,0,1,0,0,0,0,1,1,1,1,0,1,0,0,0,0,0,0,0,0,0,0,1,1,1,0,0
1383,-0.277315045306189,0,0,1,0,0,1,1,1,1,0,0,1,0,1,1,1,1,1,0,1,0,1,0,0,1,1,0,1,0,0,0,0,1,0,1,0,0,1,0,0
1384,0.658941208464838,1,1,1,1,1,1,1,0,1,0,1,1,1,0,1,1,1,1,1,0,1,1,0,1,1,1,1,0,1,1,0,1,0,0,1,1,1,1,1,0
1385,-0.51803221065558,1,1,0,1,1,1,1,0,1,0,0,0,0,1,1,1,1,0,0,1,1,1,0,1,1,0,0,0,0,0,0,0,1,0,0,0,0,1,0,0
1386,-0.193501438691122,0,1,1,0,0,1,0,0,1,0,1,1,1,1,1,1,1,0,1,1,1,1,0,1,1,0,0,1,1,1,0,0,0,0,1,0,1,1,0,0
1387,0.630325404878266,1,1,0,1,0,1,1,1,1,0,1,1,1,1,0,1,1,1,1,0,1,1,0,0,0,0,1,1,0,1,1,0,1,1,1,0,1,1,0,0
1388,-1.28785376364899,0,0,0,0,0,1,1,1,1,0,1,0,0,0,0,0,0,0,0,0,1,0,0,0,0,0,1,0,0,1,0,0,0,0,1,1,0,1,0,0
1389,0.818958402492817,0,1,0,1,1,1,0,1,1,0,0,1,1,0,1,1,1,0,1,0,1,1,1,1,1,0,1,0,1,0,0,1,0,0,0,1,1,1,0,0
1390,-0.165808977541886,1,1,1,0,0,1,1,1,1,1,1,0,1,1,1,1,1,0,1,1,1,1,0,1,0,1,0,0,0,0,0,0,0,0,0,0,1,1,1,0
1391,0.318335578944123,0,1,0,1,0,1,1,0,1,0,1,1,1,1,1,1,1,1,1,0,1,1,1,1,1,0,0,1,0,1,0,0,1,1,1,0,1,0,0,0
1392,-0.94847678374525,1,1,1,0,0,1,0,1,1,0,1,0,0,0,1,0,0,0,0,0,1,0,1,0,1,0,0,0,0,0,0,0,0,0,1,0,0,0,0,0
1393,-0.346942248945101,0,1,1,1,1,1,0,0,0,0,1,1,0,0,0,0,1,1,1,0,0,1,0,0,1,1,1,1,0,0,0,0,0,1,1,0,0,1,0,0
1394,0.25071980172406,1,1,0,0,1,1,1,0,1,0,1,1,1,0,0,1,1,1,1,0,1,1,1,0,0,0,1,0,1,0,0,0,1,1,1,1,0,1,1,0
1395,-1.16098596055422,1,1,1,0,1,0,1,0,1,0,0,0,1,1,0,1,0,1,0,0,0,0,0,0,1,1,0,0,1,0,0,0,0,0,0,0,1,0,0,0
1396,-0.67599690047676,0,1,0,1,0,1,1,1,1,1,0,0,1,1,1,0,0,0,1,0,0,1,1,0,1,0,0,0,1,1,0,0,0,0,0,0,0,1,0,1
1397,-1.73193382992166,0,0,0,1,0,0,0,0,0,1,1,0,0,0,0,0,0,0,0,0,0,1,0,0,1,0,0,0,1,0,0,0,0,1,0,0,1,1,0,0
1398,0.539857922991642,1,1,1,0,1,1,1,1,1,1,0,1,0,0,1,1,1,1,1,1,1,1,0,1,1,0,1,0,1,1,0,0,1,0,0,0,1,0,1,0
1399,-0.261730399006351,0,0,1,0,1,1,1,0,1,0,1,1,0,0,1,1,0,0,1,0,0,1,1,0,1,0,0,0,1,0,1,0,0,1,1,0,1,1,1,0
1400,-0.212825211353121,0,1,1,1,1,1,0,0,1,0,1,0,0,0,0,1,1,0,1,0,1,1,0,1,0,1,0,0,1,0,1,0,1,0,1,0,1,1,1,1
1401,1.45365087790444,1,1,1,1,1,1,1,1,1,1,0,1,0,0,1,1,1,1,1,1,1,1,1,1,0,0,0,0,1,0,0,1,0,1,0,0,1,1,0,1
1402,0.675952781956994,1,0,0,0,0,1,0,0,1,1,0,0,0,0,0,1,1,1,1,0,1,1,1,0,1,0,0,0,1,1,1,0,1,1,1,1,1,1,1,0
1403,1.55063917011731,0,1,0,0,0,1,1,1,1,1,0,1,0,1,1,1,1,1,1,0,1,1,1,1,1,1,1,1,1,1,0,1,0,0,1,0,1,1,0,1
1404,0.43634430800931,0,1,1,1,0,1,1,0,1,1,1,0,0,0,1,1,1,0,1,0,1,1,1,0,1,1,1,1,1,1,0,0,0,1,0,0,1,0,0,0
1405,-1.19217236698211,0,1,0,0,1,1,0,1,1,1,1,0,0,0,0,0,0,1,0,0,0,0,0,1,0,0,0,1,0,0,0,0,0,0,0,0,0,0,0,0
1406,0.735581830888925,0,1,1,1,1,1,1,1,1,0,0,0,1,0,0,1,1,0,1,0,1,1,1,0,1,1,1,0,0,1,0,1,0,0,0,0,1,1,0,0
1407,0.508572279864824,1,0,1,1,0,1,0,1,1,0,1,1,0,1,1,1,1,0,1,1,0,1,1,1,1,0,1,0,0,0,0,0,1,1,0,0,1,0,1,1
1408,-1.3915277001665,0,1,0,0,0,1,1,0,0,0,1,1,0,0,0,0,1,1,0,0,1,0,0,0,0,1,0,0,0,1,0,0,0,0,1,0,1,0,0,0
1409,0.46511514195643,1,0,0,0,1,1,1,1,1,1,1,0,0,1,1,1,1,0,1,0,1,1,1,1,1,1,0,0,0,1,0,0,0,1,0,1,0,1,1,0
1410,-1.08326115655314,1,1,0,1,1,1,1,1,1,1,1,0,0,1,1,1,0,1,1,0,1,1,1,0,0,0,1,0,0,0,0,0,0,1,0,0,0,0,0,1
1411,0.907061933980256,1,1,0,0,1,1,1,1,1,0,0,0,1,0,1,1,1,1,1,1,1,1,1,0,0,1,1,0,0,1,0,0,1,1,0,0,1,0,0,1
1412,0.838070360800289,1,1,0,1,0,1,0,1,1,0,1,1,1,0,1,1,1,0,1,0,1,1,1,1,1,1,0,1,1,0,0,0,1,0,1,0,1,0,0,1
1413,-0.0147084782686249,1,1,1,1,1,1,1,1,1,0,1,1,0,0,1,1,0,0,1,0,1,1,0,1,1,0,1,1,0,0,0,0,0,0,1,0,1,1,0,0
1414,0.815990152031469,0,1,0,1,0,1,1,1,1,0,1,1,1,0,1,1,1,0,1,0,1,1,0,1,1,0,0,1,0,1,0,0,1,1,0,0,1,1,0,0
1415,-1.91290566037271,0,1,0,0,0,1,0,0,0,1,1,1,1,0,0,0,0,0,0,0,0,0,0,0,1,0,0,0,0,0,0,0,0,0,0,0,0,0,0,0
1416,0.283820712340613,1,1,1,0,0,1,0,0,1,0,1,1,1,1,1,1,1,0,1,0,1,1,0,1,1,0,0,0,1,1,0,0,0,0,1,0,0,1,1,0
1417,-1.2464596636779,0,0,0,1,0,1,0,0,1,1,1,1,1,0,1,0,0,0,0,0,1,1,0,1,0,0,1,0,1,1,0,0,0,1,0,0,0,0,0,1
1418,-0.179369199792515,1,1,0,0,0,1,0,1,1,1,1,1,0,1,1,1,0,0,1,0,1,1,1,0,0,1,1,1,0,0,0,0,0,0,0,1,1,1,1,0
1419,-0.00569206871753472,1,1,1,0,0,1,1,1,1,1,1,1,0,0,0,1,1,0,1,0,1,1,1,1,1,0,1,1,1,1,0,0,0,0,0,0,1,0,0,0
1420,-0.550763364885768,0,0,1,0,1,1,1,0,1,0,1,0,0,1,0,1,1,0,1,0,1,1,1,1,1,0,0,1,1,1,0,0,0,1,0,0,1,1,1,0
1421,1.3308764268261,1,1,1,1,1,1,1,1,1,1,1,1,1,1,0,1,1,0,1,1,0,1,1,0,1,0,1,1,1,1,0,1,1,1,1,1,1,1,1,0
1422,-0.711671493183601,0,1,0,1,1,1,1,0,0,1,1,1,1,0,0,0,1,1,1,0,1,1,1,0,1,0,1,1,0,1,0,0,1,0,0,1,0,1,0,0
1423,-0.101815464102873,0,0,0,1,1,1,0,1,1,0,0,1,0,0,0,1,0,0,1,0,1,1,1,1,1,0,1,1,0,1,1,0,1,0,0,1,1,1,0,0
1424,-1.78176992680805,0,0,0,1,0,0,1,1,0,1,1,1,0,0,1,0,0,0,0,0,0,1,0,0,0,0,1,0,0,0,0,0,0,0,1,1,0,0,1,0
1425,-1.49474514965457,0,0,1,0,0,1,1,0,1,0,1,1,0,0,0,0,0,0,0,0,1,1,1,1,1,1,1,1,1,0,0,0,0,1,0,1,0,0,1,1
1426,2.2479833015697,1,1,0,0,1,1,1,1,1,1,0,1,0,1,1,1,1,1,1,1,1,1,0,1,1,0,1,1,0,1,0,1,0,0,1,1,1,1,0,1
1427,0.17242705075746,1,1,1,1,1,1,1,1,1,0,1,1,0,0,0,1,1,0,1,0,1,1,1,1,0,0,0,1,0,1,1,0,1,1,0,1,1,0,1,0
1428,1.84893116201308,1,1,0,0,1,1,0,0,1,1,0,1,1,1,1,1,1,1,1,0,1,1,0,1,1,1,1,1,1,0,0,1,1,1,1,0,1,0,1,1
1429,-0.931324113285385,1,1,0,0,1,1,0,1,1,0,1,1,0,0,1,0,0,0,1,0,1,0,0,1,1,1,1,1,0,0,0,0,0,0,1,0,0,0,0,0
1430,1.04643862078885,0,1,0,1,1,1,1,0,1,1,1,0,0,0,1,1,1,0,1,0,1,1,0,1,1,0,1,0,1,1,0,1,1,1,0,0,0,1,1,0
1431,-1.09604635797695,0,1,0,0,1,1,0,0,1,0,1,0,1,0,0,0,0,1,1,1,1,1,1,0,1,1,0,0,0,0,0,0,1,1,1,0,0,0,0,1
1432,-0.168269406123155,1,0,0,1,0,1,1,0,1,1,1,1,0,0,0,0,1,1,1,0,1,1,1,0,1,1,1,0,0,1,0,0,0,1,0,1,1,1,0,0
1433,0.762988767810814,0,1,0,0,1,1,1,1,1,1,1,1,0,0,1,1,1,0,1,1,1,1,0,0,0,0,1,0,0,0,1,1,0,1,1,1,0,1,0,1
1434,-1.97467482942393,0,0,0,0,1,0,0,0,0,0,1,0,0,0,1,0,0,0,0,0,1,0,1,0,0,0,0,0,1,1,0,0,0,1,1,0,1,0,0,0
1435,-0.278243298817679,1,1,0,0,1,1,1,1,1,0,1,1,1,0,1,1,1,0,1,0,1,1,1,0,1,0,0,1,1,0,0,0,1,0,0,0,1,0,1,0
1436,0.838832352281667,0,1,0,1,1,1,1,1,1,1,1,1,0,1,1,1,1,0,1,0,1,1,1,1,1,0,1,1,1,1,0,0,1,1,1,1,1,1,0,1
1437,-0.680755116915385,0,0,0,1,1,1,0,0,1,1,0,0,1,0,1,1,0,1,0,0,1,1,0,1,0,0,0,0,0,1,0,0,1,0,0,1,0,1,0,0
1438,1.49221647042729,0,1,0,1,1,1,1,1,1,0,1,1,1,0,1,1,1,1,1,0,1,1,1,1,1,0,1,1,0,1,0,1,1,1,0,1,1,1,1,1
1439,-0.518816535957171,1,1,1,0,1,1,0,0,1,0,0,1,0,0,1,1,0,1,1,0,1,1,0,1,0,0,0,0,0,0,0,0,0,0,1,0,0,1,1,0
1440,-1.49507876844631,1,1,0,1,0,0,1,0,0,1,1,1,0,0,0,1,0,0,0,1,1,0,1,1,1,0,1,1,0,0,0,0,0,0,1,0,1,1,0,0
1441,-0.439468375712053,0,1,0,0,0,1,0,1,1,0,1,1,1,0,1,1,1,0,0,0,1,1,0,1,1,0,1,0,1,1,0,0,0,1,1,0,0,0,0,1
1442,0.891259537017018,1,0,0,0,0,1,1,1,1,1,1,0,1,1,1,1,1,0,1,1,1,1,1,1,1,1,0,1,0,0,0,1,0,1,1,0,1,0,1,0
1443,1.30035558184686,1,1,0,0,1,1,1,1,1,1,1,1,1,0,0,1,1,1,1,0,1,1,1,1,1,0,1,1,0,1,1,1,1,0,1,1,1,1,0,0
1444,1.3606174664869,0,1,0,1,1,1,1,0,1,1,0,1,1,1,1,1,1,1,1,0,1,1,1,1,1,1,1,1,1,1,0,1,0,1,1,1,1,1,0,1
1445,-0.626215278857668,0,0,0,0,1,1,0,1,1,1,1,0,0,0,1,1,1,0,1,0,1,1,1,1,1,0,0,0,0,0,0,0,0,1,1,0,0,0,0,0
1446,-0.675853379704047,1,1,0,1,0,1,1,1,0,1,0,0,0,1,1,0,1,0,0,0,0,1,1,1,1,0,0,0,1,1,0,0,0,1,0,1,1,0,1,0
1447,-0.83433396054598,0,1,1,0,1,1,1,0,1,1,1,1,0,0,0,0,0,0,1,0,1,0,0,0,1,0,1,0,0,0,0,0,1,0,1,0,1,0,1,1
1448,-0.120330127806741,1,1,0,1,1,1,1,1,1,1,0,1,0,1,1,1,0,0,1,1,0,1,1,1,0,1,1,0,0,1,1,0,1,1,1,1,1,0,1,0
1449,0.0600126479139078,0,0,1,1,1,1,1,1,1,0,1,1,0,1,1,0,1,1,1,0,0,1,1,0,0,1,0,0,1,1,0,0,1,0,1,1,1,1,1,1
1450,1.92451119630589,1,1,0,0,1,1,1,1,1,1,0,0,0,1,1,1,1,1,1,0,1,1,0,1,1,0,1,1,1,1,1,1,1,0,0,1,1,1,1,1
1451,0.537551035969157,1,0,0,1,0,1,1,0,1,0,1,1,0,0,1,1,1,0,1,0,1,1,1,1,1,1,0,0,1,0,0,1,1,0,1,1,0,1,0,0
1452,1.46223361640806,1,1,1,1,0,1,1,1,1,1,1,1,1,1,1,1,1,1,1,0,1,1,0,1,0,1,1,1,1,0,0,1,0,1,1,0,1,1,1,0
1453,0.560933977867934,0,0,0,1,1,1,1,1,1,1,1,1,1,0,1,1,1,0,1,0,1,1,1,1,1,0,1,0,1,0,1,0,0,0,1,1,1,0,0,0
1454,-1.12472683103599,0,1,0,1,1,0,1,1,1,0,1,0,0,0,1,0,0,0,0,0,0,1,0,0,1,1,1,0,1,0,0,0,0,0,1,0,1,0,0,0
1455,2.10375123803832,1,0,1,1,1,1,1,1,1,1,1,1,0,0,1,1,1,0,1,0,1,1,1,1,1,0,1,0,1,1,1,1,1,0,0,0,1,1,1,1
1456,0.188948483025161,0,1,0,0,0,1,0,0,1,1,1,1,1,0,1,1,0,1,1,0,1,1,1,0,1,0,1,1,1,0,1,0,1,1,0,0,1,1,0,1
1457,0.723458922072944,1,1,0,1,1,1,1,0,1,1,1,1,0,1,1,1,1,1,1,0,0,1,0,1,0,1,1,0,1,0,0,0,1,0,1,0,1,0,0,0
1458,-2.72319237345209,0,1,0,1,0,0,1,0,0,0,1,0,0,0,0,0,0,0,0,0,0,0,0,0,1,0,0,0,0,0,0,0,1,1,1,0,0,0,0,0
1459,-1.81700246640466,0,0,1,1,1,0,1,1,1,0,0,0,0,0,1,0,0,0,0,0,0,1,0,1,0,0,0,1,0,0,0,0,1,1,1,0,0,0,1,0
1460,-0.753429078008984,1,0,0,0,0,1,1,1,1,1,0,0,0,0,0,1,0,0,0,0,0,0,0,1,1,0,1,1,0,0,0,0,1,0,1,1,0,1,1,0
1461,-0.165402196943084,0,1,0,0,1,1,1,0,1,1,0,1,0,0,1,1,1,1,1,0,1,1,1,1,0,1,0,1,1,1,0,0,1,0,1,0,1,1,0,1
1462,-0.80026743298434,1,1,0,1,0,1,0,0,1,1,0,1,0,0,1,1,0,1,0,1,0,1,1,1,1,0,0,1,1,0,0,0,0,0,0,0,1,0,0,0
1463,1.79358165868178,0,1,0,1,1,1,1,1,1,1,1,1,1,1,1,1,1,0,1,0,1,1,1,1,1,0,0,1,1,0,0,1,1,0,1,1,1,0,0,1
1464,-0.272361497544808,0,1,0,0,1,1,1,1,1,0,1,0,1,1,0,1,0,0,1,0,1,1,1,1,1,0,1,0,0,0,0,0,0,0,1,0,0,0,0,1
1465,0.0724720556061876,0,0,0,0,1,1,1,1,1,1,1,0,0,0,0,1,1,1,0,0,1,1,1,0,1,0,1,1,0,1,0,0,1,0,1,0,1,1,0,0
1466,1.85900985508458,0,0,1,0,0,1,0,0,1,0,1,1,1,0,1,1,1,1,1,1,1,1,1,1,0,1,1,0,1,1,0,1,0,1,0,0,0,0,0,0
1467,0.0652180068251578,0,0,1,1,1,1,1,0,1,1,1,1,1,1,0,1,0,1,1,0,0,1,1,0,1,0,1,0,1,1,0,0,0,0,0,0,0,1,0,0
1468,0.455989779936065,1,1,1,1,1,1,1,0,1,0,1,1,0,1,1,1,1,0,1,0,1,1,1,1,0,0,0,1,1,1,1,0,0,0,0,0,1,1,0,0
1469,-0.588304493536979,0,0,0,0,1,1,0,1,1,0,0,0,0,0,1,1,0,0,1,0,1,1,0,1,0,0,1,1,1,1,0,0,0,0,0,0,1,0,1,0
1470,-0.30981703114018,0,0,0,1,0,1,1,1,1,1,0,0,1,1,1,1,0,0,1,0,1,1,1,1,0,1,1,1,0,1,0,0,1,1,0,0,1,1,1,0
1471,0.0172454197212027,0,0,1,0,1,1,1,1,1,0,1,0,0,0,1,1,1,0,1,1,1,1,1,1,1,1,0,0,0,1,1,0,1,0,0,0,0,1,0,0
1472,0.526834005898732,0,1,0,1,0,1,1,1,1,1,1,1,0,0,1,1,1,0,0,0,1,1,1,0,1,0,1,0,0,1,1,0,0,1,1,0,0,0,0,0
1473,-2.15610591764069,0,0,0,0,0,0,1,0,0,1,1,1,0,0,1,0,0,0,0,0,0,0,0,0,0,1,0,0,1,0,0,0,1,0,0,0,0,1,0,0
1474,-0.0661132349768309,0,0,0,1,0,1,1,0,1,1,1,1,0,0,1,1,1,0,1,0,0,1,1,1,1,0,0,0,0,1,1,0,0,0,1,0,0,0,1,0
1475,0.558753123180826,1,1,0,0,0,1,1,0,1,0,1,1,0,0,1,1,1,1,1,0,1,1,0,1,1,0,0,1,1,1,0,0,0,0,0,0,1,1,0,0
1476,0.664955954295046,0,0,0,1,1,1,0,0,1,1,1,0,1,0,0,1,1,0,1,0,1,1,0,0,0,1,1,0,0,0,0,0,1,1,0,1,1,1,1,0
1477,0.335392967047683,1,0,0,0,1,1,1,0,1,0,1,1,0,0,1,1,1,0,1,1,1,1,1,1,1,0,0,1,0,0,0,0,1,0,0,0,0,1,1,0
1478,-0.622863522650776,0,1,0,0,1,1,1,0,1,1,1,1,0,1,1,0,1,1,1,0,1,1,0,1,1,0,1,1,0,1,0,0,0,0,0,0,0,0,0,0
1479,0.769198442233154,0,0,0,0,0,1,1,0,1,1,1,1,0,0,0,1,1,1,1,1,1,1,1,1,1,0,0,0,1,1,0,0,0,1,0,1,1,1,1,0
1480,0.505804296530599,0,0,0,0,1,1,1,1,1,0,0,1,1,0,0,1,1,0,1,0,0,1,0,0,1,0,1,0,1,1,1,0,1,0,1,1,1,1,1,0
1481,-1.15690928261913,0,1,0,0,1,1,1,0,1,1,0,0,1,0,0,1,0,0,0,0,0,1,0,0,0,1,0,0,0,1,0,0,1,1,1,0,0,0,0,0
1482,0.681522909407324,0,1,0,1,1,1,1,1,1,0,1,1,0,0,1,1,1,0,1,0,1,1,1,0,1,0,1,0,0,0,1,0,0,1,1,1,0,1,0,0
1483,-1.11642111708601,0,1,1,0,1,1,0,0,0,0,1,1,0,0,1,1,0,0,0,1,0,1,1,1,0,0,1,0,1,0,0,0,1,0,1,1,0,1,1,0
1484,0.0792692550397077,0,0,0,0,0,1,1,1,1,0,0,1,1,0,0,1,1,1,1,0,1,1,0,1,1,0,0,1,1,1,0,0,1,1,0,0,1,0,0,1
1485,-0.335308486433338,1,0,0,0,0,1,0,0,1,0,1,0,0,0,1,1,0,0,1,0,1,1,0,0,1,0,0,0,1,0,0,0,1,1,1,0,0,1,0,0
1486,0.488791417261426,0,0,1,0,1,1,1,0,1,1,1,0,0,0,1,1,1,1,1,0,1,1,1,1,1,0,1,0,1,1,0,0,0,1,1,0,1,1,0,0
1487,-0.127921675427714,0,0,0,1,1,1,1,0,1,1,0,1,0,1,1,1,0,1,1,1,1,1,0,0,0,0,1,1,0,0,0,1,0,0,0,1,1,1,0,0
1488,0.825627689614079,0,0,1,1,0,1,1,1,1,0,1,0,0,0,1,1,1,0,1,0,1,1,1,1,1,0,1,0,1,1,0,1,0,1,1,0,0,1,1,0
1489,-2.12562432300589,0,1,0,1,1,0,1,0,0,0,0,1,0,0,1,0,0,0,0,0,1,1,0,0,0,1,0,0,0,0,1,0,1,1,0,0,0,1,0,0
1490,-0.223774727549777,0,1,1,1,1,1,1,0,1,1,0,1,0,0,0,1,1,1,1,0,0,1,1,1,0,0,1,0,1,1,0,0,0,0,1,0,1,0,0,1
1491,0.291207805203747,1,1,0,0,1,1,1,1,1,0,1,0,0,1,0,1,1,0,1,1,1,1,1,0,1,0,0,1,0,0,0,0,0,0,0,1,1,1,1,0
1492,-0.938311633297172,0,1,0,0,1,1,1,0,0,0,1,1,1,0,1,0,1,0,1,0,1,0,1,0,1,0,1,0,1,1,0,0,1,1,0,0,1,0,1,0
1493,1.54486501157175,1,1,0,0,1,1,1,1,1,0,1,0,1,1,1,1,1,0,1,1,1,1,1,1,0,0,1,0,1,1,0,1,1,1,0,0,1,1,0,0
1494,-0.746994015566158,0,1,1,0,0,1,1,0,0,0,1,1,0,0,1,1,0,0,0,0,1,1,0,1,1,0,0,0,0,1,0,0,0,0,1,0,0,1,0,1
1495,1.15119241621006,1,1,1,0,1,1,0,1,1,1,1,1,0,0,1,1,1,0,1,0,0,1,1,1,1,1,0,1,1,1,0,1,1,0,1,0,0,0,1,0
1496,0.488797160137437,1,1,0,0,1,1,1,0,1,0,1,0,0,1,1,1,1,0,1,1,0,1,1,1,0,1,1,0,0,1,0,1,0,1,1,1,1,0,0,1
1497,-3.01518011597647,0,1,0,1,1,0,0,0,0,0,0,1,0,0,1,0,0,0,0,0,1,0,0,0,1,0,0,0,1,0,0,0,0,0,0,0,1,0,0,0
1498,-1.18626232612172,0,1,0,0,1,1,0,0,1,1,1,0,1,0,0,0,0,0,1,0,0,1,1,1,1,0,0,0,1,0,0,0,0,0,1,0,1,0,1,0
1499,-0.561268165566038,0,0,0,0,1,1,1,0,1,1,1,0,0,1,0,1,1,0,0,1,0,1,1,0,1,0,1,1,1,0,0,0,0,0,1,0,1,0,1,1
1500,1.00403237738541,0,1,1,1,1,1,1,1,1,0,1,1,0,0,1,1,1,0,1,1,1,1,1,1,1,0,1,1,1,0,0,0,1,0,1,1,1,1,1,1
1501,0.794704186044651,0,1,0,0,1,1,1,0,1,1,1,1,1,1,1,1,1,0,1,0,1,1,1,1,1,1,1,0,1,1,1,0,0,0,0,0,0,1,1,0
1502,-0.0128419984828081,1,1,0,0,1,1,1,0,1,0,1,1,0,1,0,0,1,1,1,0,1,1,1,0,1,0,1,0,1,1,0,0,1,0,0,0,1,0,0,0
1503,0.62014933359027,1,1,1,0,0,1,1,1,1,0,1,0,0,1,1,1,1,0,1,0,1,1,0,1,1,0,0,0,0,1,0,0,0,0,1,0,1,1,1,1
1504,-0.237290353946146,1,1,1,1,0,1,0,1,1,1,1,1,1,0,0,0,1,1,1,0,1,1,1,1,1,1,0,1,0,1,0,0,0,0,0,0,1,1,0,1
1505,-1.34810469974998,0,1,0,0,0,1,1,1,0,1,0,1,1,0,1,0,0,0,0,0,1,1,0,1,1,0,1,1,0,1,0,0,0,0,0,1,1,0,0,0
1506,2.10113593540792,0,1,0,0,1,1,1,1,1,1,1,0,1,1,1,1,1,0,1,0,1,1,1,1,1,0,1,1,1,0,1,1,1,1,0,1,1,1,1,1
1507,-0.32643949223991,1,1,0,1,0,1,1,1,1,1,0,1,0,0,1,1,1,0,0,0,1,1,1,1,1,0,1,0,1,1,0,0,1,1,1,0,1,1,0,1
1508,0.626513678810211,0,1,1,0,1,1,1,1,1,0,0,1,0,0,1,1,1,1,1,1,0,1,1,0,1,0,0,1,1,1,0,0,1,0,1,0,1,1,1,0
1509,-2.71167940598386,0,0,0,1,1,0,0,0,0,1,1,0,0,0,1,0,0,0,0,1,0,0,0,0,1,0,0,0,0,0,0,0,0,0,0,0,0,1,0,0
1510,0.508296606339614,0,1,0,1,0,1,1,1,1,0,0,0,1,0,1,1,1,0,1,1,1,1,0,1,0,0,1,1,1,1,0,0,1,1,1,0,1,0,0,1
1511,0.280856468633276,0,1,0,1,1,1,1,1,1,0,1,1,1,1,1,1,1,1,1,1,0,1,0,1,1,1,0,1,1,0,0,0,0,0,1,1,1,1,0,1
1512,0.152197097633476,1,1,0,0,1,1,1,1,1,0,1,0,0,1,1,1,1,0,1,0,1,1,0,1,1,1,1,1,0,1,0,0,0,0,0,0,0,1,1,0
1513,-2.15018858464185,0,1,0,0,0,0,1,0,0,1,1,0,0,0,1,0,0,0,0,0,1,0,1,0,1,0,0,0,0,1,0,0,0,0,0,0,1,0,0,0
1514,0.132638407403835,0,0,1,1,0,1,0,1,1,0,1,1,0,0,1,1,1,0,1,1,0,1,1,1,1,1,1,1,0,1,0,0,1,0,0,0,1,0,0,0
1515,-0.451671442298613,0,1,0,1,1,1,1,1,1,1,0,0,0,0,1,1,0,0,1,0,1,1,1,0,1,0,1,0,0,0,1,0,0,1,1,0,0,0,0,0
1516,-1.00061216362664,1,1,0,1,0,1,0,0,1,0,0,0,0,0,0,0,1,0,1,0,0,0,0,0,1,0,1,1,0,1,0,0,0,0,0,0,0,0,0,0
1517,-0.123794952604449,0,1,1,0,1,1,1,0,1,1,0,1,0,0,1,1,1,1,1,0,1,1,1,0,0,1,0,1,1,1,1,0,1,0,1,0,0,0,0,1
1518,0.388164147380928,0,0,0,0,1,1,1,0,1,1,1,1,0,1,1,1,1,0,1,1,0,1,1,0,1,1,1,1,1,1,1,0,1,1,1,1,1,1,0,1
1519,-1.55228659224138,1,0,0,0,1,1,1,0,1,0,1,0,0,0,0,0,0,0,0,0,1,1,0,1,0,0,0,0,0,0,0,0,0,0,0,0,0,0,0,1
1520,0.445267297334864,1,0,0,0,0,1,1,1,1,1,1,0,1,1,1,1,1,0,1,0,1,1,0,1,1,0,1,0,1,0,1,0,1,0,0,0,1,1,0,1
1521,0.734882036056991,1,0,0,1,1,1,1,0,1,1,1,0,0,0,0,1,1,0,1,0,1,1,1,0,0,1,1,0,0,0,0,0,0,0,0,0,1,1,1,0
1522,-1.04706432161886,0,0,0,1,1,0,1,0,1,0,1,1,0,0,1,0,0,0,0,0,0,1,1,1,1,0,0,1,0,1,0,0,1,0,0,0,0,1,1,0
1523,0.444755624562532,1,0,0,0,0,1,1,1,1,1,1,1,0,1,1,1,1,0,1,0,1,1,0,1,1,0,1,0,0,1,0,0,0,0,1,1,1,1,1,0
1524,-1.13572467407777,1,1,0,0,0,1,0,0,1,0,1,1,0,0,0,0,0,1,0,1,0,1,0,1,1,0,1,1,0,1,1,0,0,1,1,0,0,1,1,0
1525,-0.933489385527835,1,1,0,0,1,1,1,0,1,1,1,1,0,0,1,0,0,0,0,0,1,0,1,1,1,0,0,1,0,0,0,0,0,0,0,0,1,1,1,0
1526,-1.65381122139261,0,1,0,0,0,1,0,0,0,0,0,0,0,0,0,1,0,1,0,0,1,1,0,1,0,0,1,0,0,1,0,0,0,0,0,0,0,0,0,0
1527,0.925919029693259,0,1,1,1,1,1,1,0,1,1,1,1,1,0,1,1,1,1,1,1,1,1,1,1,0,1,1,0,1,1,0,0,0,0,0,0,0,1,1,1
1528,-1.12600861022562,0,0,1,1,0,1,1,0,1,1,1,0,1,1,1,0,0,1,0,0,0,1,0,0,0,0,0,1,0,0,0,0,1,0,0,0,0,0,0,0
1529,0.548422095080258,1,1,1,0,1,1,1,0,1,1,1,1,0,0,0,1,1,0,1,1,1,1,1,1,1,0,1,1,0,0,0,1,0,0,1,0,0,0,1,1
1530,-1.24796191488516,1,1,0,0,1,1,0,0,0,1,1,0,1,0,1,0,0,0,0,1,1,1,1,0,1,0,1,0,0,0,0,0,1,1,0,1,1,0,1,0
1531,0.20734649481761,1,0,0,0,0,1,0,0,1,1,1,0,0,1,1,1,1,0,1,0,1,1,0,0,1,0,1,0,0,0,0,1,0,1,0,0,1,0,0,1
1532,-0.200021854981253,0,1,0,1,1,1,1,1,1,0,0,1,0,0,0,1,1,0,1,1,1,0,1,0,1,1,1,0,0,0,0,0,0,1,0,1,1,1,1,0
1533,0.0888550105966089,0,1,1,0,1,1,1,1,1,0,0,1,1,0,1,0,1,0,1,0,1,1,1,1,1,0,0,1,0,1,0,0,0,0,1,1,0,0,0,0
1534,-0.421365717128169,0,0,0,0,1,1,1,0,1,1,0,0,0,0,0,0,1,0,0,0,0,1,1,0,1,0,1,1,0,1,0,0,0,0,1,0,1,0,0,1
1535,0.368871079540079,0,1,0,0,1,1,1,0,1,1,0,0,1,1,1,1,1,0,1,1,1,1,1,1,0,0,1,0,0,1,0,0,1,1,1,1,1,1,0,1
1536,-0.149631109517116,1,1,0,0,1,1,1,0,1,1,1,1,1,1,1,1,1,0,0,0,1,1,1,0,1,1,1,1,0,0,0,0,1,0,1,0,0,0,0,1
1537,-0.125717022363081,0,0,0,1,1,1,1,0,1,1,0,1,0,0,0,1,1,1,1,1,1,1,1,1,1,0,1,0,1,0,0,0,0,1,1,1,1,0,1,0
1538,-0.79092817210497,0,1,0,0,0,1,0,0,1,0,0,1,0,0,1,1,0,1,0,1,1,1,1,1,0,1,0,0,0,0,0,0,1,0,0,0,0,1,0,0
1539,-1.48596727771358,0,1,0,0,1,1,1,1,0,0,0,1,0,0,1,0,0,0,0,0,1,1,0,0,0,1,0,0,0,0,0,0,1,1,1,0,1,0,1,0
1540,0.95466019321486,0,1,0,1,1,1,1,0,1,1,0,1,1,1,1,1,1,1,1,1,1,1,0,1,1,0,1,0,1,1,0,1,0,0,1,1,1,1,1,0
1541,1.51578084906551,1,0,0,0,0,1,1,1,1,1,1,1,0,0,1,1,1,1,1,0,1,1,1,1,1,0,0,1,0,0,1,1,1,0,0,0,1,1,0,1
1542,-1.2997896171732,0,0,0,1,1,1,1,1,0,0,1,1,0,0,0,0,0,1,0,0,1,1,1,0,0,1,0,0,1,0,0,0,1,0,0,0,0,1,1,0
1543,0.405035008598293,0,1,0,1,1,1,1,0,1,0,0,1,0,1,0,1,1,1,1,0,1,1,1,0,1,0,0,1,1,0,0,0,0,0,0,1,0,0,0,0
1544,0.242723579655413,0,1,1,1,0,1,1,1,1,1,1,0,0,0,0,1,1,0,1,1,1,1,0,1,0,0,0,1,1,0,0,0,0,1,0,0,0,1,0,0
1545,0.115006063639888,0,1,0,1,0,1,1,0,1,1,1,1,1,0,1,1,1,1,1,1,1,1,1,1,1,0,1,0,1,1,1,0,0,0,0,0,1,1,0,0
1546,-0.302600139021453,0,0,0,0,0,1,1,0,1,1,1,0,1,1,1,1,1,0,1,1,0,1,1,1,0,0,0,0,0,1,0,0,1,0,1,0,1,0,0,1
1547,0.196217020047981,0,1,0,1,0,1,1,1,1,0,0,1,0,0,1,1,1,0,1,1,1,1,0,1,1,0,1,0,1,0,0,1,0,0,0,0,0,1,0,0
1548,-0.791262722253168,0,0,0,1,0,1,1,1,1,0,1,1,0,0,1,0,0,0,1,1,1,1,1,1,1,0,1,0,0,0,0,0,1,1,0,1,0,0,1,0
1549,0.835142452820493,0,1,0,1,1,1,1,1,1,0,0,0,1,0,1,1,1,0,1,0,1,1,1,0,1,1,0,0,0,1,0,0,0,1,1,1,1,0,1,0
1550,0.625729865540893,0,1,0,0,0,1,1,1,1,1,1,1,1,1,0,1,1,0,1,1,1,1,1,0,1,0,1,1,0,0,0,0,0,0,1,0,0,0,0,0
1551,0.0685198815877055,0,1,0,1,1,1,1,0,1,1,1,0,0,0,0,0,1,0,1,1,1,1,1,1,1,0,0,1,1,0,0,0,1,0,1,0,0,0,0,0
1552,1.20302992489151,1,1,1,0,1,1,1,1,1,1,1,1,0,1,1,1,1,1,1,1,1,1,0,1,1,1,1,1,1,0,0,0,1,0,1,0,1,0,0,1
1553,-0.274072886221097,0,0,0,0,0,1,0,0,1,0,1,1,0,0,1,1,1,1,1,1,1,1,0,1,0,0,1,1,1,0,0,0,0,0,0,0,1,0,0,0
1554,0.584972862549442,1,1,0,0,1,1,0,0,1,1,1,1,1,1,1,1,1,1,1,1,1,1,0,1,1,0,1,0,1,1,0,0,0,1,0,0,1,0,0,1
1555,0.444946538763469,1,1,1,1,0,1,0,1,1,0,1,0,1,0,1,1,1,0,1,0,1,1,0,1,1,0,1,0,0,1,0,0,0,0,1,0,0,1,1,0
1556,0.0264190119951579,1,1,1,1,1,1,0,0,1,0,1,1,1,1,1,1,1,0,1,0,1,1,0,0,1,1,1,1,0,0,0,0,0,0,0,1,1,1,0,1
1557,-0.343246721935017,0,1,0,1,1,1,1,1,1,1,0,1,0,0,1,1,0,0,1,1,1,1,0,1,1,1,0,0,1,1,0,0,0,1,1,1,0,1,0,1
1558,0.714823711327087,1,1,1,1,0,1,1,0,1,1,1,1,0,0,1,1,1,0,1,0,0,1,1,1,1,1,1,1,1,0,0,0,1,0,1,0,0,0,0,0
1559,2.62533941669641,1,1,1,1,1,1,1,0,1,1,0,1,1,1,1,1,1,1,1,0,1,1,0,1,1,1,1,0,0,1,1,1,1,1,1,1,1,1,1,1
1560,1.20807267512745,0,1,1,1,1,1,1,1,1,1,0,0,1,0,1,1,1,0,1,0,1,1,1,1,1,1,1,0,0,1,0,1,0,1,1,0,1,1,1,0
1561,-1.5370686622331,0,0,0,0,0,1,1,0,0,1,1,0,0,1,0,0,0,0,0,0,1,1,0,0,0,1,0,0,0,1,0,0,1,0,1,1,1,0,0,0
1562,-1.25729184451179,1,1,1,0,0,1,0,0,0,0,0,0,0,0,1,0,0,1,0,0,1,1,1,1,0,0,0,1,0,1,0,0,0,0,1,0,1,0,0,0
1563,-0.448662702563157,0,0,0,0,0,1,1,1,0,1,1,0,0,1,1,1,0,0,1,0,0,1,0,0,1,0,1,1,0,1,1,0,1,1,0,1,1,1,1,1
1564,2.58242769011896,1,1,1,0,1,1,1,1,1,1,1,1,0,1,1,1,1,1,1,1,1,1,1,1,1,1,1,0,1,1,1,1,1,1,1,1,0,1,1,1
1565,0.516086763526738,1,0,0,1,1,1,0,1,1,1,1,1,0,1,1,1,0,1,1,0,1,1,0,1,1,0,0,1,0,0,0,0,0,1,1,1,0,0,0,0
1566,-0.755424619258093,1,0,0,1,1,1,0,1,1,0,1,0,0,0,0,1,0,0,1,0,0,1,0,1,1,0,0,0,0,0,0,0,1,0,1,0,0,0,0,1
1567,-0.123505886788485,1,1,0,1,0,1,1,0,1,0,1,0,0,0,1,1,1,0,1,0,1,1,1,0,0,0,1,1,1,1,0,0,0,0,0,0,0,1,0,0
1568,0.0657929546800193,0,1,1,0,0,1,1,0,1,1,1,0,0,0,1,1,0,0,1,0,1,0,0,1,1,0,1,0,0,1,0,0,1,0,1,1,1,1,1,0
1569,-0.202326668629221,0,1,1,0,0,1,1,0,1,1,1,1,0,0,1,1,0,0,1,0,1,1,1,0,1,0,0,1,0,1,0,0,0,0,1,0,1,0,0,0
1570,-1.07658232916812,0,0,0,1,1,1,0,0,0,0,1,1,1,1,0,1,0,0,0,0,0,1,0,0,1,0,0,1,0,0,0,0,0,0,0,0,1,1,0,0
1571,-1.59400067734503,0,0,0,0,0,0,1,0,0,1,1,1,0,0,0,0,0,1,0,1,0,0,1,0,0,0,0,1,0,1,0,0,0,1,1,0,0,1,0,1
1572,-0.638783617257279,0,1,1,0,1,1,0,1,1,1,1,0,0,1,0,1,0,1,1,0,0,1,1,0,0,0,1,0,0,1,0,0,1,0,0,0,1,1,1,0
1573,1.43297137304027,0,1,0,0,1,1,0,1,1,1,0,1,0,1,1,1,1,1,1,1,1,1,0,1,0,1,1,1,1,1,1,1,0,0,0,1,1,0,0,0
1574,0.210122679943338,0,0,0,0,0,1,1,1,1,1,1,1,1,0,1,1,1,0,1,0,1,1,0,1,1,0,1,0,1,1,0,1,0,1,0,1,1,0,1,0
1575,-1.80738092817706,1,1,0,0,0,0,1,0,0,1,1,0,0,0,0,0,0,0,0,0,0,0,0,0,0,0,1,0,0,1,0,0,1,0,0,0,0,0,0,0
1576,-1.19709687239989,1,1,0,0,0,1,0,1,0,0,0,0,0,0,1,0,0,0,0,0,0,1,0,0,0,0,1,0,1,1,0,0,1,1,1,1,1,0,0,0
1577,-0.597583323956812,0,1,0,1,1,1,0,1,1,0,0,0,1,0,0,1,0,1,1,0,0,1,1,1,1,0,0,1,1,0,0,0,0,1,0,0,1,1,1,0
1578,-0.416846707978676,0,1,1,1,1,1,1,0,1,0,1,1,0,0,1,1,1,1,1,1,1,1,0,0,1,0,1,1,1,0,0,0,1,0,1,1,1,1,0,0
1579,-1.20176691383197,1,0,0,0,1,1,1,1,1,1,0,0,1,0,0,0,0,1,0,0,1,1,1,1,1,1,0,1,0,0,0,0,1,0,0,1,1,1,1,0
1580,-0.0151169200385599,0,1,0,1,1,1,1,1,1,1,1,1,0,0,1,1,1,0,1,0,0,1,0,0,1,0,0,0,0,1,0,0,0,0,0,1,1,1,0,0
1581,0.633070946944943,0,1,0,0,0,1,1,1,1,1,1,0,0,0,1,1,1,1,1,0,0,1,0,0,1,0,1,0,0,1,1,1,1,1,0,0,1,1,1,0
1582,-0.474669471844134,1,0,0,0,1,1,1,0,1,1,1,1,1,0,1,1,0,0,1,0,1,1,1,0,1,0,0,0,1,1,1,0,0,0,0,0,1,0,0,1
1583,-1.85923116509798,1,1,0,1,0,1,1,0,0,1,0,0,0,0,1,0,0,1,0,0,0,0,0,0,1,0,0,1,0,0,0,0,0,0,1,0,1,0,1,1
1584,-1.53069088748266,0,1,0,0,0,1,1,1,0,0,1,0,1,0,1,1,0,1,0,0,1,0,1,0,1,0,1,0,0,0,0,0,1,1,1,0,1,1,0,0
1585,-0.3609213780636,1,1,0,0,1,1,0,1,1,0,0,1,0,1,0,1,1,0,1,0,1,1,0,1,0,0,0,0,0,0,0,0,0,1,0,0,0,1,0,0
1586,-0.382981547018633,1,1,0,1,0,1,1,0,1,1,1,1,0,1,0,1,0,0,1,0,0,1,1,1,1,1,0,0,1,1,0,0,1,1,0,0,1,0,0,1
1587,-1.69722397867874,0,1,0,0,1,1,1,0,0,1,0,0,0,0,0,0,0,0,1,0,0,0,0,0,0,0,0,0,0,1,0,0,0,0,1,0,1,0,0,0
1588,0.993669894506324,0,1,1,0,1,1,1,1,1,1,0,1,0,0,1,1,1,0,1,0,1,1,1,1,1,0,1,1,1,0,1,1,0,1,1,1,1,1,1,1
1589,-2.10452139094562,0,0,1,1,0,0,1,0,0,0,1,0,0,0,1,0,0,0,0,0,1,0,0,0,1,0,1,0,1,0,0,0,0,1,0,1,0,0,0,1
1590,-2.86388144075017,0,0,0,0,1,0,1,0,0,1,0,1,0,0,0,0,0,1,0,0,1,0,0,1,1,0,0,0,1,0,0,0,0,0,1,0,0,0,0,0
1591,1.65353645523033,1,1,1,1,1,1,1,1,1,1,1,1,0,0,0,1,1,1,1,1,0,1,1,1,1,1,1,0,0,1,1,1,0,0,1,1,1,1,1,1
1592,-1.1004939195242,1,1,1,1,1,0,1,0,1,1,0,1,1,0,0,0,0,1,0,1,1,0,0,0,1,0,1,0,0,0,0,0,0,0,0,0,0,0,1,0
1593,0.012757648991421,1,1,0,0,1,1,1,0,1,0,1,1,0,1,0,1,1,0,1,0,0,1,0,0,0,1,0,0,0,1,0,0,1,0,0,0,0,1,0,0
1594,0.780172574693327,1,1,1,0,0,1,0,0,1,1,1,0,1,0,1,1,1,0,1,0,1,1,1,1,1,0,1,0,1,1,0,1,0,0,0,1,1,1,1,0
1595,-1.00443916788606,0,1,0,1,0,1,1,0,0,1,0,1,1,0,0,0,0,1,1,0,1,1,0,0,1,0,0,0,0,0,0,0,1,1,1,0,0,0,0,0
1596,-0.800260431945471,0,1,0,1,0,1,1,0,1,0,1,0,0,1,0,1,1,0,0,0,1,1,0,0,0,0,0,0,0,1,0,0,0,1,1,0,1,0,1,1
1597,-0.267348509275828,0,0,1,1,1,1,1,1,1,0,1,1,0,0,1,1,1,1,1,0,0,1,1,0,0,0,1,0,1,0,0,0,0,0,0,1,0,1,1,0
1598,-0.53301285707008,0,1,0,1,0,1,0,0,0,1,0,1,1,0,0,1,0,0,1,0,1,1,0,1,0,0,0,0,1,1,0,1,1,1,0,1,1,1,0,0
1599,-0.327465457814286,1,1,0,0,0,1,0,0,1,1,1,1,1,0,1,1,0,0,0,0,0,1,0,1,1,0,1,1,0,0,0,0,1,0,0,0,0,0,1,0
1600,0.096404128816202,0,1,0,0,1,1,1,0,1,1,1,1,0,0,0,1,1,0,1,1,1,1,0,1,0,0,1,0,0,1,0,0,1,0,1,0,1,0,0,0
1601,-0.875385298660329,0,0,0,1,0,1,0,0,0,0,1,1,0,1,0,1,0,1,1,0,1,1,0,0,0,0,1,0,0,1,0,0,1,0,1,0,0,1,0,0
1602,0.0700651492895259,1,1,0,0,0,1,0,1,1,1,0,0,0,0,1,1,1,1,1,0,0,1,0,1,1,0,0,0,0,0,0,0,1,1,1,0,1,1,0,1
1603,0.711774358010869,1,1,0,0,1,1,1,0,1,0,0,0,0,0,0,1,0,0,1,0,1,1,1,1,1,1,0,0,0,0,0,0,1,1,1,0,1,1,0,0
1604,1.3107950823497,0,1,1,1,0,1,1,1,1,1,1,0,0,0,1,1,1,0,1,0,1,1,0,0,0,1,1,0,0,1,1,0,1,0,0,0,0,1,0,0
1605,-1.05468281150867,0,1,0,1,1,0,0,0,0,1,1,0,0,1,0,0,0,0,0,0,0,1,0,0,0,0,0,0,0,0,0,0,1,0,1,0,0,0,0,0
1606,-1.24126097633871,0,0,0,0,1,1,1,1,0,0,1,1,0,0,1,0,0,0,0,0,1,1,1,1,1,0,0,0,0,0,0,0,0,0,0,0,0,1,0,0
1607,0.107512297728398,0,0,0,0,1,1,1,1,1,0,1,1,1,1,1,1,0,0,1,1,0,1,1,1,1,0,0,0,0,1,0,0,0,1,0,1,1,1,0,0
1608,0.567176902729761,1,1,0,0,1,1,1,1,1,1,1,1,1,1,1,1,1,0,1,1,1,1,0,1,0,0,1,1,1,1,0,0,0,1,1,1,0,1,0,0
1609,-0.0682741316363231,0,0,1,1,1,1,0,0,1,0,1,1,0,0,1,1,0,1,1,0,0,1,1,1,1,1,0,0,1,1,0,0,0,0,0,0,1,1,0,0
1610,-0.221442966365871,0,1,1,1,1,1,1,1,1,1,1,0,1,0,1,1,1,0,1,1,1,1,0,0,0,0,1,0,1,0,0,0,1,1,1,1,1,1,0,0
1611,0.72388134307126,1,1,0,1,1,1,1,1,1,1,1,0,0,0,1,1,1,0,1,1,1,1,1,1,0,0,1,1,1,1,0,0,0,1,0,0,1,1,0,1
1612,-1.47980030651701,0,1,0,0,0,1,1,1,1,0,1,1,1,0,1,1,0,0,0,0,1,0,1,0,1,0,0,0,0,1,0,0,0,0,0,0,0,1,1,0
1613,-1.08850955541226,0,1,0,1,1,1,0,0,1,1,0,1,0,0,0,0,0,0,1,0,1,0,1,0,1,0,0,0,1,1,0,0,0,0,0,0,0,1,0,0
1614,0.036701975822189,0,1,0,1,0,1,0,0,1,1,0,1,0,0,1,1,0,1,1,0,1,1,1,1,1,0,1,0,0,1,0,1,1,1,1,0,0,1,0,0
1615,-0.121194842390081,1,1,0,0,1,1,1,1,1,0,0,1,1,0,1,1,1,0,1,1,1,1,0,1,0,0,1,0,1,0,1,0,0,0,1,1,1,0,1,1
1616,0.622116905133567,0,1,1,1,1,1,0,0,1,1,1,1,0,0,0,1,1,1,1,1,1,1,0,1,1,1,1,0,0,1,1,0,1,1,1,1,1,0,1,0
1617,-0.942833570301366,1,1,0,0,0,1,1,0,1,1,0,1,0,1,1,1,0,0,0,0,1,1,0,0,1,0,1,0,0,1,0,0,0,0,0,0,0,1,1,0
1618,-1.03504821644343,0,0,1,0,1,1,1,1,1,1,1,0,0,1,0,0,0,0,1,0,1,1,1,0,0,0,1,0,1,0,1,0,1,0,1,1,0,1,1,0
1619,-0.0550048745172329,1,1,0,0,1,1,0,0,1,0,0,1,0,0,0,1,1,0,0,0,1,1,0,0,0,0,0,1,0,0,0,0,0,1,0,0,0,1,0,0
1620,0.19691824145388,0,1,0,0,0,1,1,1,1,0,1,1,0,0,1,1,1,0,1,0,1,1,1,0,0,1,0,0,1,0,0,0,1,0,0,0,0,0,0,0
1621,-0.848126974836545,0,1,0,1,1,1,1,0,1,1,1,1,0,0,0,1,1,1,0,1,1,1,1,0,1,1,0,0,1,1,0,0,1,0,1,0,0,1,0,0
1622,-1.17955466803396,0,1,1,1,0,1,0,1,1,0,1,0,0,0,0,0,0,1,0,0,1,1,0,1,0,0,0,0,0,0,1,0,0,0,0,0,1,1,0,0
1623,-0.816382270549163,1,0,1,0,1,1,0,0,1,1,0,1,1,0,0,1,1,1,1,0,1,1,0,1,0,1,0,0,0,1,0,0,0,0,0,0,1,1,1,0
1624,0.175485100472185,1,0,0,0,0,1,1,1,1,1,1,1,1,1,1,1,1,1,1,0,1,1,1,0,1,0,0,0,1,1,0,0,1,0,0,1,1,1,1,0
1625,0.765899343223658,0,0,0,0,1,1,1,1,1,0,0,1,1,0,0,1,1,0,1,0,0,1,0,1,1,1,1,1,1,1,0,1,0,0,1,1,0,1,0,0
1626,0.816437519705968,1,1,0,1,0,1,0,0,1,1,1,1,1,0,0,1,1,0,1,0,1,1,1,1,1,0,1,1,1,1,0,0,1,1,1,1,1,1,0,0
1627,-0.620059062656054,0,0,0,0,0,1,1,0,1,0,0,1,0,0,0,0,1,1,1,0,1,1,1,1,1,1,1,1,1,1,0,0,0,0,1,1,0,1,1,0
1628,0.293225688885831,0,1,0,0,1,1,1,0,1,1,0,0,1,0,0,1,1,0,1,0,1,1,1,1,1,0,0,0,0,1,0,0,1,1,1,0,1,1,1,0
1629,0.714077400894123,0,0,0,1,1,1,1,0,1,1,0,0,0,0,1,1,1,0,1,0,0,1,1,1,1,0,1,1,1,1,0,0,0,0,0,1,1,1,0,0
1630,-0.572917990895597,0,1,0,0,0,1,0,0,1,0,1,1,0,0,1,1,1,0,1,0,0,1,0,1,1,0,0,0,0,0,0,0,0,0,0,0,1,1,0,1
1631,1.13870718410344,1,0,1,0,1,1,1,0,1,1,0,0,0,1,1,1,1,1,1,1,1,1,1,0,1,0,0,1,1,1,0,1,1,0,0,0,0,1,0,0
1632,-1.3847813512495,0,1,0,0,0,1,1,1,0,0,0,0,1,0,1,0,0,1,0,0,1,0,1,1,0,0,1,0,0,0,0,0,0,0,0,0,1,0,0,0
1633,-0.604811201188401,0,1,1,1,1,1,1,1,1,1,1,1,1,0,1,1,1,1,0,0,0,0,1,1,0,0,0,0,0,0,0,0,1,0,0,1,1,1,0,0
1634,1.35444230033462,1,0,0,1,1,1,1,1,1,1,0,1,1,0,1,1,1,1,1,0,1,1,1,1,1,0,0,1,1,0,0,1,1,1,1,0,1,1,1,0
1635,-1.73319786485378,1,1,0,1,0,0,1,1,0,1,0,0,0,0,0,0,0,0,0,0,1,1,0,1,0,0,1,0,0,0,0,0,0,0,0,1,0,0,0,0
1636,-0.401831801254901,0,1,1,0,1,1,1,0,1,1,1,1,1,0,1,1,0,1,0,0,1,1,0,0,1,0,0,0,0,1,1,0,1,1,0,0,1,0,0,0
1637,0.149711559112917,0,0,0,1,0,1,1,0,1,0,1,1,0,0,1,1,1,0,1,0,1,1,1,1,0,0,1,0,0,0,1,0,0,0,0,1,0,0,0,1
1638,-3.50493748232854,0,0,0,0,0,0,0,1,0,0,0,0,0,0,0,0,0,0,0,0,0,0,0,0,1,0,0,0,0,1,0,0,0,0,0,0,0,0,0,0
1639,0.285782474944894,1,0,0,1,1,1,1,1,1,1,1,0,0,1,1,1,1,0,1,0,1,1,0,1,1,1,1,0,0,0,0,0,1,0,1,0,1,0,0,1
1640,1.80365873726178,1,1,1,0,0,1,1,0,1,0,1,0,1,0,0,1,1,0,1,1,1,1,1,1,0,0,1,0,0,0,1,0,0,1,0,0,1,1,1,1
1641,0.123179363138576,1,0,0,0,1,1,0,1,1,1,1,0,1,0,1,1,1,0,1,0,0,1,1,1,1,0,0,1,1,1,0,0,0,0,0,0,0,1,0,0
1642,0.41861577564549,0,1,1,0,1,1,0,1,1,1,0,1,0,0,0,1,1,1,1,0,1,1,1,1,1,0,1,0,1,1,0,0,1,0,1,1,1,1,0,0
1643,-0.183907796265038,0,0,1,1,1,1,1,1,1,1,1,0,0,0,1,1,1,0,1,1,1,1,1,0,1,0,1,0,0,1,0,0,1,0,0,1,0,0,0,0
1644,-1.23766687434034,1,1,0,1,0,1,0,0,0,1,1,0,0,0,1,1,0,0,0,0,0,0,1,0,1,0,0,0,1,1,0,0,0,0,0,0,1,0,0,0
1645,0.120577327619225,1,0,0,0,1,1,0,1,1,0,1,1,0,1,1,1,1,0,1,1,1,1,1,1,1,1,0,1,1,0,0,0,0,1,0,0,0,1,0,1
1646,1.46127432375707,0,1,0,0,0,1,1,1,1,0,1,1,1,0,1,1,1,1,1,0,1,1,1,1,0,1,0,1,0,1,1,1,0,0,1,0,0,1,1,1
1647,-0.135364873275159,0,0,0,1,0,1,1,0,1,1,1,1,1,0,1,1,0,1,1,1,0,1,1,0,1,1,1,0,0,0,0,0,1,0,0,0,1,0,0,0
1648,1.07827791527207,1,0,0,1,1,1,1,1,1,1,1,0,0,0,1,1,1,0,1,0,1,1,1,1,1,0,0,1,0,1,1,1,1,1,0,0,1,1,0,0
1649,0.675586709506745,1,1,1,1,0,1,1,1,1,1,0,1,0,0,1,1,1,1,1,1,1,1,0,0,1,0,1,0,0,1,0,1,1,1,1,0,1,1,1,0
1650,-0.327162805217091,1,0,1,1,1,1,0,0,1,0,0,1,1,0,1,1,0,0,1,0,0,1,1,0,0,0,0,0,0,1,0,0,1,0,1,1,1,0,1,0
1651,0.169805505139811,0,0,0,1,1,1,1,0,1,1,0,1,1,0,0,1,1,0,1,1,1,1,1,1,1,0,0,0,1,1,0,0,1,1,0,0,0,0,0,1
1652,-2.45392683702656,0,1,0,0,0,0,0,0,0,1,1,0,0,0,1,0,0,0,0,0,0,1,0,0,0,0,0,1,0,0,0,0,0,0,0,0,0,1,0,0
1653,-0.276605478639417,0,1,1,0,1,1,0,0,1,1,1,0,1,0,1,1,0,1,0,1,1,1,1,1,1,0,1,1,1,1,0,0,1,0,1,0,1,1,1,0
1654,-0.0397428044530818,1,1,0,1,0,1,1,1,1,0,0,0,0,1,0,1,1,0,0,0,1,1,1,1,1,0,1,1,0,1,1,0,1,1,1,0,1,1,0,1
1655,-0.728170243480536,1,1,0,1,1,1,1,0,1,0,1,1,0,1,1,0,1,1,0,0,0,1,1,1,0,0,0,0,1,0,0,0,1,0,0,0,0,1,1,1
1656,-1.0541159862455,0,1,0,0,1,1,0,0,1,0,0,1,0,0,1,0,1,0,0,0,1,1,0,0,1,0,0,0,0,0,0,0,0,0,0,0,0,0,0,0
1657,-2.21131263214656,0,0,0,0,0,1,1,1,0,0,1,0,0,0,1,0,0,0,0,0,1,0,0,0,0,0,0,0,0,0,0,0,0,0,0,0,0,1,0,0
1658,-0.202650808629772,1,0,0,0,1,1,1,0,1,0,0,1,0,1,0,0,1,0,1,0,1,1,0,0,1,0,1,0,0,1,0,0,1,0,1,0,0,1,0,0
1659,-0.686863147495114,0,0,0,0,1,1,1,0,1,1,0,1,1,0,0,1,0,0,1,1,0,1,0,0,1,0,0,1,1,1,0,0,0,1,0,0,1,1,0,0
1660,0.146315779635197,0,0,1,1,1,1,0,0,1,1,1,1,1,0,1,1,1,1,0,1,0,1,0,0,1,1,0,0,0,0,0,0,0,0,0,1,0,1,0,1
1661,0.366247248562483,0,1,0,1,0,1,1,1,1,1,0,1,0,0,1,1,1,1,1,0,1,1,1,0,1,0,1,1,1,1,1,0,1,0,1,0,1,1,1,1
1662,1.60702954251586,1,1,1,1,1,1,1,1,1,1,1,1,1,0,1,1,1,1,1,0,1,1,1,1,0,1,1,0,0,1,1,1,1,1,1,1,1,0,1,0
1663,0.36829964590643,0,1,0,1,0,1,1,0,1,0,1,0,0,0,1,1,1,1,1,1,1,1,1,1,1,0,1,1,0,1,0,0,0,1,0,1,0,1,1,0
1664,0.578142526016874,1,1,1,0,1,1,0,0,1,1,0,0,1,0,1,1,1,1,1,0,0,1,1,1,0,0,1,0,1,1,0,1,1,0,1,1,0,0,1,1
1665,0.160977879391443,0,1,1,0,1,1,1,0,1,1,1,1,1,0,1,1,1,0,1,0,1,1,0,1,1,0,1,0,1,1,0,0,1,1,1,0,1,1,1,0
1666,0.0364149188342715,0,1,0,0,0,1,1,1,1,1,1,1,0,0,1,1,1,1,1,0,1,1,1,1,1,0,1,1,1,1,0,0,1,1,1,0,1,1,0,0
1667,0.314886126624266,1,1,0,0,1,1,1,0,1,0,1,0,1,1,1,1,1,1,1,1,1,1,0,0,1,1,1,1,0,0,1,0,1,0,0,0,0,1,1,0
1668,-1.42706441622321,0,1,1,1,1,0,1,1,0,0,0,0,1,1,0,0,1,1,1,1,0,1,0,1,1,0,0,1,0,0,0,0,1,0,0,0,1,0,0,0
1669,-0.491625624654665,1,1,0,0,1,1,1,0,1,0,0,0,0,0,1,1,0,1,0,0,1,1,1,1,0,0,1,0,0,1,0,0,0,0,0,0,0,1,0,0
1670,0.313020043732963,0,1,0,1,1,1,1,0,1,0,0,0,0,0,1,1,0,0,1,1,1,1,1,0,0,0,0,0,1,1,0,1,1,0,0,0,0,1,1,0
1671,0.560558760030273,1,1,0,1,0,1,0,1,1,0,0,1,1,0,0,0,1,1,1,0,0,1,1,0,0,0,1,1,1,0,0,1,0,0,0,1,0,1,1,0
1672,0.0281866893020557,1,0,0,1,0,1,1,1,1,1,0,1,0,1,0,1,0,0,1,0,1,1,1,1,0,0,0,0,1,1,0,0,0,1,0,0,1,0,1,0
1673,-1.74055326234256,0,1,0,0,1,1,0,0,0,1,1,1,0,1,0,0,0,0,0,0,0,0,0,0,0,0,0,1,1,0,0,0,0,0,1,0,0,0,0,0
1674,-0.376624638434398,0,0,0,0,1,1,1,1,1,0,0,1,0,0,1,1,0,1,0,0,0,1,0,1,1,1,0,0,0,0,0,0,1,0,1,1,0,1,0,1
1675,1.6765386295245,1,0,0,1,1,1,1,1,1,0,1,1,1,1,1,1,1,0,1,1,1,1,1,1,1,0,1,1,1,1,0,1,0,0,0,1,1,1,1,0
1676,-1.81641768917369,0,0,1,0,0,1,0,0,0,1,0,1,0,0,1,0,0,0,0,0,1,1,0,1,1,0,0,1,0,0,0,0,0,0,0,0,0,0,1,0
1677,0.135986563002905,1,0,0,1,1,1,1,0,1,1,1,1,1,0,0,1,1,1,1,0,1,1,1,0,0,0,1,0,1,1,0,0,0,1,1,0,0,1,1,1
1678,0.684989282223898,1,0,0,0,1,1,1,0,1,1,0,1,0,0,1,1,1,0,1,1,1,1,1,1,0,0,0,0,0,0,0,0,1,1,1,0,1,1,1,0
1679,-0.0773328709016375,1,0,0,1,1,1,0,0,1,1,0,1,1,1,1,1,0,1,1,0,1,1,1,0,1,1,1,1,1,1,0,0,1,0,0,0,1,0,1,0
1680,-0.537637772510149,0,1,1,0,1,1,1,1,1,1,0,1,0,0,0,1,0,1,1,0,0,1,0,0,0,0,0,0,0,1,0,0,1,0,0,1,1,1,0,0
1681,0.744989927720797,1,1,0,1,1,1,1,0,1,1,0,1,0,0,1,1,1,1,1,1,1,1,0,1,1,1,0,1,1,0,0,0,0,1,0,1,1,1,1,0
1682,0.408069512812472,0,0,0,1,1,1,1,0,1,1,1,1,1,0,0,1,1,1,1,0,1,1,1,1,1,0,0,0,0,1,0,0,0,1,0,0,0,0,0,1
1683,1.73159758248498,0,1,1,1,1,1,1,1,1,1,1,1,0,1,1,1,1,0,1,0,1,1,0,0,1,0,1,0,1,1,0,1,1,1,1,1,1,0,1,1
1684,-0.105315800856267,1,1,1,0,0,1,1,1,1,1,0,1,0,0,1,1,1,1,0,0,1,1,1,1,0,0,1,0,0,0,0,1,0,0,1,0,0,1,0,0
1685,-1.21323004493997,0,1,0,0,1,1,1,0,0,0,0,0,0,0,1,0,0,1,0,0,0,1,0,0,1,1,0,1,0,1,0,0,0,1,0,0,1,1,1,0
1686,1.19400585654838,0,1,1,1,1,1,1,1,1,0,0,1,0,0,1,1,1,1,1,1,1,1,0,1,1,0,0,0,1,1,0,1,0,0,1,0,0,1,1,0
1687,0.167972241981755,0,1,0,1,1,1,1,1,1,0,1,1,0,0,0,1,1,1,1,0,1,1,0,1,1,0,0,0,1,0,0,1,0,0,1,1,1,0,0,0
1688,-0.919631849294862,0,1,0,1,1,1,1,0,1,0,0,0,1,0,0,0,0,0,0,0,1,1,0,0,0,0,1,0,1,0,0,0,0,0,0,0,1,0,0,0
1689,-0.0999220660679419,1,0,1,0,1,1,1,1,1,0,0,1,0,0,1,1,1,0,1,1,1,1,1,1,0,0,1,0,1,1,0,0,1,0,0,1,1,1,0,1
1690,0.135112926242043,0,1,1,1,1,1,1,0,1,0,1,1,1,1,0,1,1,0,1,1,0,1,1,1,1,0,0,0,0,1,0,0,0,1,1,0,1,0,1,0
1691,1.8053148296011,1,1,0,1,1,1,1,0,1,1,0,1,1,0,1,1,1,1,1,1,1,1,1,0,1,1,1,0,1,0,0,0,0,1,0,0,1,1,1,0
1692,0.122890319271143,1,1,1,1,0,1,1,1,1,0,1,0,0,0,1,1,1,0,1,0,1,1,1,1,1,0,1,1,0,1,0,0,1,1,0,0,0,1,0,0
1693,0.418302657354791,0,1,0,0,0,1,1,1,1,1,0,1,1,0,1,1,1,0,1,0,1,1,1,1,1,0,0,1,1,1,0,0,0,1,1,0,0,1,0,0
1694,1.94233202978828,0,1,1,1,0,1,1,1,1,0,1,1,0,1,1,1,1,0,1,1,1,1,0,0,1,0,1,0,1,1,1,1,0,1,0,0,1,1,0,1
1695,0.529755363931563,0,0,0,1,1,1,1,1,1,0,1,1,0,0,1,1,1,0,1,0,1,1,1,0,1,0,1,0,1,1,0,1,1,1,1,0,0,0,1,0
1696,-0.485006329122557,0,1,0,0,1,1,1,0,1,1,1,0,0,0,1,1,1,1,1,1,0,0,0,1,1,0,1,0,1,0,0,0,1,0,1,1,1,1,0,1
1697,-0.444390313111037,0,0,1,1,1,1,1,0,0,0,1,0,1,1,1,0,0,1,1,0,1,1,0,1,1,0,1,1,0,0,0,0,0,0,1,0,1,0,0,1
1698,-0.156943989652179,0,1,1,1,0,1,1,0,1,0,1,0,0,1,1,1,1,1,1,0,0,1,1,0,0,0,1,0,0,1,1,0,0,0,0,0,1,1,0,0
1699,-1.94093531313962,0,1,0,1,1,0,0,0,0,0,0,1,0,0,1,0,0,1,0,0,1,0,0,1,1,0,0,1,0,0,0,0,0,0,0,0,1,0,0,0
1700,-0.82211570844955,1,1,0,0,0,1,1,1,0,1,0,0,1,1,1,1,0,0,0,1,1,1,1,1,1,0,0,0,0,0,0,0,1,0,0,1,0,1,0,0
1701,0.752237569928413,1,1,1,0,1,1,1,0,1,1,0,1,1,0,1,1,1,1,1,0,1,1,0,1,1,0,0,0,1,1,0,1,1,1,1,1,1,1,0,1
1702,1.97291794146588,1,1,1,1,1,1,1,1,1,1,0,1,1,0,1,1,1,0,1,0,0,1,1,1,1,1,1,1,0,1,0,1,0,0,1,1,1,0,1,0
1703,-0.233741477551085,0,1,0,0,0,1,1,1,0,1,0,1,0,0,1,1,0,1,1,0,1,1,1,1,1,0,0,0,1,0,0,0,1,0,1,0,1,1,0,0
1704,-0.433397090324967,1,1,1,0,0,1,0,1,1,1,1,0,0,0,0,1,0,0,1,1,1,0,1,1,1,0,1,0,1,0,0,0,0,0,1,0,0,0,1,1
1705,0.687273102210003,0,1,0,1,1,1,1,1,1,1,1,1,1,0,1,1,0,0,1,0,1,1,1,1,1,0,1,0,1,1,0,1,0,1,1,0,1,0,0,0
1706,-2.309558716717,0,1,0,0,0,0,0,1,0,0,0,1,1,0,0,0,0,0,0,0,1,0,1,0,0,0,1,0,0,0,0,0,0,0,0,1,0,0,0,0
1707,-1.68625419764116,0,1,0,0,1,1,0,1,0,0,0,0,0,0,0,0,0,1,0,0,1,1,0,0,1,0,0,0,0,1,0,0,0,0,0,0,0,1,1,0
1708,1.50033924148299,1,1,0,0,1,1,1,1,1,0,1,1,0,1,1,1,1,1,1,0,1,1,1,1,1,0,1,0,1,1,0,1,1,0,0,1,1,1,0,1
1709,0.72341378114447,0,1,0,1,1,1,1,1,1,0,0,1,0,1,1,1,1,0,1,1,0,1,1,1,1,1,1,0,0,1,1,0,0,1,1,1,1,0,0,0
1710,-0.710990230078402,0,1,1,1,1,1,0,0,1,0,0,1,1,0,0,1,0,0,1,0,1,1,0,0,0,1,0,1,0,0,0,0,0,0,0,0,0,1,0,0
1711,-0.572631038373896,0,0,1,0,1,1,1,0,1,0,0,1,0,0,1,1,0,0,0,0,1,1,1,1,0,0,1,0,0,0,0,0,1,0,1,0,0,0,0,0
1712,0.941368190775815,0,1,0,1,1,1,1,0,1,1,1,1,1,1,0,1,1,0,1,0,1,1,1,1,1,0,1,0,1,1,1,0,0,0,1,1,0,0,0,0
1713,0.684631636643839,1,1,0,1,1,1,0,0,1,1,1,0,1,0,0,1,1,1,1,1,1,1,1,1,1,1,0,1,1,1,0,0,1,0,1,0,1,0,1,0
1714,0.615945859662079,1,1,0,1,1,1,1,1,1,1,1,0,1,1,0,1,1,0,1,1,1,1,1,1,0,0,0,0,0,0,1,0,1,1,1,0,0,0,0,1
1715,-0.626209104661542,0,0,1,1,0,1,1,0,1,0,1,0,0,0,1,1,1,1,1,1,0,0,1,1,1,1,1,1,0,0,0,0,0,1,1,0,1,0,0,1
1716,1.31939378500862,1,0,0,1,1,1,1,1,1,1,1,1,0,0,1,1,1,0,1,0,0,1,1,1,1,1,1,1,0,1,1,1,0,1,0,1,1,1,0,0
1717,1.38234995352939,1,0,1,1,1,1,1,0,1,1,1,1,1,0,1,1,1,1,1,1,0,1,1,0,1,1,1,0,1,1,0,0,0,0,0,1,0,0,0,1
1718,0.881775801901652,1,1,0,0,0,1,1,1,1,0,1,0,0,1,1,1,1,1,1,0,1,1,1,1,0,0,1,0,0,1,0,1,1,0,1,1,0,1,1,0
1719,-0.574836505536065,1,0,0,0,0,1,0,1,0,1,0,1,0,1,0,1,0,0,0,1,1,1,0,0,0,0,1,0,0,1,1,0,1,0,1,0,1,0,0,0
1720,0.526466363628778,0,1,0,0,1,1,0,1,1,1,0,0,0,1,0,1,1,1,1,1,1,1,1,1,1,0,1,1,1,0,1,0,0,1,0,1,1,1,0,1
1721,-0.947198320419023,0,1,0,1,0,1,0,0,0,1,0,0,0,0,0,1,0,1,0,0,1,1,0,0,1,0,0,0,0,1,0,0,0,0,0,1,0,0,0,0
1722,-0.118141805678771,0,1,0,1,1,1,0,1,1,0,0,0,0,1,1,1,1,0,0,0,1,1,0,1,1,1,1,1,1,1,0,0,0,1,1,0,1,1,0,0
1723,-0.218906714326038,0,0,0,1,0,1,0,1,1,0,1,1,0,0,1,0,1,1,1,0,1,1,1,1,0,0,0,0,1,0,0,0,0,1,0,1,0,1,0,1
1724,1.95612565694887,0,1,0,1,0,1,0,1,1,0,0,1,1,0,1,1,1,1,1,0,1,1,1,0,1,1,1,1,0,0,1,1,0,1,1,1,1,1,1,1
1725,1.27765021737361,1,1,0,1,0,1,1,1,1,1,1,0,1,1,1,1,1,1,1,1,1,1,0,0,1,1,1,0,1,0,0,0,0,0,1,1,0,1,1,1
1726,0.958358693664278,1,1,1,0,1,1,1,0,1,1,0,1,1,0,1,1,1,1,1,0,1,1,1,0,1,1,1,1,1,1,0,1,0,0,0,0,1,1,0,1
1727,0.673279088169261,0,1,1,1,1,1,0,0,1,1,1,0,0,0,1,1,1,1,1,0,1,1,1,1,1,1,0,1,1,1,0,1,0,1,1,0,1,1,0,0
1728,-0.425881684242719,1,1,0,1,1,1,1,0,0,1,1,1,0,0,1,1,1,1,1,0,1,1,1,0,1,0,1,0,1,0,0,0,0,0,0,0,1,0,1,0
1729,-0.809905204861926,1,0,0,0,1,1,1,0,0,1,0,0,0,0,0,1,0,0,0,0,1,1,0,0,1,0,1,1,1,1,0,0,0,0,1,0,1,1,1,1
1730,0.902576004390658,1,0,0,1,1,1,1,1,1,1,0,0,0,1,1,1,1,0,1,0,1,1,1,0,1,0,0,0,1,1,1,0,1,1,1,0,0,1,1,1
1731,-1.48771361518749,1,0,0,0,0,1,0,0,0,0,1,1,0,0,0,1,0,1,0,0,1,0,1,1,1,0,0,1,1,1,0,0,0,0,0,0,0,1,0,1
1732,1.08318997508513,0,1,1,1,0,1,1,1,1,0,1,0,1,0,1,1,1,0,1,0,1,1,1,1,1,0,1,1,0,1,0,1,1,0,1,1,1,1,0,0
1733,-1.66525120107006,0,0,0,0,0,1,0,0,0,0,1,1,0,0,0,0,0,0,0,0,1,1,0,1,1,0,0,0,0,1,0,0,0,1,1,1,0,0,0,0
1734,0.0216662871560971,1,0,1,1,1,1,1,1,1,0,0,0,0,1,1,1,0,0,0,0,1,1,0,1,1,0,1,1,1,1,0,0,1,0,0,0,1,1,1,0
1735,1.94229863372039,0,1,0,0,0,1,1,0,1,0,1,1,1,0,1,1,1,0,1,1,1,1,0,1,1,0,1,1,1,1,0,1,0,0,1,1,1,1,1,0
1736,-1.22830980064824,0,0,0,0,1,1,0,1,0,0,1,1,0,0,0,0,0,1,0,0,1,0,0,1,0,0,1,1,0,1,0,0,0,0,1,1,0,0,0,0
1737,0.856224703983451,1,1,0,0,0,1,1,0,1,1,1,1,1,0,0,1,1,0,1,1,1,1,1,1,1,0,1,1,1,1,0,1,0,1,0,1,1,1,1,1
1738,-1.19383383617601,1,1,0,0,1,1,1,0,1,0,1,0,1,0,1,0,0,0,0,1,0,0,1,1,1,0,1,1,0,0,0,0,0,0,0,0,1,1,1,0
1739,0.532254510892555,1,1,0,1,0,1,1,0,1,1,1,1,0,0,1,1,1,0,1,1,1,1,1,1,1,0,0,1,1,1,0,0,0,0,0,1,1,0,1,1
1740,0.793818974380726,0,1,0,0,1,1,1,1,1,1,1,1,1,0,1,1,1,0,1,1,1,1,0,0,0,0,1,1,0,1,0,1,0,0,1,0,1,1,1,0
1741,0.806421248657051,1,1,0,0,1,1,0,0,1,0,0,0,0,0,1,1,1,0,1,0,1,1,1,1,0,0,0,1,0,1,0,0,1,1,1,0,1,1,1,0
1742,0.198102573547876,0,1,0,0,1,1,1,1,1,0,1,1,1,1,0,1,1,0,1,1,1,1,0,1,0,0,1,0,0,0,1,0,0,0,0,1,1,1,1,0
1743,1.94422739847267,1,1,0,0,0,1,1,0,1,1,1,1,1,1,1,1,1,0,1,0,1,1,1,1,1,0,0,1,1,1,1,1,1,0,1,0,1,1,0,1
1744,0.0514810660740105,0,1,1,1,0,1,1,1,1,0,0,1,1,0,1,1,1,1,1,0,1,1,0,1,0,1,1,1,0,1,0,0,0,1,0,1,0,0,1,0
1745,-1.27754987687443,0,0,0,0,1,1,0,1,0,0,1,1,1,0,1,0,0,0,0,0,1,0,0,0,1,0,0,1,1,0,0,0,0,1,0,0,1,1,0,0
1746,-1.00497772695227,1,1,0,0,1,1,1,0,1,1,1,0,0,1,1,0,0,0,0,0,1,1,0,1,0,1,0,0,0,1,0,0,0,0,1,0,1,1,0,0
1747,-0.136021102281548,1,1,1,0,1,1,0,1,1,0,0,0,0,0,1,1,1,0,0,0,1,1,0,0,1,0,0,1,0,0,0,0,1,1,1,1,1,1,0,0
1748,0.580138715699048,0,0,0,1,1,1,1,0,1,0,1,0,1,0,1,1,1,1,1,0,1,1,0,1,1,1,0,1,0,1,1,1,1,0,0,0,0,1,1,1
1749,1.39142971056619,1,1,0,1,1,1,1,0,1,1,1,1,0,0,0,1,1,1,1,0,1,1,1,0,0,1,1,0,1,1,1,1,1,1,1,0,1,1,1,1
1750,0.959058340934809,0,1,1,1,1,1,0,1,1,1,0,1,0,0,1,1,1,0,1,0,1,1,0,1,1,0,1,1,1,1,1,0,1,0,1,1,1,0,0,0
1751,-0.805966969859253,1,0,0,0,1,1,1,0,0,0,0,1,0,0,0,0,0,0,0,0,1,1,1,0,1,1,0,0,1,1,0,0,0,0,1,1,0,0,0,1
1752,0.105395954411406,1,1,0,0,1,1,1,1,1,1,0,0,0,0,1,1,1,1,1,1,1,1,0,0,0,0,1,0,0,0,0,1,0,0,0,0,1,1,0,0
1753,-0.680749485644554,0,0,0,1,0,1,0,0,1,0,1,1,1,1,1,1,1,0,1,0,1,1,0,0,1,0,1,0,1,1,1,0,0,0,1,1,0,1,0,1
1754,-0.0775018333352878,1,1,1,1,0,1,1,1,1,0,1,0,0,0,1,1,1,0,1,1,1,1,0,1,1,1,0,0,1,1,0,0,0,0,1,0,0,0,0,0
1755,0.10506474494602,0,1,0,1,1,1,1,1,1,0,0,1,0,0,0,0,1,0,1,1,0,1,1,1,0,0,1,0,0,1,0,1,0,0,1,1,1,1,0,0
1756,-0.563868711940625,0,0,0,0,1,1,1,0,1,1,0,0,0,0,0,1,1,1,1,0,1,1,0,0,1,0,1,1,0,1,0,0,0,0,1,0,1,0,1,0
1757,-1.32989630178909,0,1,0,1,0,1,1,0,0,0,0,0,0,0,0,0,1,0,0,0,0,0,1,1,1,0,1,0,0,0,0,0,1,0,1,0,1,0,0,0
1758,-1.18062524252202,0,0,0,0,0,1,0,0,0,0,0,1,1,1,1,0,0,0,0,0,0,0,1,0,1,0,1,0,1,0,0,0,0,0,0,0,0,1,0,0
1759,0.583383525570786,0,0,1,0,0,1,0,1,1,1,1,1,0,1,0,1,1,1,1,0,0,1,1,1,0,0,0,1,0,1,0,0,1,0,0,0,1,1,0,1
1760,-0.578054335298048,0,1,0,0,1,1,1,1,1,1,0,1,0,0,1,1,0,0,0,0,1,1,0,0,0,0,1,0,0,0,0,0,0,0,0,1,1,1,0,0
1761,-0.0084172333806449,0,1,1,1,1,1,1,0,1,0,1,1,0,0,1,1,1,1,1,0,1,1,1,1,1,1,1,0,1,0,0,0,1,0,1,0,1,1,1,0
1762,-0.588298445123576,0,1,0,0,1,1,1,0,1,1,0,0,0,0,0,1,0,1,1,0,1,1,1,0,0,0,1,0,0,1,1,0,0,0,0,0,1,1,0,0
1763,2.15864309287105,1,1,1,0,1,1,1,1,1,1,1,1,0,1,1,1,1,1,1,1,1,1,1,1,1,1,0,1,1,1,1,1,1,1,0,1,1,0,1,0
1764,-2.21513599572077,1,0,1,1,1,0,1,0,0,0,0,1,0,0,1,0,0,0,0,0,0,0,0,0,0,0,1,0,0,0,0,0,1,0,0,0,1,0,0,0
1765,0.0357642796794605,1,1,1,1,0,1,1,0,1,1,0,1,0,0,0,1,1,1,1,1,0,1,0,1,0,0,1,1,0,1,0,0,1,0,0,0,0,0,0,0
1766,0.399560728112814,0,1,1,0,0,1,1,0,1,1,1,0,1,1,1,1,1,1,1,0,1,1,1,0,1,0,1,1,1,0,1,0,1,0,0,0,1,1,1,1
1767,1.92481062688686,1,1,0,0,1,1,0,0,1,1,1,1,1,0,1,1,1,0,1,0,1,1,1,0,1,0,1,0,0,1,1,1,1,1,1,1,1,1,0,0
1768,-0.821949297782469,1,1,0,1,1,1,0,1,0,0,0,0,0,0,1,1,1,1,1,0,1,0,0,0,0,0,0,1,1,0,0,0,0,0,0,0,1,1,0,0
1769,0.666884021067644,1,1,0,0,0,1,1,0,1,1,1,1,0,0,1,1,1,0,1,0,1,1,0,1,1,0,1,0,1,1,1,0,0,0,1,0,0,0,0,0
1770,-0.526743114023624,1,1,0,0,1,1,0,0,1,1,1,1,0,0,0,1,0,0,1,0,1,1,0,0,1,1,0,0,0,0,0,0,0,0,0,0,1,0,1,1
1771,0.822407018120398,0,1,0,0,1,1,1,1,1,1,1,0,1,1,1,1,1,0,1,0,1,1,1,1,0,0,1,1,1,1,0,1,1,1,1,1,0,1,0,0
1772,-0.3245914468059,1,1,0,1,1,1,1,1,1,1,1,1,0,0,1,1,0,1,1,0,1,1,1,1,1,0,0,1,0,0,1,0,0,1,1,0,1,1,0,0
1773,0.221033638336353,1,1,1,0,1,1,1,0,1,1,0,0,0,1,1,1,1,1,1,0,1,1,1,1,1,0,1,0,0,1,0,0,1,1,1,0,1,1,1,1
1774,1.25240054242816,1,1,0,1,0,1,1,1,1,1,1,1,0,1,1,1,1,1,1,1,1,1,1,1,1,1,1,0,1,1,0,0,0,1,0,1,1,1,1,0
1775,0.228439025322218,1,0,1,1,1,1,1,1,1,0,0,1,0,0,0,1,1,0,1,1,1,1,0,1,1,1,0,0,1,0,1,0,0,0,0,1,1,1,0,1
1776,-0.94764066740593,1,1,0,0,1,1,0,0,0,0,1,1,1,0,1,0,0,1,1,0,1,1,0,1,1,1,1,1,0,1,0,0,1,0,0,0,0,1,0,0
1777,1.59428411564685,1,1,1,1,0,1,1,1,1,1,1,0,0,0,1,1,1,1,1,0,1,1,1,1,1,0,1,0,0,1,1,1,1,0,0,1,1,0,1,0
1778,2.3777685119497,1,1,0,0,1,1,1,0,1,1,1,1,1,1,1,1,1,1,1,1,1,1,1,1,1,0,1,0,1,1,0,1,0,0,1,1,1,0,1,1
1779,-0.569974898640541,1,1,1,0,1,1,1,0,1,0,0,0,1,1,1,1,1,0,1,0,0,1,1,1,1,0,1,1,1,0,0,0,0,1,0,1,0,1,0,1
1780,0.95518018124758,0,1,0,0,1,1,1,0,1,0,1,1,0,1,1,1,1,0,1,0,1,1,1,1,0,0,1,1,1,1,1,1,1,1,0,0,1,1,1,0
1781,0.271988627981778,0,1,1,0,1,1,1,1,1,0,0,0,0,0,1,1,1,1,1,0,1,1,0,1,0,1,1,0,0,1,0,0,1,0,0,0,1,0,1,1
1782,-1.07118675061095,1,0,0,0,1,1,0,1,1,1,1,0,1,0,1,0,0,0,1,0,0,1,1,1,0,0,0,0,0,1,0,0,0,0,1,0,0,1,0,0
1783,-0.259251967583591,0,1,1,0,1,1,1,0,1,0,1,0,0,1,0,1,1,1,0,0,0,1,1,1,1,0,0,1,0,1,0,0,0,0,0,0,1,1,1,0
1784,1.35688703310315,1,0,0,1,1,1,1,1,1,0,1,0,1,1,1,1,1,1,1,0,1,1,1,1,0,1,0,0,1,1,1,1,1,1,0,0,1,1,1,0
1785,-0.00282448528612109,1,1,0,0,1,1,1,0,1,1,0,1,1,0,1,1,1,1,1,0,1,1,0,0,1,0,0,0,0,0,0,0,0,1,1,0,1,1,0,1
1786,0.212450866112284,0,1,0,1,1,1,1,0,1,1,1,1,1,0,1,1,1,1,1,1,1,1,1,0,1,0,1,1,0,1,0,0,1,1,0,0,1,1,0,0
1787,1.46935982628003,1,1,0,1,0,1,1,0,1,1,0,1,1,0,1,1,1,1,1,0,1,1,1,1,1,0,1,1,1,0,0,1,0,1,0,0,1,1,1,1
1788,-0.433076434258079,0,0,1,1,0,1,1,0,1,1,1,0,1,0,1,1,0,1,1,0,1,1,0,1,0,1,0,0,0,1,0,0,0,0,1,0,1,1,1,0
1789,0.46498554795579,0,1,1,0,1,1,1,0,1,0,0,1,0,0,1,1,1,1,1,0,1,1,1,0,0,0,0,0,1,1,0,0,0,1,1,0,1,1,0,0
1790,0.494498093783633,0,1,0,1,1,1,1,1,1,1,1,1,1,0,1,1,1,0,0,1,0,1,1,1,1,0,1,1,0,0,0,0,0,0,0,1,0,0,0,0
1791,1.9605806114703,1,1,0,0,1,1,1,0,1,1,1,0,1,0,1,1,1,1,1,1,1,1,1,0,0,1,1,1,1,1,0,1,0,1,1,0,1,1,0,0
1792,1.10548669408751,1,1,1,1,1,1,0,1,1,1,1,1,1,0,1,1,1,1,1,0,1,1,0,1,0,0,1,1,0,1,1,0,1,0,0,1,1,1,0,0
1793,0.315143229866684,0,1,1,1,1,1,0,0,1,0,0,1,0,0,1,1,1,0,1,0,1,1,1,1,0,0,0,0,1,1,0,0,0,1,0,1,1,1,0,0
1794,0.0267014773879191,0,0,1,1,1,1,0,1,1,1,1,1,0,1,0,0,1,0,1,0,0,0,0,1,1,0,0,0,0,1,0,0,0,0,1,0,0,1,1,0
1795,1.75059061045292,0,1,0,1,0,1,1,1,1,1,1,1,1,1,1,1,1,0,1,0,1,1,1,1,1,0,1,1,1,1,1,1,1,1,0,1,1,1,0,0
1796,0.584967544136412,0,1,1,1,1,1,0,0,1,1,0,1,1,0,1,1,1,1,1,1,1,1,1,0,0,1,0,0,1,1,0,0,1,1,0,1,1,0,0,1
1797,0.536805766325352,1,0,0,1,1,1,1,1,1,0,0,1,0,0,1,1,1,0,0,1,1,1,0,1,1,0,1,0,1,1,0,0,0,0,1,1,0,1,1,0
1798,0.0315423636254462,1,0,0,0,0,1,0,0,1,1,1,1,1,0,1,1,1,1,1,0,1,1,0,1,1,0,1,1,1,1,0,0,1,0,1,1,1,0,0,0
1799,-0.300023965337384,0,1,0,1,0,1,1,0,1,1,1,0,0,0,1,1,0,1,1,1,1,1,0,1,0,0,0,1,0,1,0,0,0,0,1,0,0,0,0,0
1800,0.308283033995944,1,1,1,0,0,1,1,0,1,1,1,1,0,0,1,1,1,0,0,0,1,1,0,1,0,0,1,1,0,1,0,0,0,0,1,0,1,1,1,0
1801,-0.60398234135784,1,1,0,1,0,1,0,0,1,0,1,1,1,1,1,1,0,0,1,0,0,1,1,0,1,0,0,0,0,0,0,0,1,0,1,0,1,0,1,0
1802,0.572148712555388,0,0,0,1,1,1,1,0,1,1,0,1,0,1,1,1,1,1,1,1,1,1,1,0,1,0,0,1,0,1,0,1,0,0,0,0,0,0,0,0
1803,1.64298067259636,1,1,1,1,1,1,1,0,1,1,1,1,0,0,1,1,1,0,1,1,1,1,0,1,1,1,1,0,1,1,1,1,1,1,1,1,1,1,0,0
1804,-0.0813910901695026,0,1,0,0,0,1,1,0,1,1,0,0,0,0,0,1,0,0,0,1,1,1,1,0,1,0,0,1,0,0,0,0,1,0,1,0,1,1,1,0
1805,1.31105987058767,1,1,1,0,0,1,1,1,1,1,0,1,0,1,1,1,1,0,1,0,1,1,1,1,1,1,0,1,1,1,0,1,1,1,1,0,1,0,1,0
1806,1.48499773573167,1,0,0,0,1,1,0,1,1,1,0,1,0,1,1,1,1,1,1,0,0,1,1,1,1,0,1,1,1,0,1,0,0,1,1,0,0,0,0,0
1807,-0.888685159414998,0,1,0,0,1,1,1,0,1,1,0,1,0,0,1,0,0,0,0,0,1,1,0,1,0,1,0,1,1,0,0,0,1,0,0,0,0,1,1,0
1808,-0.77743129789794,1,1,0,1,1,1,1,0,1,0,0,1,0,0,0,1,0,0,0,0,1,1,0,1,1,0,0,0,0,0,0,0,1,0,0,0,0,1,1,0
1809,0.324814849949975,1,0,0,1,1,1,1,1,1,0,0,1,0,0,1,1,1,1,1,0,1,1,0,0,1,1,1,1,0,0,1,1,1,0,1,0,1,1,1,1
1810,-0.696364959101692,0,1,0,1,0,1,1,0,0,1,1,1,0,0,1,1,0,1,1,0,0,0,1,1,0,0,0,1,0,0,0,0,0,0,1,0,1,1,0,0
1811,1.53410419302707,0,0,0,0,1,1,0,1,1,1,1,0,1,0,1,1,1,1,1,0,0,1,1,1,1,0,1,0,1,0,0,1,0,1,1,0,0,0,0,0
1812,-1.15103782753552,0,1,0,0,0,1,1,1,0,1,0,0,0,0,0,1,1,1,0,0,0,1,1,0,1,0,0,0,1,0,0,0,0,0,1,1,0,1,1,0
1813,0.175189237814769,1,0,1,1,1,1,1,0,1,1,1,1,1,0,0,1,1,0,1,1,1,1,1,1,0,0,0,1,1,0,0,0,0,1,0,1,1,0,1,1
1814,1.40198538502861,0,1,0,1,1,1,1,1,1,1,1,1,1,0,1,1,1,0,1,0,1,1,1,1,1,0,0,0,1,1,1,1,1,1,1,1,1,1,0,0
1815,-1.90758265537714,0,1,1,0,1,0,0,1,0,1,1,0,0,0,0,0,0,0,0,0,1,1,1,0,0,1,0,0,0,1,0,0,0,0,0,0,0,0,0,0
1816,0.0360093923938512,0,0,1,1,0,1,0,1,1,1,1,1,0,0,0,1,1,1,1,0,1,0,1,1,1,0,1,0,0,0,0,0,0,0,0,1,1,1,1,0
1817,-0.610057028162173,1,1,0,0,0,1,0,1,0,1,0,1,0,0,0,1,0,0,1,0,1,1,1,0,1,1,0,0,0,0,0,0,0,1,1,1,1,1,0,0
1818,-1.0352467212437,0,0,0,1,0,1,1,1,0,0,1,1,0,0,1,0,1,1,1,0,0,1,0,0,1,0,0,1,1,1,0,0,0,0,1,0,0,0,1,1
1819,0.875857699784274,1,1,0,0,1,1,1,1,1,0,1,1,0,1,0,1,1,0,1,0,1,1,0,1,1,0,0,0,1,1,1,0,1,0,1,0,0,1,0,1
1820,0.480133970429003,1,0,0,0,0,1,1,0,1,1,1,1,1,1,1,1,1,1,1,1,1,1,0,0,1,1,1,0,1,0,0,0,1,1,0,0,1,1,1,0
1821,1.33216615210083,0,0,1,0,1,1,0,0,1,0,1,1,0,0,0,1,1,0,1,0,1,1,1,1,1,1,1,0,1,1,1,1,1,1,0,0,1,1,1,0
1822,-0.805228386021886,0,1,1,0,0,1,1,1,1,1,0,1,1,1,1,1,1,0,0,0,1,1,1,0,0,0,1,1,0,1,0,0,0,1,0,0,1,0,1,0
1823,1.72067669147508,1,1,1,1,1,1,1,1,1,1,1,0,1,0,1,1,1,0,1,0,1,1,1,1,1,0,1,1,0,1,1,1,1,0,1,0,1,1,0,0
1824,1.00180820097217,0,0,0,1,1,1,0,1,1,1,1,0,1,1,0,1,1,1,1,0,1,1,0,0,1,0,1,0,1,0,1,1,1,0,1,0,1,1,1,1
1825,0.410551100042466,0,1,0,1,1,1,0,1,1,0,0,1,0,1,1,1,0,0,1,0,0,1,1,1,1,0,0,0,0,1,0,1,1,0,1,0,0,1,0,0
1826,0.926593695279344,0,1,0,0,0,1,1,1,1,0,1,1,0,0,1,1,1,1,1,1,1,1,0,0,1,0,1,1,1,0,0,0,0,0,0,1,1,1,0,0
1827,0.954667269489541,1,1,0,1,1,1,1,1,1,1,0,1,1,1,1,1,1,1,1,1,1,1,0,1,1,1,1,0,0,1,0,1,0,1,0,1,0,0,1,0
1828,0.151863670576996,0,0,0,1,1,1,0,1,1,0,1,1,1,0,1,1,1,1,1,0,1,1,1,1,0,0,0,0,1,1,0,0,1,1,0,1,1,1,1,0
1829,0.58274840572818,0,0,0,1,1,1,1,0,1,1,0,1,0,0,0,1,1,1,1,0,1,1,0,1,1,0,0,1,0,1,0,0,1,0,1,1,1,1,0,0
1830,-0.0996676973862348,1,0,0,0,0,1,0,0,1,1,0,1,0,1,0,1,1,0,1,0,1,1,1,1,1,1,1,1,0,0,0,0,0,1,0,0,1,0,1,0
1831,-0.714869051065557,0,1,0,1,0,1,1,0,1,1,1,0,0,0,0,0,1,1,1,1,1,1,1,0,1,0,1,0,0,1,1,0,1,0,0,0,1,1,0,0
1832,-0.468654107274694,1,0,0,0,0,1,1,1,1,0,0,1,1,0,0,1,1,1,1,1,0,1,0,1,1,0,0,1,0,1,0,0,0,0,1,1,0,1,1,0
1833,1.00563980662884,1,1,1,1,0,1,1,1,1,1,1,1,1,0,1,1,0,0,1,1,1,1,1,1,1,1,1,0,1,1,1,0,1,1,0,1,1,0,1,0
1834,-0.116569066827542,1,1,1,0,0,1,1,1,1,1,1,1,1,1,1,1,0,0,1,0,1,1,0,1,0,0,0,1,0,1,0,0,0,1,0,0,0,1,0,1
1835,-2.27043012477579,0,1,0,1,0,0,1,0,0,1,0,0,0,0,1,0,0,0,0,0,1,0,0,1,0,0,0,0,0,0,0,0,1,0,1,0,0,0,0,0
1836,-0.501171800614502,1,1,0,0,1,1,1,0,1,1,1,0,0,0,0,1,1,0,1,0,1,1,0,1,0,1,0,0,0,0,0,0,0,0,0,0,0,0,0,0
1837,-0.96374794702513,0,0,0,0,1,1,1,0,0,0,1,0,0,0,1,1,0,0,1,1,1,1,0,0,1,0,0,1,1,1,0,0,0,0,0,0,0,1,0,0
1838,0.130996664577534,0,1,0,0,1,1,1,0,1,1,0,1,0,0,1,1,1,1,1,0,0,1,1,1,1,0,0,1,1,1,0,0,0,0,0,0,0,0,1,1
1839,-0.48775072009421,0,1,0,0,1,1,0,0,1,1,0,0,0,1,1,1,1,0,0,0,1,1,0,1,1,1,0,1,0,0,0,0,0,0,0,0,0,0,0,0
1840,-1.16035715210574,0,0,0,0,0,1,0,1,0,0,1,1,0,0,1,1,0,1,0,0,0,1,0,0,1,1,0,1,0,0,0,0,0,0,0,0,0,1,0,0
1841,1.03120026906179,0,0,1,0,1,1,1,1,1,1,1,1,1,0,1,1,1,0,1,0,1,1,1,0,1,1,1,1,0,1,1,0,0,1,0,1,1,0,1,1
1842,1.54595063517184,1,1,0,1,1,1,1,1,1,1,1,1,1,1,1,1,1,0,1,0,1,1,0,0,1,0,0,1,1,1,0,0,0,0,1,1,0,1,0,1
1843,-0.869135956795346,0,1,0,0,0,1,0,0,0,1,0,0,0,0,1,1,1,1,1,0,1,1,1,1,0,1,0,1,0,0,0,0,0,0,1,0,0,1,1,0
1844,0.627299639517451,0,1,1,0,0,1,1,1,1,1,1,1,1,0,1,1,1,1,1,1,1,1,0,1,1,0,0,1,0,1,1,0,1,1,1,1,1,1,0,0
1845,-0.613076897533804,0,1,1,1,0,1,0,1,1,1,1,1,1,0,1,0,1,1,0,0,1,1,1,1,1,0,0,1,1,0,0,0,0,0,0,0,0,1,1,0
1846,-0.117855288356243,0,1,1,1,1,1,1,0,1,1,1,1,1,0,0,1,1,0,1,0,1,1,1,1,1,0,1,1,0,1,1,0,0,0,1,0,1,1,1,0
1847,-0.513366851195203,0,0,0,0,0,1,1,1,1,1,1,0,1,0,1,1,0,1,0,0,0,1,0,1,1,0,1,0,0,1,0,0,0,1,1,1,1,1,1,0
1848,-1.15216114080518,0,0,0,0,1,1,1,0,1,0,0,0,0,1,0,0,0,1,0,1,0,1,0,1,1,0,1,0,0,0,0,0,0,0,0,1,0,1,0,0
1849,-0.542961616798652,1,1,1,1,0,1,1,1,1,0,0,1,0,0,0,1,0,0,0,0,0,1,1,0,1,0,0,0,1,0,0,0,0,0,1,0,0,1,0,1
1850,-0.337605563856529,1,0,0,1,0,1,0,0,1,1,1,0,0,0,1,1,1,0,1,0,0,1,1,1,0,1,1,0,0,1,0,0,1,0,0,0,1,0,0,0
1851,-2.30544835953601,0,0,1,0,0,1,1,0,0,0,1,0,1,0,1,0,0,0,0,0,0,0,1,1,1,0,0,1,0,0,0,0,0,1,0,0,0,1,0,0
1852,1.83252444437355,0,0,1,0,1,1,1,1,1,1,0,1,1,1,1,1,1,1,1,1,1,1,1,1,1,0,1,1,1,1,1,1,0,1,1,0,1,0,1,0
1853,-0.2524811814558,1,1,0,0,1,1,1,0,1,1,0,1,0,0,1,1,0,0,1,1,1,1,1,1,1,0,0,0,0,0,0,0,0,1,1,0,1,1,1,0
1854,-0.77228699149457,0,0,0,0,1,1,0,0,1,1,1,0,0,1,1,0,0,0,0,0,1,1,0,1,1,0,1,1,0,0,0,0,0,0,0,0,0,1,0,1
1855,-1.31929281712605,0,1,0,0,0,1,1,0,1,1,1,1,0,0,1,1,0,0,0,0,1,1,0,1,1,0,1,0,0,0,0,0,0,1,0,0,0,0,0,0
1856,-1.19887103032297,1,0,0,1,0,1,1,0,0,1,0,1,0,0,1,0,0,0,0,0,1,1,1,0,0,0,0,1,0,0,1,0,1,0,0,0,1,1,0,0
1857,-0.906134177216807,0,1,0,0,1,1,1,0,1,1,0,1,0,1,1,1,0,0,0,0,1,1,1,0,1,0,0,0,1,0,1,0,0,0,1,0,0,1,0,0
1858,0.913416100080734,0,1,1,1,1,1,1,1,1,1,1,1,0,0,1,1,1,0,1,1,1,1,1,1,1,0,1,0,1,1,1,1,0,0,0,1,0,1,1,1
1859,-0.902200454254308,0,0,0,0,1,0,0,0,1,1,0,1,0,0,0,1,0,0,1,0,1,1,0,1,1,1,0,1,0,0,0,0,0,1,0,0,1,0,0,0
1860,-1.86704172997553,0,1,0,1,1,0,1,0,0,1,1,0,0,0,1,0,0,0,0,0,1,0,0,0,1,1,0,1,1,0,0,0,0,0,1,0,0,1,0,1
1861,0.0313336142826018,0,1,0,1,0,1,1,1,1,1,0,1,0,0,0,1,1,0,0,0,0,1,1,0,1,0,1,0,0,0,0,0,0,0,1,1,1,1,0,0
1862,-0.477296696126872,1,1,1,1,1,1,1,0,1,1,1,1,0,1,1,1,0,0,1,0,1,1,0,1,1,0,1,1,1,0,0,0,0,0,1,0,0,1,0,1
1863,0.0843264413308028,1,0,1,0,1,1,1,1,0,1,0,0,1,0,1,1,1,1,1,1,1,1,0,1,1,0,1,1,0,1,0,0,0,1,0,0,0,0,0,1
1864,0.666930764455694,0,1,0,1,0,1,0,1,1,1,1,1,0,0,1,1,0,1,1,1,1,1,1,1,1,0,1,0,1,0,0,1,1,0,1,0,0,1,1,0
1865,0.541927774563329,1,1,0,1,0,1,1,0,1,1,1,1,0,0,1,1,1,0,1,1,0,1,0,1,0,0,1,0,1,1,0,0,0,1,0,0,1,1,1,1
1866,-0.165407341505303,1,1,1,0,1,1,0,0,1,0,1,0,1,0,0,1,1,1,1,0,0,1,1,1,1,0,1,0,0,1,0,0,0,0,0,0,1,0,1,0
1867,0.561180453632893,1,1,0,1,1,1,1,0,1,1,1,0,0,1,1,1,1,1,1,0,1,1,0,1,1,0,1,1,0,0,1,1,0,0,0,0,1,1,0,1
1868,-0.812505293411425,1,1,0,0,1,1,1,1,1,0,1,0,1,0,1,1,0,1,0,0,1,1,0,0,1,1,1,0,1,1,0,0,1,0,1,0,0,0,1,1
1869,0.354910927156806,0,0,1,0,1,1,1,1,1,0,0,0,1,0,0,1,1,0,1,1,1,1,1,1,1,1,1,0,0,0,0,0,0,1,1,1,1,0,0,0
1870,1.5670679362554,0,1,1,1,1,1,1,0,1,0,1,1,0,1,1,1,1,1,1,1,1,1,1,1,1,1,1,1,0,1,0,1,0,0,1,0,1,0,1,1
1871,0.402618260829734,1,1,0,1,1,1,0,0,1,0,1,1,0,0,0,0,1,1,1,1,1,1,1,1,1,0,1,1,1,0,0,0,0,1,0,0,0,1,0,0
1872,0.0958637009300005,0,0,0,1,1,1,1,0,1,1,0,1,1,1,1,1,1,0,1,0,0,1,0,1,1,0,0,1,1,1,1,0,0,1,1,1,0,1,1,0
1873,0.36917816231038,1,1,1,1,1,1,1,1,1,1,1,0,1,1,1,1,1,1,1,1,0,1,1,1,1,0,1,0,0,1,0,1,0,1,0,0,1,0,0,1
1874,-0.132885152877484,1,1,0,0,1,1,0,1,1,1,1,1,0,0,1,1,0,0,0,0,1,1,0,1,1,0,0,0,1,0,0,0,0,0,1,1,0,0,1,1
1875,-0.0734482715848963,0,1,0,1,1,1,0,0,1,0,0,0,1,0,0,1,0,0,1,1,1,1,1,0,1,0,1,1,1,0,0,0,0,1,0,1,0,1,0,0
1876,-0.661662521756518,0,1,1,0,1,1,0,0,1,0,0,1,1,1,1,1,0,0,1,1,0,1,1,1,1,0,1,1,0,0,1,0,0,0,1,0,1,1,0,0
1877,2.1252196716246,0,0,0,1,1,1,1,0,1,1,1,1,1,0,1,1,1,1,1,1,1,1,0,1,1,0,1,1,1,1,0,1,1,0,1,1,1,1,1,0
1878,0.758506299993648,1,0,0,1,1,1,1,1,1,0,1,0,0,1,0,1,1,1,1,0,1,1,1,1,1,0,1,0,0,0,0,0,1,1,0,0,0,0,1,0
1879,0.327386243396132,0,1,0,0,1,1,1,0,1,1,1,0,0,1,1,1,1,0,1,1,1,1,1,1,1,0,0,1,0,1,1,0,1,0,1,0,1,1,0,1
1880,0.0450781943706176,0,1,0,1,1,1,1,0,1,0,1,1,0,1,0,1,1,1,1,0,1,1,0,1,1,0,1,1,0,1,0,0,1,1,1,0,1,1,0,0
1881,-0.239818802364998,0,0,1,1,0,1,0,0,1,0,1,0,0,1,0,0,0,0,1,1,0,1,0,0,1,0,0,1,1,1,0,0,0,0,1,1,1,0,0,0
1882,-0.337216166291939,0,0,0,0,0,1,0,1,1,1,1,1,0,1,0,1,0,0,1,0,1,1,1,1,1,0,0,0,1,1,1,0,1,0,0,1,0,1,0,1
1883,-0.577710051911695,1,1,0,1,0,1,1,0,1,0,0,1,1,0,0,1,0,1,0,0,1,1,0,1,1,0,0,0,0,1,0,0,0,1,1,0,0,1,0,1
1884,-1.771800532883,1,1,0,0,1,0,1,0,1,0,1,0,0,0,0,0,0,1,0,0,0,0,0,0,0,0,0,1,0,1,0,0,0,0,0,0,0,0,0,0
1885,-1.14443025233157,0,1,0,0,1,1,1,0,0,0,1,1,0,0,0,0,0,1,0,0,1,0,1,1,1,0,0,1,0,1,0,0,0,0,0,0,0,0,0,0
1886,0.558328501413717,1,1,0,1,1,1,1,0,1,0,1,1,0,0,0,1,1,0,1,0,0,1,1,1,1,0,0,1,1,1,0,1,0,0,1,0,1,0,0,0
1887,-0.497691655784266,1,0,0,1,1,1,0,0,1,0,1,1,0,0,1,0,0,0,1,0,1,0,1,1,1,0,0,0,1,1,0,0,1,1,0,0,1,0,0,0
1888,0.777381375451515,0,1,1,1,1,1,1,0,1,1,1,1,1,0,1,1,1,0,1,1,0,1,1,0,1,1,0,0,1,0,0,0,0,0,1,0,0,1,0,0
1889,0.690436119105689,0,0,0,1,1,1,1,1,1,1,1,1,1,1,1,1,1,0,1,0,1,1,1,1,1,1,0,0,1,1,0,0,1,1,1,0,0,0,1,1
1890,-0.784555616915406,1,1,0,0,0,1,0,0,1,0,1,1,0,0,1,0,0,0,0,0,0,1,0,0,1,0,1,0,1,1,0,0,1,1,1,0,1,1,0,0
1891,-2.15941371786975,0,1,0,1,0,0,1,0,1,0,1,0,0,0,0,0,0,0,0,0,1,0,0,1,1,0,0,1,0,0,0,0,0,0,0,0,1,0,0,0
1892,1.0049195562034,1,1,0,1,1,1,1,1,1,1,1,1,1,0,1,1,1,0,1,0,1,1,1,1,0,0,1,0,0,1,0,1,0,0,1,1,1,1,0,0
1893,0.551054303657696,0,1,0,1,1,1,1,0,1,1,0,0,0,0,0,1,1,0,1,1,1,1,1,1,1,0,1,0,0,0,0,0,0,0,1,1,0,0,0,1
1894,-0.905701776234139,0,1,1,0,0,1,1,0,0,1,1,1,0,0,1,1,0,0,0,0,1,1,0,0,1,0,1,0,0,0,0,0,0,1,1,1,1,1,0,1
1895,-0.444395261428878,0,1,0,0,0,1,0,1,1,1,1,0,0,0,0,0,0,1,1,0,0,1,1,1,1,0,0,0,1,0,0,0,0,1,1,0,0,0,0,0
1896,0.174945660635051,1,1,0,1,1,1,1,0,1,0,0,1,0,0,0,1,0,1,1,0,1,1,1,0,1,0,0,1,1,1,0,0,1,1,0,1,1,1,1,0
1897,-1.81978928989523,1,1,0,0,0,0,0,0,1,0,1,1,0,0,1,1,1,0,1,0,1,0,0,1,0,0,0,0,0,0,0,0,1,0,0,0,1,0,0,0
1898,-0.958417122029255,0,1,0,0,0,1,0,0,0,1,0,1,0,0,1,0,0,0,1,0,1,1,0,0,0,0,0,0,1,0,0,0,0,0,1,1,1,0,0,0
1899,-0.318413928685239,0,0,0,0,0,1,1,1,1,1,0,1,0,0,0,1,1,0,1,1,1,1,1,0,1,1,0,1,0,1,0,0,0,0,1,0,0,1,0,1
1900,-0.492726521395788,0,0,1,1,1,1,0,0,1,0,1,1,0,0,1,1,0,0,0,1,1,1,1,0,0,0,0,0,0,1,0,0,1,1,1,1,1,0,1,1
1901,1.43456076883667,1,1,0,0,1,1,0,0,1,1,1,1,1,0,1,1,1,1,1,1,0,1,0,1,1,0,0,0,0,1,0,1,1,0,1,0,1,1,1,0
1902,-0.0102844360873867,0,1,1,0,1,1,0,0,1,1,1,0,0,0,1,1,0,0,1,1,1,1,1,0,1,1,0,1,0,1,0,0,1,0,1,1,1,0,1,1
1903,0.476930890419587,0,0,0,1,1,1,1,0,1,1,1,1,1,0,1,1,1,1,1,0,1,1,0,1,1,0,1,0,0,0,1,0,1,1,1,1,1,1,1,0
1904,-0.713809738542411,1,1,0,1,1,1,1,0,1,1,1,0,1,0,0,0,1,0,1,1,1,1,0,1,0,0,1,1,1,1,0,0,0,0,0,0,0,0,0,0
1905,0.283223452619989,1,0,1,0,1,1,1,0,1,0,1,1,0,1,1,1,1,1,1,1,1,1,0,1,1,0,0,1,1,1,0,0,1,0,1,1,0,0,0,0
1906,-0.327050036092971,1,0,0,0,0,1,1,0,1,1,1,1,0,0,1,1,0,1,0,0,1,1,0,1,1,0,0,0,1,0,0,0,0,0,0,0,1,0,0,0
1907,0.319264199640368,0,1,1,0,1,1,1,1,1,1,0,1,1,0,1,1,1,1,1,0,1,1,1,0,1,0,1,0,1,1,0,1,1,0,1,1,1,0,0,0
1908,-0.731581462231122,0,0,0,1,1,1,0,0,1,0,1,0,1,0,0,1,0,1,0,0,0,1,1,1,1,0,0,1,0,1,0,0,1,0,0,0,1,1,0,0
1909,-0.681838711261064,0,1,1,0,0,1,1,1,1,1,1,1,1,0,0,1,1,0,1,1,1,1,0,1,1,0,0,0,0,0,0,0,0,0,0,0,0,1,0,1
1910,-0.941812970062604,0,1,0,1,0,1,1,1,1,1,1,0,0,0,0,1,0,0,1,0,1,1,0,0,1,0,0,0,1,0,1,0,0,1,0,0,1,1,0,0
1911,-0.697602726388216,0,1,0,0,0,1,1,1,1,0,0,1,0,0,0,1,0,0,0,0,1,0,1,1,1,1,0,0,0,0,0,0,0,1,0,0,0,0,0,0
1912,-0.272065904337513,1,1,0,0,0,1,0,1,1,1,1,1,1,0,1,1,1,1,1,0,1,1,1,1,0,1,0,0,0,1,0,0,1,0,1,1,0,0,0,0
1913,-0.18154161619805,0,1,0,0,1,1,0,0,1,0,1,1,0,0,1,1,1,1,1,0,1,1,1,0,1,0,0,1,1,1,0,1,0,0,1,0,0,1,1,0
1914,0.841867760677732,1,1,0,0,1,1,0,0,1,1,0,1,0,0,1,1,1,0,1,0,1,1,1,1,1,1,1,0,0,1,1,1,1,1,1,1,1,1,0,0
1915,-0.06998584093397,1,0,0,1,0,1,1,0,1,1,1,1,0,0,1,1,1,0,1,1,1,1,0,0,1,0,0,0,1,1,0,1,0,1,0,0,0,1,0,0
1916,1.19225230855454,1,1,0,0,1,1,0,1,1,0,1,1,1,0,1,1,1,1,1,0,1,1,0,1,1,1,1,0,1,1,1,1,1,0,0,1,0,1,1,1
1917,-0.536891783424445,0,1,1,0,1,1,1,0,1,1,0,1,0,0,1,1,0,0,0,0,1,1,1,0,0,0,0,1,0,0,0,0,0,0,1,0,1,1,0,0
1918,0.542675110093266,0,1,1,1,1,1,1,0,1,0,1,1,0,0,1,1,1,0,1,0,0,1,1,0,1,1,1,1,0,0,0,0,1,0,1,0,1,0,0,0
1919,1.43863422310051,0,1,1,0,0,1,1,1,1,1,0,0,1,0,0,1,1,1,1,0,1,1,0,1,1,0,1,0,1,1,0,1,0,0,0,0,1,1,1,0
1920,0.696829821831087,0,1,1,1,1,1,1,1,1,0,0,1,0,0,1,1,1,0,1,0,1,1,1,1,1,0,0,1,0,0,1,0,0,0,1,0,1,0,0,0
1921,-0.158432903634255,0,1,1,1,1,1,1,0,1,1,0,1,0,0,1,1,1,1,1,0,0,1,0,1,1,0,0,1,0,0,0,0,0,0,0,0,0,1,0,0
1922,1.41788356732621,1,1,0,1,1,1,1,0,1,1,1,1,0,0,0,1,1,1,1,1,1,1,1,0,1,0,0,0,0,1,0,1,0,0,1,0,1,1,0,1
1923,-1.87906082387683,0,0,0,1,0,1,0,0,0,0,1,1,0,0,0,1,0,0,0,0,1,1,0,0,0,1,0,1,0,0,0,0,0,0,1,0,0,1,0,0
1924,1.68877903269292,1,0,1,1,1,1,1,1,1,1,1,1,0,1,1,1,1,0,1,1,1,1,1,1,0,0,1,0,0,0,1,1,0,0,0,0,1,0,0,1
1925,1.8451583457123,1,1,1,0,1,1,1,0,1,1,1,1,1,1,1,1,1,1,1,0,1,1,1,1,1,0,0,0,1,1,0,0,1,1,1,1,1,1,1,1
1926,0.00816966257152562,0,1,1,1,1,1,0,0,1,1,0,1,1,1,0,1,1,1,1,1,1,1,0,0,1,1,1,1,1,1,0,0,1,0,0,1,1,0,0,1
1927,0.212748879310951,0,1,0,1,0,1,0,0,1,1,0,1,1,0,0,1,1,0,1,0,0,1,1,1,1,0,1,0,1,1,0,0,1,1,1,1,1,1,0,0
1928,0.442234950675397,1,1,0,0,0,1,1,1,1,0,1,1,0,0,1,1,1,0,1,1,1,1,0,1,1,1,0,1,0,0,1,0,1,0,0,0,0,0,0,0
1929,-0.787433549814347,0,1,0,0,1,1,1,1,1,0,0,1,1,1,1,1,0,1,0,1,0,1,0,1,1,1,1,1,0,0,0,0,1,0,0,0,0,1,0,0
1930,0.465429808663311,0,1,0,1,0,1,0,1,1,1,0,1,1,1,1,1,1,0,1,1,1,1,1,0,1,1,1,1,1,1,0,0,0,0,0,0,0,1,0,0
1931,1.73337430567184,0,1,0,1,1,1,0,1,1,1,0,1,1,0,1,1,1,0,1,1,0,1,1,1,1,0,1,0,0,1,0,1,0,0,1,1,1,1,1,1
1932,0.210835504552149,1,1,0,1,1,1,0,0,1,0,0,0,1,1,1,1,1,0,1,0,0,1,1,1,1,0,0,1,1,0,0,0,0,1,0,1,0,1,0,1
1933,-0.212410680420147,1,1,0,0,1,1,1,1,1,0,0,0,1,1,0,1,0,0,1,0,1,1,1,1,1,0,1,1,1,1,0,0,1,1,0,0,1,1,1,0
1934,0.0493414601220692,0,0,0,0,1,1,0,0,1,0,1,1,1,0,1,1,1,0,1,0,1,1,0,1,1,0,1,0,1,1,0,0,0,0,0,1,1,1,1,1
1935,-0.83549930829008,1,0,0,1,1,1,0,0,0,0,0,0,0,1,1,1,0,1,0,0,1,0,0,1,1,0,1,0,0,0,1,0,0,1,0,1,0,0,0,0
1936,-0.952315139038618,0,0,0,1,1,1,1,0,1,0,1,1,1,0,1,1,1,0,0,0,0,1,1,1,1,1,1,0,0,1,0,0,1,1,0,1,0,1,0,0
1937,-1.58455710096915,0,0,0,0,1,1,1,0,0,0,1,0,0,1,1,0,0,0,0,0,1,0,0,1,1,1,0,1,0,0,0,0,0,0,1,0,1,0,0,0
1938,1.635915637427,1,1,0,1,1,1,1,1,1,1,0,1,1,1,1,1,1,0,1,0,1,1,1,1,1,0,1,0,1,1,1,1,0,1,0,0,1,1,1,1
1939,1.39141635251396,0,1,0,1,1,1,1,0,1,1,1,0,0,0,1,1,1,0,1,0,1,1,0,1,0,1,0,0,1,1,0,1,0,0,1,1,1,1,1,1
1940,0.054680324498457,1,0,0,1,1,1,0,1,1,1,1,0,1,0,1,1,1,1,1,0,1,1,0,1,1,0,1,0,1,1,0,0,1,1,0,0,1,1,0,1
1941,0.128537646203536,1,0,1,1,0,1,1,0,1,1,1,1,0,0,1,1,1,0,1,1,1,1,0,0,0,0,1,0,0,1,0,0,1,0,0,0,0,1,0,1
1942,1.14906830210338,0,0,1,1,1,1,1,1,1,1,0,0,1,0,1,1,1,1,1,1,1,1,1,1,1,0,1,0,1,1,0,1,1,0,0,0,1,0,0,0
1943,1.05850569573443,1,1,0,1,0,1,0,1,1,0,1,0,0,1,1,1,1,1,1,1,1,1,1,1,0,0,1,0,0,1,0,1,1,0,0,1,0,0,1,0
1944,-0.513242014532866,1,1,1,1,1,1,1,1,0,1,0,0,0,0,0,1,1,0,1,0,0,1,1,1,1,0,1,0,0,1,0,0,0,0,0,0,0,1,0,1
1945,0.464710305894504,0,1,0,1,1,1,1,1,1,0,1,1,0,0,1,1,1,1,1,0,1,1,1,0,0,0,0,1,0,1,1,1,1,1,0,0,0,1,0,0
1946,-0.65535754099942,0,1,1,1,1,1,1,1,1,1,0,1,0,0,0,1,0,1,1,0,1,0,1,0,0,0,0,0,1,1,0,0,0,0,0,1,1,0,0,1
1947,0.181574281513064,0,0,0,0,1,1,1,0,1,1,0,1,1,0,1,1,1,1,1,0,1,1,1,1,0,0,1,1,0,0,0,0,1,0,0,1,0,1,1,0
1948,-0.694501860721922,0,0,0,1,1,1,0,0,1,0,0,1,0,0,0,1,0,0,0,0,1,1,0,0,0,0,0,0,0,1,0,0,1,0,0,0,1,1,0,0
1949,1.14034473434092,0,1,1,1,0,1,0,1,1,1,1,1,0,0,1,1,1,0,1,1,1,1,0,1,1,0,0,0,1,1,1,1,0,0,0,1,1,1,0,1
1950,-0.239770281296419,1,1,0,0,1,1,0,0,1,0,1,0,0,1,1,1,1,0,1,1,1,1,1,1,1,0,0,0,0,0,0,0,0,1,0,0,0,1,0,0
1951,0.093959915453932,0,0,0,1,1,1,0,1,1,0,0,1,0,1,0,1,1,0,1,1,1,1,0,0,1,0,1,0,0,0,0,0,1,1,1,0,0,1,0,1
1952,-0.00784858109598919,1,1,0,1,0,1,1,0,1,1,1,0,1,1,0,1,1,1,1,1,1,1,1,1,0,0,0,1,0,1,0,0,0,1,1,1,1,1,0,0
1953,-0.349367333972626,0,1,0,0,1,1,1,0,1,1,1,1,0,0,1,1,1,0,0,0,1,1,1,1,1,0,0,1,0,1,0,0,1,0,1,0,0,1,0,0
1954,1.12949694171504,1,1,0,0,1,1,1,0,1,1,0,1,0,0,0,1,1,0,1,0,1,1,1,1,1,0,1,1,1,1,0,1,0,1,1,1,1,1,0,1
1955,-2.16200707319045,1,1,0,0,1,0,1,0,0,1,0,1,0,0,0,0,0,1,0,1,0,1,1,0,0,1,0,0,0,0,0,0,1,0,1,0,0,1,0,0
1956,-0.70743077425245,0,1,1,0,1,1,1,0,1,0,1,1,0,0,1,0,1,0,0,0,1,1,0,0,0,0,0,0,0,1,0,0,0,0,1,0,1,1,1,0
1957,0.218978402277341,0,1,1,0,1,1,0,1,1,0,1,1,0,1,0,1,1,0,1,0,1,1,1,1,1,0,0,0,0,0,0,0,0,1,0,0,1,1,0,0
1958,-0.102719001677096,1,1,0,1,0,1,1,1,1,0,0,1,0,0,0,1,1,0,1,0,0,1,0,1,0,0,0,0,0,1,0,0,1,1,1,1,0,0,1,0
1959,0.743854486284272,0,1,0,0,1,1,0,1,1,1,1,0,1,0,0,1,1,0,1,1,1,1,0,0,1,1,0,0,1,1,0,0,1,0,1,1,1,1,1,1
1960,1.575429090501,0,1,0,1,1,1,1,1,1,1,1,1,0,1,0,1,1,1,1,0,1,1,1,1,1,0,1,1,1,0,0,1,0,1,1,1,1,1,0,1
1961,1.81960699696876,0,1,0,1,0,1,1,0,1,1,1,1,0,0,1,1,1,1,1,0,1,1,0,0,1,0,1,1,1,1,1,1,0,1,1,1,1,0,0,0
1962,-0.684267357735991,0,1,0,0,0,1,0,0,1,1,1,1,0,0,1,1,1,0,0,0,1,1,0,0,1,0,0,0,1,0,0,0,0,0,1,0,1,0,0,0
1963,1.23083972396851,0,1,1,0,1,1,1,1,1,1,1,1,1,0,1,1,1,1,1,1,1,1,1,1,1,0,0,1,1,1,1,1,0,1,0,0,1,0,0,1
1964,-0.110004212739645,0,1,1,1,1,1,1,0,1,0,1,1,1,1,1,1,1,0,1,0,1,1,0,1,1,1,1,1,0,0,0,0,1,1,1,1,1,1,0,0
1965,0.0786937354587864,0,1,0,1,1,1,0,1,1,0,0,1,0,1,0,1,1,0,1,0,0,1,1,1,1,1,0,0,1,0,0,0,0,0,0,1,0,0,0,1
1966,1.30409443799238,1,1,0,0,1,1,1,1,1,1,1,0,0,0,0,1,1,0,1,0,1,1,1,1,0,1,1,1,1,1,0,1,1,0,0,0,1,1,0,0
1967,-1.80842510854666,0,1,0,0,0,0,1,0,1,1,0,0,0,0,1,0,0,0,0,1,1,0,1,1,1,0,0,0,0,1,0,0,0,0,0,0,0,0,0,0
1968,-1.33583434927198,0,0,0,1,1,1,0,0,1,0,1,1,0,0,1,1,0,0,0,0,0,1,1,0,0,0,0,1,0,1,0,0,1,0,0,0,0,1,0,0
1969,-0.0773379630659838,0,0,0,1,0,1,1,0,1,1,1,1,1,1,1,1,1,1,1,0,1,1,0,1,1,1,1,1,1,1,0,0,1,0,0,0,1,1,0,0
1970,-0.58535176648468,0,0,1,1,1,1,1,1,0,1,1,1,0,0,1,0,0,0,1,0,1,1,0,1,1,0,0,1,0,0,0,0,1,0,0,1,1,1,0,0
1971,0.131211940423008,1,1,0,0,1,1,1,1,0,1,0,1,0,0,0,1,1,0,1,1,1,1,1,1,1,0,0,0,1,1,1,0,1,1,1,0,1,0,0,0
1972,-1.53292327330825,0,0,0,1,0,1,0,0,0,0,0,1,0,0,1,0,0,0,0,1,0,1,1,0,1,0,0,1,0,1,0,0,0,1,0,0,0,1,0,0
1973,1.01077528569875,0,0,1,0,1,1,0,0,1,1,0,0,0,1,1,1,1,0,1,1,1,1,0,1,1,0,0,1,1,1,0,1,1,1,1,0,0,0,0,0
1974,-1.26903868610493,0,0,0,1,1,1,1,0,0,0,1,0,0,0,0,1,0,0,0,0,0,1,0,1,1,1,1,1,1,0,0,0,0,0,0,0,0,0,0,0
1975,0.0288773211469924,1,1,0,0,0,1,1,0,1,1,0,1,1,0,0,1,1,0,1,0,1,1,0,0,1,1,0,0,1,0,0,0,0,0,1,0,1,1,0,0
1976,0.489529996533767,1,1,1,1,0,1,1,1,1,1,0,1,0,0,1,1,1,0,1,0,1,1,1,0,1,0,1,0,1,0,1,0,0,0,0,1,1,0,1,0
1977,0.0424385897434849,1,1,0,0,1,1,0,0,1,0,1,1,0,0,0,0,1,0,1,0,1,1,0,1,1,0,0,0,0,1,1,0,1,0,1,1,1,1,1,0
1978,-0.550622445429343,0,1,1,0,0,1,1,1,1,0,0,0,0,1,1,1,0,1,0,0,1,1,0,0,1,0,1,0,0,0,0,0,1,1,1,0,1,1,1,0
1979,0.694597218321608,1,0,0,1,1,1,0,0,1,1,1,1,0,0,1,1,1,1,1,1,1,1,1,0,0,1,1,1,0,1,0,0,1,1,0,1,0,1,0,1
1980,1.83098886900927,0,1,1,1,1,1,1,1,1,1,1,1,1,0,0,1,1,1,1,0,1,1,1,1,1,1,0,0,0,1,1,1,1,1,1,0,1,1,1,0
1981,-0.248163974713998,0,0,0,0,1,1,0,1,1,0,1,0,0,0,1,1,1,1,1,1,1,1,0,0,1,0,1,0,0,0,0,0,0,0,1,0,0,1,0,0
1982,0.00102025267465679,0,1,0,0,1,1,1,0,0,1,0,1,1,1,0,1,1,1,0,1,1,1,0,0,1,0,1,1,0,0,0,0,0,1,0,0,0,0,1,0
1983,0.903388759184271,1,1,0,0,0,1,0,1,1,1,1,1,1,0,0,1,1,0,1,0,1,1,1,0,1,0,1,1,1,1,0,1,0,1,1,0,1,1,1,0
1984,0.18927947073782,0,0,0,0,1,1,1,0,1,1,1,1,1,0,1,1,1,0,1,0,1,1,0,1,0,0,1,0,1,0,1,0,1,1,0,0,0,1,0,1
1985,-0.1980573292142,0,0,0,0,0,1,0,0,1,0,0,0,1,0,1,1,0,0,1,1,0,1,0,1,0,0,1,0,0,0,0,0,1,1,1,1,1,1,0,0
1986,-2.2682202122453,1,1,0,1,0,0,0,0,0,0,0,1,0,0,1,1,0,0,0,0,1,1,1,0,1,1,0,0,0,0,0,0,0,0,0,0,1,1,0,0
1987,0.401788864575198,0,1,0,0,1,1,1,0,1,1,0,0,0,1,1,1,1,1,1,1,1,1,0,1,1,0,0,1,1,1,0,0,0,0,0,0,1,1,1,0
1988,-2.15305370850191,0,1,0,0,0,1,1,0,0,1,1,0,0,0,0,0,0,1,0,0,1,1,0,0,1,0,0,0,1,1,0,0,0,0,0,0,1,0,1,1
1989,0.315870992969541,1,0,1,0,1,1,1,0,1,1,0,1,0,0,1,1,1,0,1,1,1,1,1,0,0,0,1,1,1,0,0,0,0,0,1,1,0,1,0,0
1990,1.14372852991751,0,1,0,1,1,1,1,1,1,1,1,0,0,1,1,1,1,1,1,1,1,1,0,1,1,0,1,1,0,1,1,1,0,0,1,1,1,1,1,0
1991,-0.331888293330202,1,1,0,1,1,1,1,0,1,1,0,0,1,0,0,1,0,0,1,0,0,0,1,1,1,0,0,0,1,0,1,0,1,0,0,1,0,0,0,1
1992,-1.52421974478635,0,0,0,0,1,0,1,0,1,1,1,1,1,0,0,0,0,0,0,0,1,0,1,1,1,0,1,1,1,0,0,0,0,0,1,0,0,0,0,0
1993,0.993202118875622,1,1,0,1,1,1,1,1,1,1,1,1,0,0,1,1,1,0,1,0,1,1,1,1,1,0,1,0,1,1,0,1,0,1,0,1,0,1,0,0
1994,-0.681115044994638,1,0,1,0,0,1,1,0,1,1,1,1,1,0,0,1,0,0,1,0,1,0,0,0,0,0,0,1,1,0,0,0,1,1,1,1,0,1,0,0
1995,0.644161415734878,1,1,1,1,1,1,1,1,1,1,1,1,0,0,1,1,1,0,1,1,1,1,0,0,1,0,1,1,0,1,0,1,1,1,1,0,1,1,1,0
1996,1.26221356736096,0,1,1,1,1,1,1,1,1,1,0,1,0,1,1,1,1,1,1,0,1,1,0,0,0,1,0,1,1,0,1,1,0,0,0,1,1,0,0,1
1997,1.22394703087189,1,0,1,0,0,1,1,0,1,1,1,1,0,1,1,1,1,0,1,0,1,1,1,1,1,0,1,1,1,0,0,1,0,0,0,0,1,1,0,1
1998,0.170351580621053,1,1,0,1,1,1,1,1,1,1,1,0,1,0,0,1,1,0,1,0,0,1,0,0,1,1,1,0,0,1,0,0,0,0,0,0,1,0,0,1
1999,0.906246261093895,0,1,0,1,0,1,1,1,1,1,1,0,0,0,1,1,1,1,1,1,1,1,1,1,1,0,1,1,1,1,1,1,1,0,0,0,1,1,0,1
2000,-0.326481641742867,1,0,1,1,1,1,0,0,1,0,0,1,0,0,1,0,1,0,1,0,1,1,1,1,0,0,1,0,1,0,0,0,1,0,1,0,0,1,0,0
2001,0.786753012093937,0,1,0,1,1,1,1,1,1,1,1,1,1,0,1,1,1,0,1,0,1,1,0,1,1,0,1,0,0,0,0,0,0,0,0,1,1,0,0,0
2002,-0.170427465604554,0,0,0,1,0,1,1,0,1,0,0,0,0,0,0,1,1,0,1,1,1,1,1,0,0,0,1,0,1,1,0,0,0,0,0,1,0,0,1,1
2003,-0.106902369079623,1,0,1,0,1,1,1,0,1,0,1,0,0,0,1,1,1,1,1,1,1,1,1,1,1,0,1,1,0,0,0,0,0,0,1,0,1,0,0,1
2004,0.480503861154349,0,1,0,0,0,1,1,0,1,1,1,1,0,0,0,1,1,0,1,1,0,1,1,0,1,0,0,0,1,0,1,0,1,1,0,1,0,1,0,0
2005,-0.100248808527185,1,0,0,0,1,1,1,1,1,0,1,1,0,1,0,1,1,1,1,0,0,1,1,0,1,1,0,0,0,0,0,0,0,0,1,0,1,0,1,1
2006,-0.818501950650909,0,1,0,0,0,1,1,0,1,0,1,1,0,1,1,1,0,1,0,0,1,1,1,0,0,0,1,0,1,0,0,0,0,0,0,0,1,1,1,0
2007,0.186355648124101,0,0,0,0,1,1,1,1,1,1,0,1,1,0,0,1,1,1,1,0,1,1,1,1,1,1,0,1,0,0,0,0,0,0,1,0,0,1,0,0
2008,1.32981203146298,0,0,1,1,1,1,1,1,1,1,1,1,1,0,1,1,1,1,1,0,1,1,1,1,1,0,1,1,0,1,0,0,0,1,1,1,1,1,0,0
2009,0.597666828793918,0,1,1,1,1,1,1,0,1,1,1,0,0,0,1,1,1,0,1,0,1,1,1,1,1,0,0,0,0,0,0,0,0,1,0,0,0,1,0,0
2010,-1.03223134795799,0,0,0,1,1,1,0,0,0,0,1,1,0,1,1,0,0,0,1,0,1,1,0,0,1,0,1,0,1,1,0,0,0,0,0,0,0,0,1,0
2011,0.607640107102008,1,1,1,1,1,1,0,1,1,1,0,1,0,0,1,1,1,0,1,1,1,1,1,1,1,0,0,0,1,1,0,0,0,1,1,1,1,0,0,0
2012,-0.826033015012693,1,0,0,1,1,1,1,0,1,0,0,0,1,0,1,0,0,1,0,0,1,1,0,0,1,1,0,0,0,0,1,0,1,1,0,0,0,1,0,0
2013,-0.805576278963819,1,1,0,0,1,1,1,1,0,1,1,0,0,0,1,1,1,1,1,0,1,1,0,1,0,0,0,0,0,1,0,0,1,0,0,0,0,1,0,0
2014,0.0943555728296031,0,1,1,1,0,1,1,1,1,1,1,0,1,0,1,1,1,0,1,0,0,1,1,0,0,1,1,1,0,0,0,0,0,0,1,0,0,1,0,0
2015,1.17549984685229,1,1,0,0,1,1,1,1,1,0,1,1,1,0,0,1,1,0,1,0,1,1,1,1,1,0,1,0,1,0,1,1,1,1,1,0,0,1,1,0
2016,-0.885836982033402,0,1,0,0,1,1,0,1,1,0,1,0,0,0,0,1,1,1,0,0,1,1,1,0,0,1,1,0,0,0,0,0,0,0,0,0,1,1,0,0
2017,-0.638254108505255,0,1,0,1,0,1,0,0,0,0,1,0,0,0,0,1,1,1,0,0,1,1,0,0,1,0,0,1,0,0,1,0,0,0,0,0,1,0,1,0
2018,0.498056108457413,1,1,1,1,1,1,1,1,1,1,0,0,1,0,1,1,1,0,1,0,1,1,1,1,1,0,0,1,1,1,0,0,0,1,1,0,1,0,1,0
2019,-0.545553441468484,0,1,1,1,1,1,1,0,1,1,0,1,0,1,0,1,0,0,0,1,1,1,1,0,0,0,1,1,0,0,0,0,0,0,1,1,0,0,0,1
2020,-0.250312254605984,0,1,0,0,0,1,1,0,1,0,1,0,0,0,0,1,0,0,1,1,0,1,1,1,0,0,1,0,0,0,0,0,0,1,0,0,0,1,0,1
2021,0.938243184312618,1,1,0,1,0,1,1,0,1,1,1,0,1,0,1,1,1,0,1,1,1,1,1,1,1,1,1,1,1,0,0,0,0,1,1,0,1,0,1,1
2022,0.766133844059405,0,1,0,1,0,1,1,1,1,1,1,1,1,1,0,1,1,0,1,1,0,1,1,1,1,0,0,1,1,1,0,1,0,0,1,1,1,1,1,0
2023,-0.363135113711487,0,0,0,1,1,1,0,1,1,1,1,1,1,0,1,1,0,1,1,1,0,1,1,1,1,0,1,0,0,0,0,0,1,1,1,0,1,0,0,0
2024,1.10162274329411,0,1,0,1,1,1,1,0,1,1,1,1,1,1,1,1,1,1,1,0,1,1,0,1,0,0,1,1,1,1,0,1,1,0,0,0,1,1,1,0
2025,0.243102436012821,0,1,0,0,1,1,1,1,1,1,1,1,1,0,1,1,1,0,1,1,1,1,0,0,1,1,0,1,1,0,0,0,1,1,0,1,0,1,1,0
2026,-1.16139014112099,0,1,0,1,1,1,1,1,0,1,0,0,0,0,1,0,0,0,1,0,1,0,1,1,0,0,0,1,0,0,0,0,0,0,0,0,1,0,0,0
2027,0.963696373046697,0,1,1,1,1,1,0,1,1,0,0,1,0,0,0,1,1,1,1,0,1,1,1,1,1,1,1,0,1,1,0,0,0,1,0,0,0,0,1,1
2028,0.90295744866095,1,0,0,0,1,1,1,0,1,1,1,1,0,0,1,1,1,0,1,0,1,1,0,1,1,0,1,0,1,0,0,1,0,0,1,0,1,1,0,0
2029,0.681885275860905,1,0,0,0,0,1,1,0,1,0,1,0,0,0,1,1,1,0,1,0,1,1,0,1,0,1,1,1,0,0,0,0,1,0,1,0,1,1,0,0
2030,0.233654795494316,0,1,0,1,1,1,0,0,1,0,0,1,0,1,1,1,1,1,1,1,0,1,0,1,1,0,0,1,0,1,0,0,0,0,0,0,0,1,0,0
2031,-0.860819282870278,0,1,0,1,1,1,1,0,1,1,0,1,0,1,0,1,0,0,1,1,1,1,1,1,1,0,0,1,1,1,0,0,0,1,0,0,0,1,0,1
2032,-1.53495330257097,0,1,1,0,0,0,1,0,0,0,0,0,0,0,0,0,0,0,0,1,1,0,1,0,0,0,1,1,1,0,1,0,0,0,0,0,0,0,0,1
2033,1.31181611957762,1,1,1,1,1,1,1,0,1,1,1,0,0,1,0,1,1,1,1,0,1,1,1,1,1,0,1,1,1,0,0,1,0,1,0,0,1,1,1,1
2034,0.482167920787716,0,0,0,1,1,1,0,1,1,0,0,1,0,0,1,1,0,1,1,1,1,1,1,1,1,0,1,1,1,1,1,0,0,0,0,1,1,0,0,1
2035,0.118429628739762,0,1,1,0,0,1,0,0,1,0,0,1,1,0,1,1,1,1,1,0,1,1,1,1,1,1,1,1,0,1,0,0,1,0,1,1,1,1,0,1
2036,0.462574082356685,1,1,0,1,1,1,1,0,1,1,1,0,1,1,0,1,1,1,1,0,1,1,0,0,1,0,1,1,1,0,0,0,0,0,1,0,0,1,0,1
2037,1.33007630401527,1,1,0,0,0,1,1,0,1,1,0,1,0,0,1,1,1,1,1,0,0,1,0,1,1,1,1,0,1,1,0,1,1,1,1,0,1,1,1,0
2038,0.756190296276933,0,0,0,1,1,1,1,1,1,1,0,1,0,0,1,1,1,1,0,1,1,1,1,1,1,0,1,1,0,1,1,1,0,1,1,0,1,1,0,0
2039,0.65571148868699,0,1,1,1,1,1,0,1,1,0,1,0,0,0,0,1,1,1,1,0,1,1,1,1,1,1,1,1,0,1,0,1,0,0,0,1,0,1,1,0
2040,-1.92504792241065,0,0,0,0,0,0,1,0,0,1,1,0,0,0,1,0,0,1,0,0,1,0,0,1,0,0,0,0,0,1,0,0,0,0,0,0,0,1,0,0
2041,2.00242419814439,0,1,1,0,1,1,1,1,1,1,1,0,1,0,1,1,1,1,1,1,1,1,0,1,1,0,1,0,0,0,0,1,0,0,1,1,0,1,1,0
2042,1.01988175548559,1,1,0,1,1,1,1,0,1,0,0,1,1,0,0,1,1,0,1,1,1,1,0,1,1,0,1,0,0,1,0,1,0,0,1,0,0,1,0,0
2043,0.305684645094985,1,0,0,0,0,1,0,1,1,1,0,1,1,1,1,1,1,0,1,0,0,1,1,1,1,1,1,1,1,0,0,0,1,1,0,1,1,1,0,1
2044,-1.01084128870869,0,0,0,0,0,1,1,0,1,0,0,1,0,1,1,0,0,0,1,0,1,1,1,0,1,0,0,0,1,0,0,0,0,1,1,0,0,1,0,0
2045,-0.33765086141221,1,0,0,1,1,1,0,1,1,1,0,0,0,0,0,0,1,0,1,0,1,1,1,1,0,1,0,0,0,1,0,0,0,1,0,0,1,0,0,1
2046,-0.777280635686551,0,1,1,0,1,1,1,1,0,1,1,1,1,0,1,0,0,1,1,0,0,1,1,1,0,0,0,1,1,1,0,0,0,1,0,0,0,1,1,0
2047,-0.680705106647932,0,0,0,0,0,1,0,1,1,1,0,0,0,0,0,1,0,0,0,1,1,1,1,1,1,0,1,0,1,1,0,0,1,1,1,0,0,0,0,0
2048,0.678653349480631,1,1,0,0,0,1,1,1,1,1,0,1,1,1,1,1,1,1,1,1,1,1,1,1,1,0,0,0,1,1,1,0,0,1,0,0,0,1,0,0
2049,-1.67376588725135,0,1,1,0,1,1,1,0,0,1,1,0,0,0,1,0,0,0,1,0,0,0,1,0,0,0,0,1,0,0,0,0,0,0,0,0,1,1,0,0
2050,-0.619409408227238,1,0,0,1,1,1,0,1,1,1,1,1,0,0,1,1,0,0,1,1,0,1,1,0,1,0,0,0,1,0,0,0,0,0,1,0,0,1,0,0
2051,0.495563073359913,1,1,0,1,0,1,0,0,1,1,1,0,0,0,1,1,1,0,1,0,1,1,1,1,0,0,1,1,0,1,0,0,0,0,1,0,0,0,0,1
2052,-1.49375231748446,0,1,0,0,0,0,0,1,1,1,1,0,0,0,0,0,0,1,0,0,0,0,1,1,0,0,1,0,0,0,0,0,1,0,0,1,0,0,0,0
2053,-0.585357081820645,1,0,0,1,0,1,0,0,1,0,1,0,1,0,0,0,0,0,0,0,0,1,0,1,0,0,1,1,0,1,0,0,0,1,1,0,0,1,0,0
2054,-1.38337791392469,1,0,0,0,0,1,0,0,1,0,1,1,0,0,1,1,0,0,0,0,1,0,1,0,1,0,0,0,0,0,0,0,0,0,0,0,1,1,0,1
2055,0.198138303014951,0,0,0,0,1,1,1,1,1,1,0,1,0,1,1,1,1,0,1,0,1,1,1,1,1,0,1,0,0,0,0,0,0,0,1,0,1,0,0,1
2056,0.603934837515984,1,0,0,0,0,1,1,0,0,1,0,1,0,0,1,1,1,1,1,0,1,1,1,0,1,1,0,0,1,1,1,0,0,0,0,1,0,1,1,0
2057,0.0574097066628687,0,1,0,1,1,1,1,1,1,1,1,1,0,0,1,1,1,0,1,0,0,1,1,1,0,0,1,1,0,0,0,0,0,0,1,0,1,1,0,1
2058,-0.329097711291941,1,1,0,0,1,1,0,0,1,0,1,1,0,0,1,1,1,0,1,0,1,0,0,0,0,1,0,1,1,1,0,0,1,0,0,0,1,0,0,1
2059,-1.50045385858151,0,1,0,0,1,1,1,0,0,1,1,1,0,1,0,1,0,0,0,0,0,1,1,0,0,0,0,1,0,1,0,0,1,0,0,0,0,1,1,0
2060,-0.793317356572159,1,0,0,0,1,1,1,0,0,1,0,0,0,0,0,1,0,1,0,0,0,1,0,1,1,0,1,1,0,0,0,0,0,0,0,0,1,0,0,0
2061,-0.184199556191598,0,0,0,0,0,1,1,1,1,0,0,0,0,0,1,1,0,1,1,1,1,1,0,1,1,0,0,1,0,0,0,0,0,0,1,1,0,1,1,0
2062,-0.321812245614973,0,1,0,0,1,1,1,1,1,1,1,1,0,0,1,1,1,1,1,0,1,1,1,1,0,0,1,0,1,1,0,0,0,0,1,0,1,0,0,0
2063,-1.2769013595367,0,1,0,0,1,1,0,0,0,1,1,1,0,0,0,0,0,0,0,0,0,1,0,0,1,1,0,0,0,1,0,0,0,1,0,0,1,0,0,0
2064,0.853179715679478,1,1,1,1,0,1,1,0,1,1,1,0,0,1,0,1,1,0,1,0,1,1,0,1,0,0,1,1,1,1,0,0,0,0,0,1,0,1,0,0
2065,-0.29056581327433,0,1,1,0,1,1,1,1,1,1,0,1,1,0,0,0,1,1,1,1,1,1,1,1,1,0,0,0,0,1,0,0,0,0,0,0,0,1,1,1
2066,-1.02647428005861,0,1,0,0,1,1,1,0,1,1,0,1,0,0,1,1,0,0,1,0,1,1,1,1,1,0,1,0,1,1,0,0,0,0,0,1,0,1,0,1
2067,-0.352205286355962,1,0,0,0,0,1,1,1,1,1,1,0,0,0,0,0,1,1,0,0,1,1,1,0,1,0,1,1,0,1,0,0,0,1,1,0,1,1,0,0
2068,-0.436431649687034,0,1,0,1,1,1,0,0,1,1,1,1,0,0,0,1,1,1,1,0,1,1,0,0,1,0,0,0,1,1,0,0,0,1,0,0,1,1,1,0
2069,-0.291469296373341,1,1,0,0,1,1,1,0,1,1,1,0,0,0,0,1,0,0,1,0,1,1,0,1,1,0,0,1,0,1,0,0,1,1,1,0,1,1,1,1
2070,0.988281785720314,0,0,1,1,1,1,0,1,1,0,1,1,0,0,1,1,1,1,1,0,1,1,1,0,1,0,0,0,1,1,1,1,0,1,0,0,1,1,1,0
2071,-0.717330158565048,0,1,0,0,0,1,1,1,1,1,1,1,0,0,0,1,0,0,0,0,1,1,1,0,1,0,0,1,0,0,0,0,0,0,0,0,1,0,1,1
2072,-0.597967841435319,0,1,0,0,1,1,1,1,1,1,0,1,1,0,0,1,0,0,0,0,1,1,1,0,0,1,1,1,0,0,0,0,0,1,0,1,0,0,1,0
2073,1.23048719562364,1,0,1,1,1,1,1,0,1,1,0,1,0,0,1,1,1,1,1,0,1,1,1,1,0,1,1,0,1,0,0,0,1,0,0,1,1,0,1,0
2074,0.570073951334632,1,1,0,0,1,1,1,1,1,1,1,1,1,1,0,1,1,1,1,0,1,1,1,1,1,1,1,1,0,0,0,1,1,0,1,1,0,0,1,0
2075,0.919760591633488,1,0,0,1,1,1,0,0,1,1,0,0,0,1,1,1,1,0,1,0,1,1,1,0,1,0,0,0,1,1,0,0,1,1,1,0,1,0,1,0
2076,-2.62665016161271,0,0,0,0,1,0,1,0,0,1,0,0,0,0,0,0,0,0,0,1,0,0,0,0,0,1,0,0,0,0,0,0,1,0,1,0,0,0,0,0
2077,0.578572034285665,1,0,0,0,1,1,1,1,1,1,1,1,0,0,1,1,0,1,1,1,1,1,1,1,1,0,1,0,1,1,1,0,1,1,1,0,0,1,1,0
2078,0.13062814571546,1,1,0,1,0,1,1,0,1,1,1,0,1,1,0,0,1,0,1,0,1,1,1,0,1,0,1,0,1,1,0,0,0,1,1,1,0,1,0,0
2079,-0.537132785551144,1,0,1,1,1,1,1,0,1,0,0,0,0,1,1,1,0,0,1,1,1,1,1,1,1,0,0,0,0,0,0,0,1,0,0,0,0,0,0,0
2080,1.04650435374252,0,1,1,1,0,1,1,0,1,1,1,1,1,0,1,1,1,0,1,1,1,1,0,1,1,0,1,0,0,1,1,1,1,0,1,1,0,0,1,0
2081,-0.541970518870066,1,1,0,0,1,1,1,0,1,1,1,1,1,1,1,1,1,0,0,0,1,1,1,1,1,0,0,1,0,1,1,0,0,0,0,0,0,1,0,1
2082,-0.610748223730342,0,0,0,0,1,0,0,0,1,0,1,1,0,0,0,0,1,1,1,1,1,1,0,1,1,0,0,0,0,0,0,0,1,0,1,0,0,1,0,0
2083,0.302423486515118,1,0,0,0,1,1,1,0,1,1,0,1,1,1,1,1,1,1,1,0,1,1,0,0,1,0,1,0,1,0,0,0,0,1,0,0,0,0,0,0
2084,-0.245276125875124,0,1,1,1,1,1,1,1,1,1,1,1,0,1,1,0,0,1,1,0,1,1,0,0,1,0,0,0,0,0,0,0,1,1,0,1,1,1,0,0
2085,-0.285401105184936,0,1,0,0,1,1,1,0,1,1,1,1,0,0,0,1,1,1,1,0,1,1,0,0,1,1,1,0,1,1,0,0,0,0,1,1,0,0,0,0
2086,-1.37649523102862,0,1,0,1,1,0,1,0,1,1,0,1,0,0,1,0,0,0,0,1,0,0,0,1,0,0,1,0,0,1,0,0,0,0,0,0,0,1,0,0
2087,0.648226336098249,1,1,0,1,0,1,1,1,1,1,1,1,1,0,1,1,1,0,1,1,1,1,0,1,1,0,1,0,0,1,0,0,1,1,1,0,1,1,0,1
2088,1.70732961107998,1,1,0,1,1,1,1,1,1,1,1,1,1,1,1,1,1,1,1,1,1,1,0,0,1,1,0,0,0,1,0,1,1,1,1,1,0,1,1,0
2089,-0.229448155878633,0,1,0,0,1,1,0,0,1,1,1,1,0,0,1,1,0,1,1,0,1,1,0,1,1,0,0,0,0,1,0,0,1,0,1,1,1,1,0,0
2090,0.425574648665261,1,1,0,1,0,1,1,0,1,1,1,0,0,0,1,1,1,1,1,0,0,1,1,1,1,0,0,0,0,1,0,0,1,0,1,0,1,1,1,0
2091,1.5680306447418,1,1,0,1,1,1,1,0,1,1,0,1,0,0,1,1,1,0,1,0,0,1,1,1,1,0,1,0,1,1,1,1,1,1,1,0,0,1,0,0
2092,0.597672190296898,1,1,1,0,1,1,1,1,1,1,1,1,0,0,0,1,1,1,1,0,1,1,1,1,1,0,1,1,0,0,0,1,1,0,0,0,1,1,1,1
2093,0.162956474416099,1,1,0,0,1,1,0,0,1,1,1,1,0,0,0,1,1,1,1,0,1,1,1,0,1,0,0,1,0,0,0,0,1,1,1,0,1,1,1,1
2094,-1.4794513964824,0,0,0,0,0,0,0,0,0,1,0,0,0,1,0,0,0,0,0,1,1,1,0,1,0,1,1,0,0,0,0,0,0,0,0,1,1,0,0,0
2095,-0.175525001160445,1,1,0,1,1,1,0,1,1,0,0,1,1,0,1,1,1,1,1,0,1,1,1,1,1,0,1,1,1,0,0,0,0,1,1,1,1,0,1,1
2096,1.03167993302223,1,1,0,1,1,1,1,0,1,1,0,0,1,0,1,1,1,1,1,0,1,1,1,0,0,0,1,1,1,0,1,1,0,1,1,0,0,1,1,1
2097,-0.0772185962718348,0,1,0,0,1,1,1,1,1,1,1,0,0,0,0,1,0,0,1,1,1,1,0,0,1,0,1,0,1,1,1,0,1,1,1,1,1,1,0,0
2098,-0.591545385401393,1,1,1,1,0,1,1,1,1,1,0,0,1,1,1,1,0,0,0,0,1,1,1,1,1,0,0,0,1,0,0,0,0,1,1,0,0,0,0,1
2099,0.204892024386769,1,0,1,0,0,1,1,1,1,1,0,1,1,0,0,1,0,0,1,0,1,1,1,0,1,0,1,0,0,1,1,0,0,0,1,0,1,1,0,1
2100,0.993137392990089,1,1,1,1,0,1,0,1,1,0,0,1,0,0,1,1,1,0,1,0,1,1,0,0,0,1,0,1,0,1,1,1,0,0,1,0,0,1,1,1
2101,0.157278733181006,1,1,0,1,1,1,1,1,1,1,1,0,1,0,0,1,1,0,1,1,1,1,1,0,1,1,1,1,1,1,0,0,0,0,0,0,1,1,0,0
2102,0.0942429435194129,1,1,0,1,0,1,1,0,1,0,1,0,0,0,1,1,1,1,1,0,1,1,0,1,1,0,1,1,0,1,1,0,1,0,1,0,0,0,1,0
2103,0.812263078961562,1,0,0,0,1,1,1,0,1,1,0,1,0,0,1,1,1,1,1,1,1,1,0,0,1,1,0,0,1,0,1,0,1,1,0,0,1,1,0,0
2104,-0.223480607906429,1,0,0,1,1,1,0,1,0,1,0,1,0,0,1,1,0,0,1,0,0,1,1,1,1,0,1,1,1,1,1,0,1,1,0,0,0,0,0,0
2105,0.25000995754681,1,1,1,0,1,1,0,1,1,1,1,1,0,0,1,1,1,0,1,1,1,1,0,1,1,0,0,0,1,0,0,0,0,0,1,1,1,0,0,0
2106,1.4593857240123,0,0,1,1,1,1,1,1,1,0,0,0,0,0,1,1,1,0,1,1,1,1,1,1,1,0,0,0,1,1,0,1,0,0,0,1,1,1,0,1
2107,-1.32440356049726,1,1,1,0,0,1,0,0,0,0,1,1,0,0,1,1,0,0,0,0,0,0,0,1,1,0,0,1,1,0,0,0,0,0,0,0,1,0,0,0
2108,-0.639051417409044,0,0,0,1,0,1,1,1,1,1,1,0,0,0,1,1,0,0,1,0,0,1,1,1,1,0,0,0,0,0,0,0,1,1,0,0,0,1,0,1
2109,1.67608224269803,1,1,1,1,1,1,1,0,1,1,0,1,1,1,0,1,1,0,1,1,0,1,1,1,1,0,1,1,1,1,1,1,1,0,1,1,1,1,0,0
2110,0.0675477588143562,1,1,0,1,1,1,1,0,1,0,0,0,0,0,0,1,1,1,1,0,1,1,0,0,1,0,0,1,0,0,0,0,1,1,1,0,0,0,0,0
2111,0.557948612940181,1,1,0,1,1,1,0,1,1,1,1,1,0,1,0,1,1,0,1,0,0,1,1,1,1,0,1,1,1,1,0,0,0,1,0,0,1,1,1,0
2112,1.67346433333067,1,1,0,0,1,1,0,1,1,1,0,1,1,1,1,1,1,0,1,1,1,1,0,1,0,1,1,1,1,1,0,1,1,1,1,1,1,1,1,0
2113,1.66410878932689,1,1,0,1,1,1,1,0,1,1,0,1,0,0,1,1,1,0,1,1,1,1,1,1,1,0,0,0,1,1,1,1,0,1,1,0,1,1,0,0
2114,-0.223733604143435,1,1,1,0,1,1,1,1,1,0,0,1,1,0,1,1,1,1,1,0,1,1,1,1,0,0,0,0,1,1,0,0,0,0,0,0,1,1,0,1
2115,2.09633034869987,1,1,1,1,1,1,0,0,1,0,1,1,1,0,1,1,1,1,1,1,1,1,1,1,1,0,0,0,1,0,1,1,1,0,1,1,1,1,0,1
2116,0.0781167003391532,0,1,0,0,1,1,1,1,1,1,0,1,1,0,1,1,1,0,1,1,1,0,1,0,1,0,1,0,0,1,0,0,0,1,1,0,0,0,0,1
2117,0.360616668146483,1,1,0,0,1,1,1,1,0,1,1,0,0,1,1,1,1,1,1,0,1,1,0,0,0,0,1,1,1,0,1,0,1,1,1,1,0,0,1,0
2118,-0.255908233291016,1,0,0,0,1,1,0,1,1,1,0,1,0,0,0,1,0,1,1,0,0,1,0,0,1,0,0,1,1,0,1,0,0,0,1,0,1,1,0,0
2119,0.11693333931014,0,1,1,1,1,1,1,1,1,0,0,0,1,0,0,1,1,0,1,0,1,1,1,1,0,0,1,1,0,0,0,1,0,0,0,0,0,1,1,0
2120,-0.410823049405836,0,0,1,0,1,1,1,0,1,1,1,0,0,0,0,0,0,1,1,0,1,1,1,1,0,1,0,0,1,0,0,0,1,1,0,0,1,0,1,0
2121,-0.626604694396241,0,1,0,0,0,1,1,1,1,1,0,1,0,0,0,1,1,0,0,1,1,1,1,1,1,1,0,1,0,0,0,0,0,0,0,0,0,0,0,0
2122,0.498018636963826,1,0,0,1,1,1,1,1,1,0,1,1,0,0,0,1,1,1,1,0,1,1,1,0,0,0,1,0,0,1,1,1,0,0,1,1,1,0,1,0
2123,0.813018960615735,1,1,1,1,1,1,1,0,1,1,1,0,0,0,1,1,1,1,1,1,1,1,1,1,1,1,0,1,0,1,0,0,0,0,0,0,1,1,0,0
2124,0.441913039538923,0,1,0,1,1,1,1,0,1,1,1,0,0,0,1,1,1,0,1,0,1,1,0,1,1,0,1,0,1,1,0,0,0,0,0,0,0,0,0,1
2125,1.95753720809072,1,1,0,1,1,1,1,0,1,1,1,1,0,0,1,1,1,0,1,1,1,1,1,1,1,0,0,0,0,1,0,1,1,0,0,1,0,1,0,1
2126,0.0730473111040078,1,1,0,1,1,1,1,1,1,1,1,0,1,0,0,1,1,1,1,1,0,1,1,1,1,0,1,0,1,1,0,0,1,0,0,1,1,0,0,0
2127,-0.639094020554013,1,1,1,1,0,1,0,0,1,1,0,1,0,0,1,1,0,0,0,0,0,1,0,1,1,1,0,0,0,0,0,0,1,0,0,0,0,1,0,0
2128,0.791205308326565,1,1,0,0,1,1,1,0,1,1,1,1,1,1,0,1,1,1,1,0,0,1,0,1,1,1,1,1,0,1,0,0,1,1,0,0,1,1,1,1
2129,-1.39036550690607,1,1,1,1,0,1,1,0,0,1,1,1,0,0,1,0,1,0,0,1,1,0,0,0,0,0,1,0,0,0,0,0,0,0,0,0,0,0,0,0
2130,-1.86226058849388,0,0,0,0,0,0,0,0,0,1,0,1,0,0,0,0,0,0,0,1,1,1,1,1,1,0,0,0,0,0,0,0,1,0,0,0,0,0,0,0
2131,-0.237619515782246,0,1,0,1,1,1,0,0,1,1,0,1,1,0,1,1,1,1,1,1,1,1,1,1,0,0,1,0,1,1,0,0,0,1,0,0,1,0,0,0
2132,-1.16140010580697,0,0,0,1,1,0,1,0,0,1,0,1,0,1,1,0,0,0,1,0,1,0,1,0,1,0,0,0,1,1,0,0,0,0,0,0,1,0,0,0
2133,0.677931248364773,1,1,0,0,1,1,0,0,1,1,1,1,1,0,1,1,1,0,1,0,1,1,1,1,1,0,1,0,0,0,0,0,1,0,1,0,1,0,0,1
2134,-1.5586636795746,0,1,1,1,0,0,0,1,0,0,0,0,1,0,1,0,0,1,0,0,0,0,1,0,0,1,0,0,0,0,0,0,0,0,0,1,0,1,0,0
2135,-0.20023747381877,1,1,0,0,1,1,0,1,1,0,0,1,0,0,1,1,0,0,1,1,1,1,0,1,1,0,1,1,0,0,0,0,0,1,1,0,1,0,1,0
2136,0.779777668776262,0,0,0,0,1,1,1,0,1,0,1,1,1,0,1,1,1,1,1,1,1,1,0,0,1,0,1,1,0,1,0,1,0,1,0,0,1,1,0,0
2137,-0.604420882417448,0,1,0,0,1,1,0,0,1,1,0,0,0,0,1,1,0,0,1,0,0,0,1,1,1,0,1,0,0,0,0,0,0,0,1,0,0,1,1,0
2138,0.797883275977448,1,1,1,0,1,1,1,0,1,1,0,1,0,1,1,1,1,0,1,1,0,1,1,1,1,0,0,0,1,1,0,0,0,0,1,1,0,1,1,1
2139,-0.321772201717831,0,0,0,1,1,1,0,0,1,1,0,1,0,1,1,1,0,0,1,1,1,1,1,1,1,0,0,0,0,0,0,0,0,0,0,1,1,0,1,0
2140,-0.226295276105086,0,1,0,0,1,1,1,1,1,0,0,1,0,0,1,1,1,1,1,0,1,1,0,1,1,0,0,0,0,0,0,0,0,0,0,1,0,1,0,0
2141,-2.45970156242894,0,1,0,0,1,0,0,0,0,0,0,0,1,0,0,0,0,0,0,0,0,0,0,0,0,0,0,0,0,1,0,0,1,0,0,0,0,0,0,0
2142,-0.228853948360266,1,1,0,1,1,1,1,0,1,1,1,1,0,0,0,1,0,0,1,1,1,1,0,0,1,0,0,0,0,0,0,0,0,1,1,0,0,0,0,0
2143,0.162292449807548,0,1,1,1,0,1,0,0,1,1,1,1,1,0,1,1,1,0,1,0,1,1,1,1,0,0,1,1,1,1,0,0,1,1,1,1,1,1,0,1
2144,0.156988305479104,0,1,0,1,1,1,1,0,1,1,0,0,0,0,0,1,1,1,1,0,0,1,0,1,0,1,0,1,0,1,0,0,1,1,0,1,0,0,1,0
2145,-0.131249458544717,0,1,1,1,0,1,1,1,1,1,0,1,0,0,0,1,1,1,0,0,1,1,0,0,0,0,1,1,0,1,1,0,1,0,0,1,1,0,0,0
2146,-0.0811026101669811,1,1,0,0,1,1,1,1,1,0,1,1,0,0,0,1,1,0,1,0,1,1,1,1,1,0,0,0,1,1,0,0,0,1,1,0,1,1,0,0
2147,-0.154735244457293,0,1,1,0,1,1,0,0,1,1,1,0,0,0,0,1,1,1,1,0,1,1,1,1,0,0,1,0,0,0,1,0,0,0,1,0,1,1,1,0
2148,-2.64501171810103,0,0,0,1,0,0,1,1,0,1,0,1,0,0,0,0,0,0,0,0,0,0,1,1,0,0,0,1,1,1,1,0,0,0,0,0,0,0,0,0
2149,-0.660797934401239,1,1,1,1,0,1,0,1,1,1,0,1,0,0,0,0,0,1,1,0,1,1,0,0,1,0,0,1,0,1,0,0,0,0,0,0,1,1,1,0
2150,1.07879107599928,0,0,1,0,1,1,1,1,1,1,1,0,0,0,1,1,1,1,1,0,1,1,1,1,1,1,0,0,1,1,0,1,1,1,0,0,1,1,0,0
2151,0.903382017489288,0,1,1,0,1,1,1,1,1,0,0,0,0,0,0,1,1,0,1,0,1,1,0,1,1,0,0,0,1,1,1,0,0,1,0,1,0,1,1,0
2152,0.337258084123709,1,0,0,1,0,1,1,1,1,1,0,0,1,1,1,1,1,0,1,0,1,1,0,1,1,0,0,1,0,1,0,0,0,0,0,0,1,1,0,0
2153,-0.430983021694659,0,0,0,0,0,1,0,0,1,0,0,0,1,0,1,1,0,0,0,1,0,1,0,1,1,1,1,1,0,0,0,0,0,1,1,1,0,1,1,0
2154,0.93779780130237,1,1,0,0,1,1,1,0,1,0,1,1,0,1,1,1,1,1,1,0,1,1,0,1,1,1,1,0,1,1,1,0,0,1,1,0,0,1,0,0
2155,-0.747859674070284,1,1,0,0,0,1,1,1,1,1,0,1,1,0,1,1,0,0,1,0,1,1,0,0,1,0,0,0,1,0,0,0,0,0,1,1,0,1,0,0
2156,-1.38895074413764,0,0,0,0,0,0,1,0,1,1,1,1,1,1,0,0,0,0,0,0,0,0,1,1,0,0,0,0,0,0,0,0,1,1,1,0,0,0,0,0
2157,0.537175416506587,0,1,1,1,1,1,0,0,1,0,1,1,0,0,1,1,1,0,1,1,1,1,0,1,1,1,0,1,1,1,1,0,0,0,0,0,1,1,0,0
2158,0.666925154622673,0,1,0,1,1,1,1,0,0,1,1,1,0,1,0,1,1,1,1,0,1,1,1,1,0,0,1,0,1,1,1,0,1,0,1,0,1,0,1,0
2159,-0.356683429216941,0,1,1,0,0,1,1,1,1,0,1,0,0,1,1,0,1,0,1,1,1,1,1,1,1,0,1,1,0,0,0,0,0,0,0,0,1,0,0,1
2160,-0.321816976767479,1,1,0,1,0,1,0,0,1,0,1,1,0,0,1,1,1,0,1,0,1,1,1,0,1,0,0,0,0,1,0,0,1,0,1,0,1,1,0,0
2161,0.731958139147943,1,1,0,1,1,1,1,1,1,1,1,1,0,0,1,1,1,0,1,0,1,1,1,0,1,1,1,1,1,1,0,1,0,0,1,0,1,0,1,1
2162,0.918885155947878,0,1,0,1,1,1,1,0,1,0,0,1,1,1,1,1,1,1,1,1,1,1,1,0,1,1,1,0,1,1,0,1,1,0,0,0,1,1,0,0
2163,0.912922807032448,0,1,0,0,1,1,1,1,1,1,1,0,0,0,1,1,1,0,1,1,1,1,1,1,1,0,1,0,0,0,0,1,0,0,0,1,1,0,1,0
2164,-0.0393796892690965,1,1,0,1,1,1,0,1,1,1,0,1,1,0,1,1,1,0,0,0,1,1,1,1,0,1,1,0,1,0,0,0,0,0,1,0,0,0,0,0
2165,-0.0213738246631889,1,0,0,1,0,1,0,0,1,0,1,1,0,1,0,1,1,1,1,1,1,1,1,1,1,1,1,1,0,1,0,0,0,0,1,0,0,1,0,0
2166,0.980956292149663,1,1,0,1,0,1,0,0,1,1,0,1,0,0,1,1,1,1,1,0,1,1,0,1,1,0,1,0,1,0,0,0,0,1,0,0,1,1,0,0
2167,0.426150877224337,1,1,0,0,1,1,0,0,1,0,1,1,0,1,1,1,1,0,1,1,1,1,1,1,1,0,1,0,0,1,0,0,1,1,1,0,1,0,0,0
2168,-1.05132553935987,1,0,0,0,0,1,1,0,1,0,0,1,0,0,0,0,1,0,0,1,1,1,1,1,1,0,1,0,1,0,0,0,1,0,0,0,1,1,0,0
2169,0.667290134478429,0,0,0,1,0,1,0,1,1,1,0,1,1,0,1,1,1,0,1,0,1,1,1,1,1,0,1,0,1,1,0,0,0,0,0,1,0,0,0,1
2170,0.717604092120861,0,0,0,1,1,1,1,0,1,1,1,1,0,0,0,1,1,1,0,1,0,1,1,1,1,0,1,0,1,0,0,0,1,1,1,0,0,1,0,0
2171,0.349592619351574,0,0,1,1,1,1,0,0,1,0,1,1,0,1,1,1,0,1,1,1,1,1,0,1,1,0,1,1,1,1,0,0,0,0,1,0,1,1,1,0
2172,0.819924367544915,1,1,1,0,1,1,0,0,1,0,1,1,1,0,1,1,1,1,0,0,1,1,1,1,1,0,1,1,1,1,0,0,0,1,1,1,1,0,0,0
2173,-0.674048625858095,1,0,0,1,0,1,0,0,1,0,1,0,0,0,1,1,0,1,0,0,1,1,1,1,1,0,1,1,1,0,0,0,0,0,0,0,1,1,0,0
2174,-0.128823429842265,1,1,0,1,1,1,0,0,1,1,1,1,0,0,1,0,0,1,1,1,1,1,1,1,1,1,1,0,1,1,0,0,1,0,0,0,1,1,0,1
2175,0.527207552924772,1,1,1,1,1,1,1,1,1,1,0,1,0,0,0,1,1,1,1,0,1,1,1,1,1,0,1,1,1,0,0,0,0,1,1,0,1,0,0,1
2176,-2.72298511175846,1,0,0,0,0,0,1,1,0,0,0,1,0,0,0,0,0,0,0,0,0,0,0,0,0,0,1,0,0,0,0,0,1,1,1,0,1,0,0,0
2177,-0.0514393334067941,0,1,1,0,1,1,0,1,1,1,0,1,1,0,0,1,0,0,1,0,1,1,0,1,1,0,1,0,1,1,0,0,1,1,1,0,1,1,0,1
2178,1.74091518602453,1,1,1,1,0,1,1,1,1,1,0,1,0,1,1,1,1,1,1,1,1,1,1,1,1,0,1,0,1,1,0,1,1,1,0,1,0,0,1,0
2179,0.864021071047666,0,1,1,1,1,1,1,1,1,0,1,1,1,0,0,1,1,0,1,1,1,1,1,1,1,0,1,1,1,1,0,0,0,1,1,0,0,0,0,1
2180,-1.47773967987532,0,1,0,0,1,1,1,0,0,1,0,1,1,0,1,1,0,1,0,0,0,0,1,0,0,0,1,0,1,0,0,0,1,0,0,0,1,0,0,0
2181,0.205473364050006,0,0,0,0,0,1,1,1,1,1,1,1,0,0,0,1,1,0,1,0,1,1,1,1,1,0,0,1,0,1,0,0,0,0,0,0,0,1,0,1
2182,-0.805221374183019,0,0,0,0,0,1,1,1,1,1,1,1,0,0,0,0,0,0,0,1,1,1,1,1,0,0,0,0,0,1,0,0,0,0,0,0,1,1,0,0
2183,-0.548096194538288,0,1,0,1,1,1,0,0,1,0,1,0,0,0,1,1,0,0,1,1,1,1,1,0,1,0,1,0,0,0,0,0,0,0,1,0,0,1,1,0
2184,-1.5317407634134,1,1,1,0,1,1,1,0,0,0,0,1,0,0,1,0,0,1,0,0,1,0,0,0,1,1,0,0,0,0,0,0,0,0,0,0,0,0,1,0
2185,-1.135263060896,0,0,0,0,1,1,0,1,1,1,0,1,0,0,1,0,0,0,0,1,0,1,0,0,1,1,1,1,0,1,1,0,1,0,0,0,0,0,0,0
2186,-0.744184243085364,0,0,0,0,1,1,1,0,0,1,0,1,1,0,1,0,1,0,1,0,0,1,0,1,0,1,0,1,0,0,0,0,0,1,0,0,0,0,1,0
2187,1.35035188818994,1,1,1,0,0,1,0,1,1,1,1,1,0,1,1,1,1,0,1,0,1,1,0,1,1,1,1,0,1,1,0,1,1,1,1,1,1,0,0,1
2188,0.626655778486884,0,0,1,0,0,1,1,1,1,1,0,1,0,0,1,1,1,0,1,0,1,1,0,0,1,0,1,1,0,1,0,0,0,0,1,1,1,1,0,1
2189,1.07264168523767,0,1,0,1,1,1,1,0,1,1,1,1,0,1,1,1,1,0,1,1,1,1,1,1,1,0,1,1,1,1,0,1,1,0,1,1,1,1,1,0
2190,0.200313453757746,0,0,0,0,0,1,1,0,1,1,1,1,1,1,0,1,1,0,1,1,1,1,1,1,1,0,0,0,0,1,0,0,1,1,0,0,0,0,1,0
2191,1.10161342891091,1,1,0,1,1,1,0,1,1,0,0,0,0,0,1,1,1,0,1,1,0,1,1,1,1,1,1,1,1,1,0,0,0,0,1,0,1,1,0,0
2192,-0.0494259030152301,0,0,0,0,0,1,1,1,1,1,1,1,1,1,1,0,1,0,1,0,0,1,1,1,1,0,1,0,1,1,0,0,0,1,0,1,1,1,0,0
2193,-0.240153399264695,1,1,0,0,1,1,1,0,1,1,1,0,1,0,1,1,1,0,1,0,1,1,1,1,1,0,1,0,0,0,1,0,0,0,0,0,1,1,0,0
2194,0.461655350911883,1,1,0,1,1,1,1,1,1,1,1,1,1,0,0,1,1,0,1,1,0,1,0,1,1,0,1,0,1,1,0,0,0,1,0,0,1,1,1,0
2195,-0.175520438258504,0,1,1,0,1,1,1,1,1,1,0,0,0,0,1,1,0,1,1,0,1,1,0,1,0,0,1,0,1,1,0,0,1,1,1,0,0,0,0,1
2196,-1.84556637803621,1,1,0,0,0,1,0,0,0,0,1,1,1,0,0,0,0,0,0,0,1,1,0,0,1,0,0,0,0,1,0,0,0,0,1,0,0,0,0,0
2197,-0.591152100498091,0,0,1,0,1,1,0,0,1,1,1,0,0,1,0,1,0,1,0,1,1,1,0,1,0,0,0,1,0,0,0,0,1,0,0,1,1,0,0,0
2198,-1.56679635069442,0,0,0,1,0,1,1,0,0,1,1,0,1,0,0,0,0,0,0,0,1,0,1,1,0,0,0,0,0,0,0,0,0,1,1,0,0,0,1,0
2199,1.20169032135411,0,1,1,1,1,1,1,1,1,1,1,1,1,0,1,1,1,0,1,0,1,1,1,1,1,1,1,1,1,1,1,1,0,0,0,1,1,1,0,1
2200,-0.0757314040670714,1,0,1,1,0,1,1,0,1,1,1,0,0,0,1,1,1,0,1,0,1,1,0,0,1,0,1,1,1,0,1,0,1,1,0,0,1,0,0,0
2201,-0.596939106751757,1,1,0,0,0,1,0,0,0,1,0,1,1,0,1,0,0,0,1,0,1,1,0,0,1,0,0,0,0,1,0,0,1,1,0,0,1,0,0,0
2202,0.951350411943941,1,1,0,0,0,1,1,1,1,1,1,1,0,1,0,1,1,0,1,0,1,1,1,1,1,1,0,0,1,1,0,1,1,1,0,0,1,0,1,0
2203,-0.728221767485138,0,0,0,1,1,1,1,0,0,1,0,0,0,0,0,1,0,0,0,0,0,1,0,0,0,0,0,1,1,0,0,0,1,0,0,0,0,1,1,0
2204,0.00573135336666189,0,1,1,0,0,1,1,0,1,0,0,1,0,0,1,1,1,1,1,0,1,1,0,1,0,1,0,1,1,1,0,0,0,1,1,0,1,0,0,0
2205,0.707899230618615,1,0,0,1,0,1,1,1,1,1,1,1,0,0,1,1,1,0,1,0,1,1,0,0,1,0,0,1,0,1,0,0,0,0,0,0,0,1,0,0
2206,0.580088071805341,1,0,0,1,1,1,1,0,1,1,0,1,0,1,1,1,1,0,1,0,0,1,1,1,1,1,0,0,0,1,0,0,0,0,0,1,0,1,1,0
2207,-1.01150529300292,0,0,0,1,1,1,0,0,1,1,1,0,0,0,1,1,1,1,0,1,1,1,0,0,1,0,0,1,0,0,0,0,0,0,0,0,0,1,0,1
2208,0.351943727903892,0,1,0,1,0,1,1,1,1,1,1,1,0,0,1,1,1,0,1,0,1,1,1,1,1,0,0,0,0,0,0,1,1,0,0,0,1,1,1,1
2209,2.00059551257879,0,0,1,0,1,1,1,1,1,0,1,0,1,1,0,1,1,1,1,0,1,1,0,1,1,1,0,1,1,1,0,1,0,0,1,0,1,1,1,0
2210,-0.741127780357039,1,1,0,1,1,1,1,0,1,1,0,0,0,0,1,1,1,0,1,1,1,1,0,1,1,0,0,0,0,1,0,0,1,0,0,0,0,0,0,0
2211,-0.611093934460009,0,0,0,0,0,1,0,0,0,1,1,0,0,0,0,1,0,1,0,0,1,1,0,1,1,0,1,1,0,0,0,0,0,0,0,1,0,0,0,1
2212,0.52091372396971,0,1,0,0,1,1,1,1,1,1,1,1,1,0,0,1,1,0,1,0,0,1,0,0,1,0,1,0,1,1,1,1,0,0,0,0,1,1,0,0
2213,-0.445312999208564,0,0,1,0,1,1,1,1,1,0,0,0,0,1,1,1,1,1,1,0,0,0,1,1,1,0,1,0,0,1,0,1,0,0,1,0,1,0,0,0
2214,-0.286297582457494,0,1,0,1,0,1,1,1,1,1,1,1,1,1,1,1,1,0,1,0,1,1,1,0,1,0,0,1,1,0,0,0,1,0,0,0,0,1,0,0
2215,0.783283301045012,0,0,0,0,1,1,1,0,1,1,1,1,1,1,1,1,1,0,1,0,1,1,0,1,1,0,0,1,1,0,0,1,1,1,1,1,1,0,1,1
2216,0.524786738434798,1,1,0,1,1,1,1,1,1,1,0,1,0,0,1,1,1,1,1,1,1,1,0,1,1,1,0,0,0,1,1,0,0,1,0,1,0,1,1,0
2217,-0.512581834980274,1,1,1,1,0,1,1,0,0,0,1,0,0,1,1,1,0,1,1,1,1,0,0,1,1,1,0,0,1,0,0,0,0,0,0,0,1,1,1,0
2218,-0.00540519616583721,1,1,1,1,0,1,1,0,1,0,1,1,0,0,0,1,0,1,1,0,1,0,1,1,1,0,1,0,0,1,0,1,0,0,0,0,1,0,1,0
2219,-0.551097241591484,1,0,0,0,0,1,1,1,1,0,0,0,0,0,1,1,0,0,1,1,1,1,1,1,0,0,0,0,0,0,0,0,1,0,0,0,0,1,1,0
2220,0.548665140733695,0,0,0,0,0,1,1,1,1,0,1,1,1,0,1,1,1,0,1,1,1,1,0,0,1,1,0,1,0,0,0,0,1,1,1,1,1,1,0,1
2221,0.545967706097301,0,1,0,0,1,1,0,1,1,0,0,0,0,0,0,1,1,0,1,0,1,1,1,1,0,0,0,0,1,0,0,0,0,0,0,0,1,0,0,0
2222,2.33889321951583,0,1,1,1,1,1,1,1,1,1,1,0,0,1,1,1,1,1,1,1,1,1,0,1,1,0,0,1,1,1,1,1,1,1,1,1,1,1,0,1
2223,1.45517366581738,1,1,1,1,1,1,0,1,1,0,1,1,1,1,1,1,1,0,1,1,1,1,1,1,0,0,0,1,0,1,1,1,1,1,1,1,1,1,1,1
2224,0.374052879374431,1,1,0,1,1,1,0,0,1,0,1,1,0,0,1,1,0,1,1,1,1,1,0,1,1,1,0,1,1,1,0,1,0,0,1,0,1,1,0,1
2225,-0.0238173228474329,1,1,0,0,1,1,1,1,1,0,1,1,0,0,0,1,1,1,1,1,1,1,0,1,1,0,1,1,1,0,0,0,1,0,0,0,1,1,1,0
2226,-0.373400023097658,0,1,0,0,0,1,1,0,1,0,1,1,1,0,1,1,0,1,1,1,1,1,1,1,0,0,0,1,0,0,0,0,1,0,1,0,1,1,0,0
2227,1.46744874838673,0,1,0,0,1,1,1,0,1,1,1,1,0,0,1,1,1,0,1,0,0,1,1,1,1,1,1,0,0,1,0,1,1,0,0,1,0,1,0,0
2228,-0.625429159365359,0,0,0,1,0,1,1,0,0,1,1,0,0,0,1,0,0,0,1,1,1,1,0,1,0,1,1,0,0,0,0,0,0,0,0,1,1,0,0,1
2229,1.02305571178888,1,1,0,0,1,1,1,0,1,0,1,1,0,0,0,1,1,0,1,0,1,1,1,1,1,0,1,0,1,1,1,0,1,0,0,0,0,0,1,1
2230,0.0382094213926846,0,0,0,0,1,1,1,1,1,0,0,1,0,0,1,1,1,0,1,1,1,1,1,1,1,0,1,1,0,1,1,0,0,0,1,0,0,0,1,0
2231,0.660754250355509,1,1,0,0,0,1,1,1,1,0,0,1,0,0,1,1,1,0,1,1,1,1,1,1,1,0,0,1,0,1,0,0,0,0,0,0,0,1,0,1
2232,-1.87738696683552,0,0,0,1,0,0,0,0,0,1,0,1,0,0,1,0,0,1,0,0,1,1,1,1,0,0,1,1,0,0,0,0,0,0,0,0,0,0,0,0
2233,3.06534082110948,1,1,0,0,0,1,1,1,1,0,1,1,1,0,1,1,1,1,1,1,1,1,0,1,0,1,1,1,1,1,1,1,1,0,0,1,1,1,1,1
2234,-0.512630308951207,0,1,0,0,1,1,0,1,1,1,0,1,0,0,1,1,1,0,0,0,0,1,0,0,1,0,0,1,1,0,0,0,0,0,0,1,1,0,1,0
2235,0.78749363904811,0,0,1,1,1,1,1,1,1,1,0,1,1,1,1,1,1,0,1,0,1,1,1,0,1,0,1,0,1,1,0,0,0,1,1,0,0,1,0,0
2236,2.00482000274313,0,1,0,0,0,1,0,1,1,1,1,1,0,0,1,1,1,1,1,1,1,1,1,1,1,1,1,1,1,1,0,1,0,0,1,1,1,0,1,0
2237,1.76886271645891,0,0,1,0,1,1,1,0,1,1,1,1,0,1,1,1,1,1,1,0,1,1,1,1,0,0,1,1,0,0,0,1,1,1,0,1,0,1,1,0
2238,-0.945619185258219,0,1,0,0,1,1,0,1,1,1,1,1,0,0,0,0,0,1,0,0,1,0,0,1,0,0,0,1,1,0,0,0,0,0,0,0,0,1,0,1
2239,-1.86336795920295,1,1,1,0,1,0,0,0,0,0,1,0,0,0,0,0,0,1,0,0,1,0,0,1,0,1,0,0,0,0,0,0,0,0,0,0,0,0,0,0
2240,-0.405703432255958,0,1,0,1,0,1,1,1,1,1,1,1,0,0,1,1,0,1,1,0,0,1,0,1,1,0,0,0,0,0,1,0,0,0,0,0,1,1,0,0
2241,0.0546758377719339,1,1,0,0,1,1,0,1,1,1,0,0,0,0,0,1,1,0,1,0,1,1,1,0,0,0,1,1,0,0,0,0,1,1,0,1,0,1,1,1
2242,-1.23557350754609,1,1,0,1,0,0,0,0,1,0,0,1,0,0,0,0,0,0,0,0,1,0,1,0,1,0,1,0,1,0,0,0,0,0,0,0,1,1,0,0
2243,1.17548969380328,0,1,1,1,0,1,1,1,1,0,1,0,1,0,1,1,1,1,1,1,1,1,0,0,0,1,1,1,0,0,0,1,1,0,0,0,0,1,0,1
2244,-0.45121972189233,1,1,0,1,0,1,1,0,1,0,1,0,0,0,0,0,1,1,1,1,1,1,1,0,1,0,0,1,1,0,0,0,0,0,0,0,0,1,0,0
2245,-1.79445068937532,0,0,0,0,0,0,1,0,0,0,0,1,0,1,0,0,0,0,0,0,1,0,0,0,1,0,0,0,0,0,0,0,0,0,0,1,0,0,0,1
2246,0.146605731657573,0,1,0,1,1,1,1,0,1,1,1,0,1,0,0,1,0,1,1,0,1,1,0,1,1,0,0,0,1,0,0,0,0,1,0,0,1,1,0,0
2247,0.188617533917938,1,1,0,1,1,1,1,1,1,0,0,0,1,1,0,1,1,0,1,0,0,1,1,1,1,0,1,1,1,1,0,0,0,1,1,0,1,1,1,0
2248,0.612975135068274,0,1,1,1,1,1,1,0,1,0,1,1,0,1,1,1,1,0,1,0,1,1,0,0,1,0,0,1,1,1,0,0,1,0,0,1,1,1,0,0
2249,-0.0210180964080352,1,0,0,0,0,1,1,0,1,1,1,1,1,0,1,1,1,1,1,0,1,1,1,0,1,0,1,0,0,1,0,0,1,0,0,1,1,1,0,0
2250,-0.485000610658853,0,1,1,0,1,1,1,1,1,1,1,0,1,0,1,0,1,0,1,0,0,1,1,1,1,1,1,1,1,0,0,0,1,1,1,0,1,1,0,0
2251,2.12018766661356,1,1,1,1,1,1,1,1,1,1,1,0,1,0,1,1,1,0,1,1,1,1,1,1,1,0,1,0,1,1,0,1,0,1,1,1,1,1,0,0
2252,2.55798815593945,1,1,0,1,0,1,1,1,1,1,0,1,1,0,1,1,1,1,1,0,1,1,1,1,1,1,1,0,1,1,1,1,1,1,1,1,1,1,1,1
2253,0.313361499472213,1,1,0,0,1,1,1,1,1,1,0,1,0,1,1,1,0,0,1,0,1,1,0,1,1,1,1,0,0,1,1,0,1,1,0,0,1,0,0,0
2254,-1.25107306126254,0,1,0,1,0,1,0,0,1,1,1,1,0,0,1,0,0,1,0,0,0,0,0,0,1,0,0,0,1,1,0,0,1,0,0,1,1,1,0,0
2255,1.83250049060493,0,1,0,1,1,1,1,1,1,1,1,0,0,0,1,1,1,1,1,0,1,1,1,1,1,1,0,0,0,1,0,1,0,0,0,0,0,1,1,0
2256,-1.41623195855419,0,1,0,1,1,1,1,1,0,0,0,0,1,0,0,1,0,0,0,0,1,0,0,1,1,0,0,1,0,0,0,0,0,0,1,0,0,0,0,0
2257,-0.359538570271448,0,1,0,0,1,1,1,1,1,1,0,1,1,0,0,0,1,1,1,0,1,1,1,0,1,0,1,0,1,0,0,0,1,1,1,1,0,0,0,0
2258,-1.8179129411866,0,1,0,0,1,1,0,0,0,1,0,1,0,0,0,0,0,0,0,0,0,1,0,0,1,0,1,1,1,0,0,0,0,0,0,0,0,0,0,0
2259,1.13011239505302,1,1,0,1,1,1,1,0,1,1,1,0,1,0,1,1,1,0,1,1,1,1,0,1,0,1,0,0,0,1,1,0,0,0,1,1,1,0,1,0
2260,0.59719310826327,1,1,1,1,1,1,0,1,1,0,0,1,0,0,0,1,1,1,1,1,1,1,1,1,1,1,1,0,1,0,0,1,1,0,0,0,1,0,0,1
2261,-0.0520904305929068,0,1,0,1,1,1,1,1,1,1,1,1,0,0,0,1,1,0,1,1,1,1,1,0,1,0,0,0,0,1,0,0,1,0,0,0,1,0,1,0
2262,0.681058710165916,1,1,1,0,1,1,1,1,1,1,0,0,1,1,0,1,1,0,1,1,1,1,0,1,1,1,0,1,1,1,0,0,0,1,1,0,1,1,0,0
2263,-0.838483297168461,0,0,0,0,0,1,1,1,1,1,0,1,0,0,0,0,0,0,0,0,0,1,1,1,0,0,0,1,0,1,0,0,1,1,0,0,1,1,0,1
2264,-0.415866487705622,0,1,0,1,0,1,1,1,1,1,0,0,0,1,0,1,1,0,1,0,1,1,1,0,1,0,1,0,0,1,0,0,0,0,1,0,1,0,0,1
2265,0.200640597665181,0,0,0,0,0,1,1,1,1,1,1,1,0,0,1,1,1,1,1,1,0,1,1,1,0,0,0,1,0,0,0,0,1,0,1,0,1,1,1,0
2266,-0.152154925486257,0,0,0,1,0,1,1,0,1,1,0,0,0,0,1,1,1,0,1,0,1,1,1,1,0,0,0,1,0,0,0,0,1,0,0,1,0,1,0,0
2267,0.121270012738838,0,1,0,1,0,1,1,1,1,1,0,1,0,0,1,1,1,0,1,0,0,1,1,1,1,1,1,0,0,1,0,0,0,1,1,1,0,1,1,0
2268,0.591634099066516,0,1,0,0,1,1,1,0,1,0,1,0,0,1,1,1,1,1,1,0,1,1,0,1,1,1,0,1,0,0,0,0,1,0,0,1,1,1,1,0
2269,-0.436784352946617,0,1,1,1,0,1,1,0,1,0,0,0,1,0,1,1,1,0,1,0,1,1,0,0,1,0,0,0,1,0,0,0,1,0,1,0,1,1,0,0
2270,-0.229109167071778,1,1,0,0,1,1,0,0,1,1,1,0,0,0,1,1,1,0,1,0,1,1,0,1,1,0,0,0,1,1,0,0,1,1,0,0,1,0,0,0
2271,-1.70135619509189,1,0,0,0,0,1,0,1,1,0,0,0,1,0,0,0,0,1,0,1,0,1,0,1,0,1,1,0,0,0,0,0,1,0,0,0,0,0,1,0
2272,0.629087308660416,1,1,0,1,1,1,0,1,1,0,1,0,0,0,1,1,1,1,1,0,1,1,1,1,1,0,1,1,0,0,0,1,0,0,1,0,0,1,0,0
2273,-0.879324133076514,0,1,0,1,0,1,0,1,1,1,1,0,0,1,0,0,0,0,0,0,0,1,0,1,1,1,1,0,0,0,0,0,1,0,1,1,1,1,0,0
2274,0.781105979840927,1,1,0,1,1,1,1,1,1,1,0,1,0,1,0,1,1,0,1,0,1,1,0,0,1,0,1,1,1,1,0,1,1,0,0,1,1,1,0,0
2275,-1.31010506461392,1,0,1,1,1,0,1,0,0,1,0,0,0,0,1,0,0,1,0,0,1,1,0,1,1,0,0,0,0,0,0,0,0,0,1,0,0,0,0,0
2276,1.07923324486178,0,0,1,1,1,1,1,1,1,1,0,1,1,0,0,1,1,1,1,1,1,1,1,1,1,1,0,1,1,1,0,1,1,0,1,1,1,0,1,1
2277,-0.583478204896855,0,1,0,0,1,1,1,0,1,1,0,0,0,0,1,1,1,1,0,0,1,1,1,1,1,1,0,0,0,1,0,0,0,0,0,0,0,0,1,0
2278,1.06393440556407,0,1,1,0,1,1,1,1,1,1,0,1,0,1,1,1,1,1,1,0,1,1,0,0,1,1,1,1,1,1,0,1,0,1,1,0,0,0,0,0
2279,0.800818153998089,0,1,1,0,1,1,1,1,1,1,0,0,0,0,0,1,1,0,1,0,1,1,1,1,1,0,0,0,0,1,1,0,1,1,1,0,1,1,1,1
2280,2.06182017963205,0,0,1,1,1,1,0,1,1,1,1,0,0,1,0,1,1,1,1,1,1,1,0,1,0,0,1,1,1,0,1,1,1,0,1,0,1,1,1,0
2281,1.14476493569543,1,0,1,0,1,1,1,1,1,0,1,0,0,0,1,1,1,1,1,0,1,1,0,0,1,1,1,0,1,1,0,1,1,0,0,1,1,0,0,0
2282,-0.0734081834268148,1,0,1,0,1,1,0,0,0,1,0,1,1,0,1,1,1,0,1,0,1,1,0,0,1,0,0,0,1,0,0,0,0,1,0,0,1,0,0,0
2283,-0.906734524824243,0,0,0,1,1,1,1,0,0,1,1,0,0,0,0,1,0,0,0,0,0,1,1,1,1,0,0,0,0,0,0,0,1,0,0,0,0,0,0,0
2284,0.77311366817402,0,0,0,0,1,1,1,0,1,1,0,1,0,0,1,1,1,0,1,1,0,1,1,1,1,0,1,0,1,0,0,1,0,0,0,1,0,1,1,0
2285,0.0733687907033996,1,1,0,0,1,1,0,1,1,1,0,0,1,0,1,1,1,0,1,1,0,1,0,1,1,0,0,1,0,1,0,0,0,1,1,0,0,1,1,1
2286,-0.503545314577579,0,1,0,0,1,1,1,0,1,0,0,1,0,0,0,1,1,1,0,0,1,0,1,0,0,0,0,1,0,0,0,0,0,0,1,0,1,1,0,1
2287,-0.923989122560407,1,1,0,0,1,1,0,0,1,0,1,1,0,0,0,0,0,1,0,0,1,1,0,0,1,0,0,0,0,0,0,0,0,0,0,0,0,1,0,0
2288,-0.844611191459831,0,0,0,0,1,1,0,0,0,1,1,0,0,0,0,1,0,0,0,0,0,1,1,0,1,0,1,0,0,1,0,0,1,1,1,1,1,1,0,0
2289,0.17589726022867,0,1,0,1,1,1,1,1,1,1,1,1,1,0,0,1,1,0,1,0,1,1,1,0,1,0,1,1,0,1,0,0,1,0,0,0,1,1,1,0
2290,0.793757658838426,0,0,0,0,1,1,0,1,1,0,0,0,0,0,1,1,1,0,1,1,1,1,1,1,1,1,1,0,0,1,0,0,1,0,1,1,1,1,1,1
2291,0.315569472823125,0,0,0,0,0,1,1,1,1,1,0,1,0,1,1,1,1,1,1,0,0,1,0,1,1,1,1,1,1,1,1,1,1,1,1,0,0,1,0,0
2292,0.356899421571244,0,0,0,0,1,1,0,1,1,1,1,0,0,0,1,1,1,1,1,1,1,1,0,0,1,0,1,0,0,0,0,0,1,1,1,0,1,1,1,0
2293,0.0237428285218688,0,1,0,0,0,1,0,0,1,0,0,0,0,0,1,1,1,1,1,0,0,1,1,1,1,0,1,1,0,1,0,0,0,0,0,1,1,1,0,1
2294,-0.167934517972172,0,1,1,1,1,1,1,0,1,1,0,1,0,0,1,1,1,0,1,1,1,1,1,0,1,0,0,0,1,0,1,0,1,1,0,1,1,0,0,1
2295,-2.18499251377632,1,1,0,0,1,0,1,0,0,1,0,1,0,0,1,0,0,0,0,0,1,0,0,0,0,0,0,0,0,0,0,0,0,0,0,0,1,0,0,0
2296,-0.359844604887311,0,1,1,0,1,1,1,0,1,1,1,1,0,0,0,1,0,0,1,0,0,1,0,1,0,0,0,0,0,1,0,0,1,0,0,0,0,1,1,0
2297,-1.0117980180171,0,1,0,0,1,1,0,0,1,0,0,0,1,0,1,0,0,1,1,0,1,1,1,1,0,0,0,0,0,1,0,0,0,0,0,0,1,1,1,1
2298,-0.00597893211688699,0,1,1,0,1,1,1,1,1,1,0,1,0,0,1,1,1,1,1,0,1,1,1,0,1,0,1,0,0,1,0,0,0,0,0,1,0,0,0,0
2299,0.70485831603879,1,1,1,1,1,1,0,0,1,1,0,1,0,0,0,1,1,1,1,0,0,1,1,1,1,1,0,1,0,0,1,1,0,1,1,1,1,1,1,1
2300,-0.472109710807017,1,0,0,1,1,1,0,1,1,0,0,0,1,0,0,1,0,1,1,0,1,1,1,0,1,0,0,0,0,0,0,0,0,0,0,0,1,1,0,0
2301,0.172761508332184,0,1,0,0,0,1,1,1,1,0,0,0,0,0,1,1,0,0,1,0,1,1,0,1,1,0,1,0,0,1,0,0,0,0,0,1,0,0,0,0
2302,0.564257424790811,1,1,0,1,0,1,1,0,1,0,1,0,0,1,1,1,1,0,1,0,1,1,1,1,1,0,0,1,1,1,0,0,0,1,1,0,0,1,0,0
2303,2.30082178076426,1,0,1,0,1,1,1,1,1,1,1,1,0,0,0,1,1,1,1,1,1,1,1,1,0,0,1,0,1,1,1,1,0,1,1,1,1,1,0,0
2304,0.898492023645885,1,1,0,0,1,1,1,0,1,1,1,1,0,0,1,1,1,1,1,0,1,1,1,1,1,1,1,0,1,1,1,0,0,1,1,0,1,0,1,0
2305,0.675542687889361,1,1,1,1,1,1,1,1,1,0,1,0,0,1,1,1,1,0,1,1,1,1,0,1,1,0,0,1,0,0,0,0,0,1,0,0,0,1,1,0
2306,-1.14962619997072,1,1,0,1,1,1,1,0,0,1,1,1,0,0,1,0,0,0,0,0,0,1,1,0,0,0,0,0,0,0,1,0,0,0,0,0,1,1,0,1
2307,0.236756006013875,1,1,0,0,1,1,1,1,1,0,1,1,1,0,1,1,1,0,1,0,1,1,0,1,1,0,1,1,1,0,0,0,1,0,1,1,1,0,0,0
2308,0.215005901481032,1,1,1,0,1,1,1,0,1,1,1,1,0,0,1,1,1,0,1,1,1,1,0,1,0,0,0,0,0,0,0,0,1,0,0,1,1,1,0,1
2309,-0.133541164508687,1,1,0,1,1,1,1,1,1,1,1,1,0,0,0,1,1,1,1,0,1,1,1,0,1,0,1,0,0,0,0,0,0,0,1,0,1,1,0,0
2310,0.459105416305137,0,1,0,0,1,1,1,1,1,1,0,1,1,0,1,1,1,1,1,0,1,1,1,0,1,0,1,1,1,0,0,0,0,0,1,0,0,0,0,0
2311,0.838370241305052,1,1,1,1,1,1,1,1,1,0,0,1,0,0,1,1,1,0,1,0,1,1,1,0,1,0,1,0,0,0,0,0,1,1,1,0,1,1,0,1
2312,-1.31037314265947,1,1,0,0,1,1,0,0,1,0,1,1,0,0,0,0,0,1,0,1,0,1,0,0,1,0,0,0,1,0,0,0,0,0,1,0,1,1,0,0
2313,1.00491214053587,0,1,0,1,0,1,0,0,1,1,1,1,0,1,1,1,1,0,1,1,1,1,1,1,1,1,0,1,1,1,0,1,0,0,1,0,1,1,0,0
2314,0.580467472640747,0,1,1,0,1,1,1,0,1,0,0,0,1,1,1,1,1,0,1,0,1,1,1,0,1,0,1,0,0,1,1,0,1,0,1,0,1,1,1,0
2315,0.373834085985446,0,0,0,0,0,1,0,1,1,1,1,0,0,0,1,1,1,1,1,0,1,1,1,1,1,1,0,1,1,1,0,0,0,0,1,1,1,0,1,1
2316,1.77161173267958,1,0,1,0,1,1,1,0,1,1,1,1,1,0,1,1,1,1,1,0,1,1,1,1,1,0,0,1,1,0,0,1,1,1,0,1,1,1,1,0
2317,0.189491888072996,0,1,1,1,0,1,1,1,1,0,0,1,0,0,0,1,1,0,1,0,1,1,1,1,1,0,0,0,1,1,0,0,0,0,0,0,1,1,1,0
2318,-0.675492947901717,0,1,0,0,0,1,0,0,1,0,1,0,0,0,0,1,1,1,0,1,1,0,1,0,1,0,1,0,1,1,0,0,1,1,1,0,1,1,0,0
2319,-0.541964633671051,1,0,0,0,0,1,1,0,1,1,1,0,0,0,1,1,1,0,1,0,1,1,1,0,1,0,0,0,0,0,0,0,1,0,0,0,0,1,0,1
2320,-0.165813517349885,1,1,1,1,1,1,1,1,1,1,0,1,0,0,1,0,1,0,1,0,1,1,1,1,1,0,1,1,0,1,0,0,1,0,1,1,1,0,0,0
2321,-2.30137652591808,0,1,0,0,1,1,0,0,0,1,0,1,1,0,0,0,0,1,0,0,1,0,0,0,0,0,0,1,0,0,0,0,0,1,0,0,0,0,0,0
2322,0.607391869263793,1,1,0,1,1,1,1,1,1,1,1,0,1,0,1,1,1,1,1,0,1,1,1,1,1,1,0,0,0,0,0,1,1,0,0,1,0,1,0,0
2323,-1.79158779063759,1,1,0,0,1,1,1,1,0,0,1,0,1,0,1,0,0,1,0,0,0,1,0,0,1,0,0,1,0,0,0,0,0,1,0,0,0,1,1,0
2324,0.545460786379783,1,0,0,0,1,1,1,1,1,0,0,0,0,0,1,1,1,0,1,0,1,1,0,1,1,1,1,1,1,0,0,0,1,1,0,0,1,1,1,0
2325,0.376231157285367,1,0,1,1,0,1,1,1,1,1,1,1,1,0,1,1,1,1,1,1,1,1,0,1,0,0,1,0,0,1,1,0,0,0,1,0,1,0,0,0
2326,2.65725191599439,1,1,1,0,1,1,1,1,1,0,1,1,0,0,0,1,1,1,1,1,1,1,1,1,0,0,1,1,0,1,0,1,1,1,0,0,0,1,1,0
2327,-0.207379310602751,1,1,0,0,0,1,1,0,1,0,1,1,0,0,1,1,1,0,1,1,1,1,1,0,1,1,1,1,0,1,0,0,0,1,0,1,0,1,0,0
2328,-0.356943517291414,0,0,0,1,1,1,1,1,1,1,1,1,0,0,0,1,1,1,0,0,1,1,1,1,1,0,0,0,0,0,0,0,1,0,0,0,0,0,0,0
2329,-0.69048295639102,0,1,0,0,1,1,1,0,1,1,1,0,1,0,1,1,0,1,0,1,1,1,1,1,1,0,1,1,1,0,1,0,1,0,0,0,1,1,1,0
2330,0.633128713031322,1,1,1,0,1,1,1,1,1,0,1,1,0,0,1,1,1,0,1,0,1,1,1,1,1,0,0,1,1,1,0,0,1,0,0,1,1,0,0,1
2331,1.78016247601291,0,0,0,1,1,1,1,1,1,0,1,1,0,1,1,1,1,1,1,1,1,1,0,1,1,1,1,1,1,1,0,1,1,1,1,0,1,1,0,0
2332,0.561610810782871,0,0,0,1,1,1,0,1,1,1,0,1,1,1,1,1,1,1,1,0,1,1,0,1,1,0,0,1,0,0,0,0,1,1,0,0,0,1,1,0
2333,-1.15657662044822,0,1,1,0,0,1,0,0,1,0,0,1,0,0,0,0,0,0,0,0,0,1,0,1,0,1,0,0,0,1,0,0,0,0,0,0,0,1,0,0
2334,0.797272262745746,0,1,0,0,0,1,1,0,1,1,1,1,0,0,1,1,1,1,1,0,1,1,1,1,1,0,1,1,0,1,1,1,0,1,0,1,1,1,1,1
2335,0.340627948929795,0,1,0,0,0,1,1,1,1,0,0,0,0,0,1,1,1,0,1,0,0,1,0,0,1,0,0,0,0,1,0,0,0,0,1,1,1,1,0,0
2336,-1.7099905277272,0,1,0,1,0,1,0,0,0,1,0,0,0,0,0,0,0,0,0,0,0,0,1,0,0,0,1,0,1,1,0,0,0,1,0,0,1,0,0,0
2337,-0.408104745800917,1,0,0,1,1,1,0,1,1,1,1,1,1,0,0,1,0,0,1,1,1,1,1,0,0,0,0,1,1,0,0,0,1,0,0,0,1,0,0,0
2338,-0.471019680866467,1,1,0,1,1,1,1,1,1,1,1,1,0,0,1,1,0,1,1,0,1,1,1,0,1,0,0,0,0,0,1,0,0,0,0,0,0,1,0,1
2339,0.323832518137834,0,1,0,1,1,1,0,1,1,0,1,1,0,0,1,1,1,0,1,0,0,1,1,1,1,1,0,0,1,1,1,0,0,1,0,1,0,1,1,0
2340,-0.759764077151932,0,0,0,0,0,1,1,0,1,0,1,1,1,1,1,1,1,0,1,0,0,0,0,0,1,0,1,0,0,0,0,0,0,1,1,0,1,1,1,0
2341,0.0964092354808855,1,0,0,0,1,1,1,0,1,0,0,1,0,1,1,1,1,1,1,0,1,1,0,1,1,0,0,0,1,0,0,0,1,1,0,1,1,1,0,0
2342,-1.83079003043671,1,0,0,0,0,0,1,0,1,0,0,1,0,0,1,0,0,1,1,0,0,0,0,0,0,0,0,0,1,0,0,0,0,0,1,0,0,0,0,0
2343,0.233995902923478,1,1,0,0,1,1,1,0,1,1,0,0,0,1,0,1,1,1,1,1,1,1,1,1,1,0,0,1,0,1,0,0,0,0,1,0,1,0,0,0
2344,-0.636387918072632,1,1,0,0,0,1,1,0,1,0,0,1,0,0,1,1,1,0,0,1,1,0,1,1,0,0,0,0,0,1,0,0,1,1,1,0,1,1,0,0
2345,-1.64423977270061,0,1,0,1,1,1,0,0,1,1,1,1,1,0,0,0,0,0,0,0,0,1,0,1,1,0,0,0,0,1,0,0,1,0,1,0,0,1,0,0
2346,-0.737702370192479,1,0,0,0,1,1,1,0,0,0,1,0,0,1,1,1,0,0,1,1,1,1,0,0,1,1,1,0,1,0,0,0,1,0,0,1,1,0,0,0
2347,-0.667383015323989,1,0,0,0,0,1,1,0,1,0,0,1,0,0,0,1,1,0,0,1,0,0,0,0,1,1,0,0,0,1,0,0,0,1,0,1,0,0,0,0
2348,-0.566757812931571,1,0,0,0,0,1,1,0,1,0,1,1,0,0,0,1,1,0,1,0,1,1,1,1,1,0,1,1,0,1,0,0,0,1,1,0,0,1,0,1
2349,0.967334158527021,0,1,0,0,1,1,1,1,1,1,1,1,1,1,1,1,1,1,1,1,1,1,1,1,0,1,0,1,0,1,1,1,0,1,1,0,0,1,1,0
2350,0.280523573466469,1,0,1,1,1,1,1,0,1,0,1,0,1,1,1,1,1,0,1,0,1,1,1,1,0,1,1,0,1,1,0,0,1,1,0,1,1,0,0,0
2351,0.909692979666751,0,0,0,0,1,1,0,1,1,1,1,0,1,0,1,1,1,1,1,1,0,1,1,1,1,0,1,1,1,1,0,0,1,1,1,0,0,1,1,0
2352,0.144661612152344,0,1,1,1,1,1,1,1,1,1,1,1,0,1,1,1,1,0,1,1,1,1,0,1,0,0,1,1,0,0,0,0,0,1,0,0,0,1,0,0
2353,-1.02696021991058,1,0,0,1,0,1,1,1,1,0,0,0,0,0,1,1,0,0,0,0,1,1,0,1,1,0,0,0,1,1,0,0,1,1,1,1,1,1,0,0
2354,-0.775912678365169,0,0,0,0,1,1,0,0,1,0,1,1,0,1,1,1,0,0,1,0,0,0,1,0,1,0,1,0,1,0,1,0,0,1,1,0,0,0,1,1
2355,-1.14380470789279,1,1,0,0,1,1,1,1,0,0,1,1,0,0,0,0,0,0,0,0,1,1,1,1,0,0,0,0,0,0,0,0,1,0,1,1,1,1,0,1
2356,0.402395082170627,1,0,0,0,0,1,0,1,1,0,1,1,0,0,1,1,1,0,1,0,1,1,1,0,1,0,1,1,0,1,0,1,0,0,1,1,1,1,0,1
2357,-1.16573694587816,1,0,1,0,1,1,0,0,0,1,1,1,1,0,0,1,0,0,0,0,0,1,1,1,1,0,0,0,1,0,0,0,1,0,0,1,0,1,0,0
2358,1.3480123978967,1,1,1,0,0,1,1,1,1,1,0,1,0,1,0,1,1,1,1,0,1,1,1,0,0,0,1,1,1,0,1,1,1,1,1,0,0,0,0,1
2359,-0.112462239105498,0,1,0,0,1,1,1,1,1,0,1,0,0,0,1,1,1,0,0,1,1,1,0,0,1,0,0,1,0,1,1,0,0,0,1,1,1,0,1,1
2360,-1.79320824182742,0,1,0,0,0,1,1,0,1,0,0,1,0,0,1,0,0,0,0,0,1,1,0,0,0,0,1,0,1,1,0,0,0,0,0,0,0,0,1,0
2361,-0.0685616607871782,1,1,0,1,0,1,1,1,1,0,1,1,1,1,1,1,1,0,1,0,1,1,0,0,1,0,1,0,1,1,0,0,0,0,1,1,0,1,0,0
2362,-0.678245815812049,1,1,0,0,1,1,0,0,1,1,1,1,1,0,1,1,0,0,0,0,1,1,1,1,1,0,0,1,1,1,1,0,0,0,1,0,0,0,0,0
2363,-0.22840544084017,0,1,0,1,0,1,1,1,1,0,1,1,0,0,0,1,1,0,1,0,1,1,1,1,1,0,1,0,1,1,0,0,0,1,1,1,0,1,1,0
2364,-0.0397050448282782,0,1,0,1,1,1,0,0,1,0,1,0,0,1,1,1,1,0,1,0,1,1,1,0,0,0,1,0,0,0,0,0,1,0,0,0,0,1,0,0
2365,0.459334286223288,0,1,0,0,0,1,1,1,1,1,1,0,1,1,0,1,1,1,1,0,0,1,0,0,1,0,1,0,1,0,0,0,0,0,1,0,0,1,0,0
2366,0.0751166387157434,0,1,0,0,1,1,1,0,1,0,0,1,0,0,0,1,1,1,1,0,1,1,1,1,0,0,0,1,1,1,0,0,1,0,0,0,1,1,0,1
2367,1.14560643307443,1,1,1,1,1,1,1,1,1,1,1,1,1,1,1,1,1,1,1,0,1,1,1,1,1,1,1,1,1,0,0,1,0,1,1,1,1,1,0,0
2368,1.78156317888495,0,1,0,1,1,1,1,0,1,1,0,0,1,0,1,1,1,1,1,1,1,1,1,0,0,0,1,0,1,1,0,1,1,1,0,1,1,0,1,0
2369,-0.955627981684229,0,0,0,0,0,1,0,0,0,0,0,1,0,0,0,1,0,1,0,1,1,1,0,1,0,0,1,0,1,0,0,0,0,0,1,1,0,0,1,0
2370,1.13924621346938,0,1,1,1,1,1,1,1,1,1,1,1,0,0,1,1,1,1,1,0,1,1,0,1,1,0,1,1,0,1,0,0,0,1,1,1,1,1,1,1
2371,0.300402971005038,0,0,1,1,0,1,1,1,1,1,1,0,0,0,1,1,1,0,1,1,1,1,1,1,1,0,1,0,1,0,0,0,0,0,0,1,1,0,1,1
2372,-0.774980405067514,1,0,0,0,1,1,1,0,1,1,0,0,0,0,1,1,0,0,1,0,1,1,1,0,0,0,1,0,1,0,0,0,0,0,0,0,1,0,0,1
2373,0.734456213570912,1,1,0,0,1,1,1,1,1,1,1,0,0,1,1,1,1,1,1,0,1,1,1,0,0,1,0,0,0,1,0,1,0,0,0,0,1,1,1,1
2374,-1.07885282734201,0,1,0,0,1,0,0,0,0,0,1,1,0,0,0,0,0,0,0,0,0,0,0,1,0,0,0,0,1,0,0,0,0,0,1,0,1,1,0,1
2375,-0.272029395405832,0,0,0,1,1,1,0,1,1,1,0,0,0,0,1,1,0,1,1,0,1,1,0,0,1,0,0,1,0,0,0,0,1,1,0,0,0,0,0,0
2376,0.0756519100909522,0,1,0,1,1,1,1,0,1,0,1,0,1,0,1,1,0,0,1,0,0,1,1,1,0,0,1,1,0,1,0,0,0,0,0,0,0,1,0,1
2377,0.681468726474516,0,1,1,0,1,1,1,1,1,0,1,0,0,1,0,1,1,0,1,0,0,1,1,1,0,1,1,1,0,0,0,1,0,1,1,1,0,0,0,0
2378,-0.0834285025058181,0,0,1,0,0,1,0,1,1,0,1,1,0,0,1,1,1,0,1,0,1,1,0,1,1,0,1,0,1,0,0,0,1,0,0,1,1,0,0,1
2379,-1.07220556353585,0,0,0,0,1,1,0,0,1,1,1,0,0,0,1,0,0,1,0,0,1,0,0,0,0,0,0,0,0,0,0,0,0,0,0,0,1,1,0,0
2380,0.899351355618934,1,1,0,1,1,1,0,1,1,1,1,1,1,0,1,1,1,0,1,1,1,1,0,1,1,0,0,1,1,1,0,1,1,1,0,1,1,1,0,1
2381,-0.914343194399711,1,1,0,1,1,1,1,0,0,0,0,1,0,0,1,0,0,1,0,0,0,1,1,0,0,0,0,1,0,0,0,0,1,0,0,0,0,0,0,0
2382,1.09566791827792,1,0,0,1,1,1,1,1,1,1,1,1,1,0,1,1,1,1,1,1,1,1,0,1,0,0,1,1,0,0,0,1,1,0,1,1,1,0,1,0
2383,-0.207264897248764,0,0,1,0,1,1,0,0,1,0,1,1,0,0,1,1,0,1,1,0,1,1,0,0,1,1,0,1,1,1,0,0,0,0,0,1,1,1,0,1
2384,0.215671359711239,1,1,1,0,1,1,1,0,1,1,0,1,1,1,1,1,1,1,1,0,0,1,0,1,1,0,1,0,1,1,0,0,1,0,1,0,0,0,0,0
2385,-0.985345949073298,0,1,1,1,1,1,1,1,1,0,1,1,0,1,0,0,0,0,0,0,1,1,1,0,0,1,1,0,1,0,0,0,0,0,0,1,0,0,0,0
2386,-1.86478286952888,0,0,0,1,0,0,1,0,1,0,1,0,1,0,0,0,0,0,0,1,0,1,0,0,0,0,0,1,0,0,0,0,1,0,0,0,1,0,0,0
2387,0.162406064029284,1,1,0,0,0,1,0,0,1,0,0,1,0,0,1,1,0,0,1,1,1,1,0,1,0,0,0,0,0,0,1,0,1,0,1,0,0,1,1,0
2388,0.105102388123006,1,0,1,1,0,1,0,1,1,0,1,0,0,0,1,1,1,0,1,1,1,1,1,1,1,0,0,1,0,1,0,0,0,1,1,0,0,0,0,0
2389,0.120904817075358,0,1,1,1,1,1,1,1,0,1,1,1,0,1,0,1,1,1,1,1,1,1,0,0,1,0,1,0,0,1,0,1,0,0,0,0,0,1,1,0
2390,-1.12205610300724,0,1,0,0,0,1,0,0,0,0,0,0,0,0,1,0,0,1,0,1,0,1,1,1,0,1,0,0,1,0,0,0,0,1,1,1,1,1,0,0
2391,0.485690589201456,0,1,0,1,1,1,1,0,1,1,1,1,0,0,0,1,1,1,1,0,1,1,1,1,0,0,1,1,1,0,0,0,1,1,1,1,1,0,0,0
2392,0.146610860131253,0,0,0,0,1,1,0,0,1,0,0,0,1,0,1,1,1,0,1,1,1,1,1,1,1,1,1,1,1,1,0,0,0,1,1,0,0,1,1,0
2393,1.20673544518084,1,1,1,1,0,1,1,1,1,0,1,1,0,0,1,1,1,1,1,1,1,1,1,1,1,1,0,1,1,0,0,1,0,0,1,1,0,1,0,0
2394,-1.10169538685716,0,0,0,0,1,1,1,0,0,0,1,0,0,0,0,0,0,0,1,0,0,1,1,1,0,0,0,1,1,0,0,0,0,1,1,0,1,0,0,0
2395,1.55362202771599,1,1,1,1,1,1,1,1,1,0,0,1,1,0,1,1,1,0,1,0,1,1,0,1,1,1,0,1,1,0,1,0,1,0,1,0,1,1,1,0
2396,-0.209871199162209,0,1,0,1,1,1,0,1,1,1,0,1,0,0,0,1,1,1,1,0,1,0,0,1,1,0,1,1,0,1,0,0,0,0,1,0,0,0,0,0
2397,0.771799277290679,0,1,0,1,0,1,1,1,1,0,0,1,1,0,0,1,1,1,1,0,1,1,0,1,1,0,1,1,1,1,1,1,0,0,1,0,0,1,0,1
2398,-1.09625003543557,0,1,0,1,1,1,1,0,0,1,0,0,0,0,0,1,1,0,1,0,1,1,0,1,1,1,1,1,0,0,0,0,0,0,0,1,1,0,0,0
2399,1.45552370805556,1,0,1,0,1,1,1,1,1,1,1,1,1,1,1,1,1,1,1,0,1,1,1,1,1,1,1,1,0,1,1,1,0,1,1,0,0,1,0,1
2400,-0.343591572128816,0,0,0,0,1,1,1,1,0,1,0,1,0,0,0,1,0,1,1,0,0,1,0,0,0,0,1,0,1,1,0,0,0,1,1,0,0,1,1,0
2401,-0.245021537379453,0,0,0,0,0,1,1,0,1,0,1,0,1,0,1,1,1,1,1,0,1,1,1,0,1,0,1,1,1,0,0,0,0,1,1,0,1,1,0,0
2402,0.255238510514714,1,1,0,1,0,1,1,1,1,1,1,0,0,1,1,1,1,0,1,1,0,1,0,0,0,0,1,0,1,0,0,0,1,1,0,0,0,1,0,0
2403,-0.988751548388067,0,0,0,0,1,1,0,0,0,0,1,0,0,0,1,1,0,1,1,0,0,1,0,1,1,0,1,0,1,1,0,0,0,0,1,1,0,0,0,0
2404,-0.892160713331666,0,0,0,0,1,1,0,0,1,0,0,1,0,0,0,0,0,1,0,0,1,1,1,0,0,0,0,0,1,0,0,0,1,0,0,0,0,1,0,0
2405,-0.0819622336140286,1,1,0,0,0,1,0,0,1,1,1,0,0,0,0,1,1,0,1,0,1,1,0,0,1,1,0,1,1,0,0,0,0,0,0,0,1,0,1,0
2406,-0.335348564217797,1,1,0,1,1,1,1,1,1,0,0,0,0,0,1,1,0,0,1,0,1,1,0,0,1,0,1,0,1,1,1,0,0,1,0,1,0,0,0,0
2407,1.31520999111036,0,1,1,0,1,1,0,1,1,0,1,0,1,1,1,1,1,0,1,0,1,1,1,1,0,0,1,1,1,1,0,0,0,0,1,0,1,1,1,1
2408,0.344279900251301,1,0,0,1,0,1,1,1,1,1,0,0,0,0,0,1,1,1,1,1,0,1,0,1,1,0,1,0,0,0,0,1,1,0,1,1,1,0,1,0
2409,0.456987306369362,1,1,1,1,1,1,1,0,1,1,0,1,0,0,1,1,1,1,1,0,1,1,0,1,0,0,1,0,1,1,0,0,1,0,0,0,1,1,0,0
2410,1.92478209122109,1,0,0,0,0,1,1,0,1,1,1,1,0,0,0,1,1,1,1,0,0,1,1,1,1,0,0,0,0,1,0,1,1,1,0,0,1,1,1,0
2411,0.307554175535758,0,1,1,0,0,1,0,0,1,1,1,1,0,0,1,1,0,0,1,0,1,1,0,1,1,0,0,0,0,1,0,0,0,1,1,0,1,0,0,0
2412,-0.117809923900335,1,1,0,0,1,1,1,1,1,1,1,0,0,1,1,1,1,0,1,0,1,1,1,1,0,1,0,0,0,1,1,0,1,0,0,0,0,0,0,0
2413,1.53467994954722,0,1,1,0,1,1,1,0,1,1,1,1,1,1,0,1,1,1,1,1,1,1,0,1,1,1,0,0,0,1,1,1,0,1,0,1,0,0,1,0
2414,-0.776304075507877,1,1,0,1,1,1,1,0,1,1,0,1,1,0,0,0,0,0,1,0,0,0,0,0,1,0,0,0,1,1,0,0,1,0,1,0,0,1,0,1
2415,1.10609412398414,1,1,0,0,1,1,1,0,1,1,1,1,1,1,1,1,1,1,1,0,1,1,1,0,1,0,0,1,1,1,0,1,0,0,0,0,1,1,0,0
2416,-1.0044465990446,0,1,0,0,1,1,0,0,0,0,1,1,1,1,1,0,0,1,0,0,1,1,0,1,0,1,1,0,0,0,0,0,0,1,1,1,1,0,0,0
2417,0.678963841185426,0,1,1,1,1,1,1,1,1,1,0,1,1,0,1,1,1,0,1,1,1,1,1,1,1,0,1,1,1,1,0,1,1,1,0,0,0,0,1,0
2418,-0.508945882679444,0,0,0,1,1,1,0,0,1,1,1,0,1,1,1,0,1,0,0,0,0,1,0,1,1,0,1,0,0,0,0,0,0,1,1,0,1,0,0,0
2419,-1.5775707480842,1,0,0,0,1,0,1,0,1,0,1,0,0,0,0,0,0,0,0,0,1,1,1,0,1,0,1,1,0,0,0,0,0,0,0,0,0,1,0,0
2420,-2.45383600054172,0,1,0,0,1,0,1,0,0,0,0,0,0,0,1,0,0,0,0,0,0,0,1,1,1,0,0,0,0,0,0,0,0,0,0,0,0,1,0,0
2421,1.09558146765758,0,0,1,1,1,1,1,0,1,0,0,1,1,0,1,1,1,1,1,0,1,1,1,0,1,1,0,0,1,1,0,1,1,0,0,0,0,1,0,0
2422,1.78497266727457,1,1,1,1,1,1,1,0,1,1,0,1,0,0,1,1,1,1,1,1,1,1,0,1,0,1,1,0,1,1,0,1,1,0,1,1,1,1,1,0
2423,-0.923799456521778,0,0,1,0,1,1,0,0,1,0,0,0,0,0,1,0,1,0,0,0,1,1,0,1,0,0,1,1,1,0,0,0,1,0,1,0,1,1,1,1
2424,0.657872341139612,0,1,0,0,0,1,1,0,1,1,0,1,1,0,1,1,1,1,1,1,1,1,0,1,1,0,1,1,1,0,0,0,0,0,1,0,0,0,1,1
2425,-0.813123438656377,0,1,0,0,1,1,1,0,1,0,0,1,0,0,1,1,1,1,0,0,1,0,0,1,1,1,0,1,0,1,0,0,0,0,1,0,0,1,0,0
2426,-0.513742912438633,0,1,0,0,1,1,1,0,1,1,0,1,0,0,1,1,1,0,1,0,1,1,1,1,1,0,0,0,0,0,0,0,1,1,0,0,0,0,0,0
2427,-0.938757236919378,1,1,0,0,1,1,1,1,1,1,1,1,0,0,1,1,0,0,0,0,0,1,0,0,1,0,0,0,1,1,0,0,1,0,0,0,1,0,0,0
2428,1.05481269865812,1,1,0,0,1,1,0,1,1,1,1,0,0,1,1,1,1,1,1,0,1,1,1,1,1,1,1,0,1,0,0,1,1,0,1,0,1,0,1,0
2429,-1.02806255515187,0,0,0,1,1,1,0,1,1,0,1,0,0,0,1,0,1,1,1,0,1,1,0,0,1,0,0,0,1,0,0,0,1,0,0,0,0,1,0,1
2430,0.421905816939959,0,1,0,1,0,1,1,1,1,1,0,1,0,0,1,1,1,1,1,0,1,1,1,1,1,0,1,1,1,0,0,0,1,1,1,1,0,0,1,1
2431,-1.66397217398704,0,0,0,1,0,1,1,0,0,1,1,0,0,0,0,1,0,0,0,0,0,0,1,0,1,0,0,1,1,1,0,0,0,0,0,0,0,1,0,0
2432,1.38498892749998,1,1,1,1,1,1,1,0,1,1,1,1,0,1,1,1,1,1,1,1,1,1,1,1,1,0,0,1,1,1,0,1,0,0,1,0,1,1,1,0
2433,-0.0123977016745742,1,1,1,1,1,1,1,0,1,1,0,1,0,0,0,1,1,1,1,0,0,1,0,0,0,1,0,0,0,0,0,0,0,1,1,0,0,0,0,0
2434,2.30432162394308,0,1,0,1,1,1,1,0,1,1,0,1,0,0,1,1,1,1,1,0,1,1,1,1,1,1,1,1,1,0,1,0,1,1,0,1,1,1,0,0
2435,1.14058222175765,0,1,1,0,1,1,1,1,1,1,1,1,1,0,0,1,1,0,1,0,1,1,1,1,1,0,1,0,1,1,0,1,0,0,1,0,1,1,0,1
2436,-0.115081033281713,1,1,0,1,1,1,1,1,1,1,0,0,0,0,1,1,0,0,1,1,1,1,0,1,0,0,0,0,0,0,0,0,0,0,1,1,0,1,0,0
2437,1.24107908789092,1,1,0,1,0,1,1,0,1,0,1,0,1,1,0,1,1,0,1,0,1,1,1,1,1,0,0,1,1,1,0,1,1,1,1,0,1,1,0,0
2438,0.109678704930203,0,1,1,0,1,1,1,0,1,1,1,0,0,0,0,1,1,0,1,1,1,1,1,1,1,1,1,1,1,1,1,0,1,0,0,0,1,1,0,0
2439,-0.886012717969706,0,0,0,0,1,1,1,0,1,0,1,1,0,0,0,1,0,1,0,0,0,0,0,1,0,0,1,1,0,0,0,0,0,1,0,1,0,1,1,0
2440,0.879273336133414,1,1,0,1,1,1,1,1,1,1,0,1,0,0,0,1,1,0,1,1,0,1,1,1,1,0,1,0,0,1,0,1,0,0,0,1,1,0,0,0
2441,-0.491582711246845,0,1,0,0,0,1,1,0,1,1,0,0,0,0,0,0,1,0,1,0,0,1,1,0,0,1,1,0,1,1,0,0,0,1,1,0,0,0,0,0
2442,-1.0323121510053,0,0,0,1,1,1,0,1,1,0,0,1,0,0,1,1,0,1,1,0,0,1,0,0,1,0,1,0,0,1,0,0,1,1,0,0,0,0,0,0
2443,0.114712196689018,0,1,0,0,0,1,1,0,1,0,1,0,0,0,1,1,0,0,1,0,1,1,1,0,0,0,1,0,0,0,0,0,0,0,1,0,0,0,1,1
2444,1.03608341075163,0,1,0,0,1,1,1,0,1,1,0,1,0,0,1,1,1,0,1,0,1,1,0,0,1,1,1,1,1,1,1,1,0,1,1,1,1,0,0,0
2445,-0.203026303610379,0,0,0,0,0,1,0,1,0,0,1,0,0,0,1,1,0,0,1,0,1,1,0,0,0,0,1,1,1,1,0,0,0,1,0,0,1,1,0,0
2446,1.00972293432234,0,1,0,1,1,1,1,1,1,1,1,1,1,0,1,1,1,1,1,0,1,1,1,0,1,0,1,1,1,0,1,0,1,0,0,0,1,1,1,0
2447,1.66497120158656,1,1,0,1,0,1,0,0,1,1,1,1,1,0,1,1,1,1,1,0,1,1,0,1,1,0,1,1,1,1,1,1,1,1,1,0,1,0,1,0
2448,0.132633275936196,0,0,1,0,1,1,1,0,1,1,0,0,0,0,1,1,1,1,1,0,1,1,1,1,1,0,1,0,1,0,0,0,0,1,0,0,1,1,0,0
2449,0.735207773242869,1,1,0,0,1,1,0,1,1,1,0,1,1,0,1,1,1,1,1,1,1,1,1,0,1,1,1,0,0,1,1,0,1,1,0,0,1,1,1,0
2450,-0.57979171375206,0,1,0,1,1,1,1,0,1,0,1,0,1,0,0,1,1,0,0,0,1,1,1,1,1,0,1,0,1,0,0,0,0,0,0,1,1,0,0,0
2451,2.34328065938613,1,0,1,0,1,1,1,1,1,1,1,1,0,0,1,1,1,0,1,1,1,1,1,1,1,0,0,0,0,1,1,1,1,0,0,1,1,0,1,0
2452,-0.536886607481272,0,1,0,1,1,1,0,0,1,1,1,1,0,0,1,1,1,1,0,1,1,1,0,1,1,0,0,1,1,1,0,0,1,0,1,0,0,0,0,0
2453,-1.82985719820417,0,0,0,0,1,0,0,0,0,1,1,1,0,0,0,0,0,0,0,0,0,0,0,0,1,0,1,1,0,0,0,0,0,0,1,0,0,1,1,0
2454,1.61550685839299,1,0,1,0,1,1,0,1,1,1,1,1,0,0,1,1,1,1,1,1,1,1,1,1,1,0,1,1,1,1,1,1,1,0,1,0,1,1,0,0
2455,-2.98626335307519,0,0,0,1,0,0,0,1,0,0,0,1,0,0,0,0,0,1,0,0,0,0,0,1,0,0,1,0,0,0,0,0,0,0,1,0,1,0,0,0
2456,-0.918822042851544,1,0,1,0,0,1,0,1,1,1,0,1,0,0,0,1,1,1,1,1,0,1,0,1,1,0,1,0,0,1,0,0,0,0,0,0,1,1,1,0
2457,1.19283641937937,0,1,0,1,0,1,1,1,1,0,1,1,0,1,1,1,1,0,1,1,1,1,0,1,1,1,0,0,0,1,0,1,1,0,1,0,1,1,1,0
2458,0.224109175612118,0,0,0,0,1,1,0,0,1,1,0,0,0,0,1,1,1,0,1,1,1,1,1,1,1,0,0,0,0,0,0,0,1,0,1,1,1,0,0,0
2459,0.299387466441666,1,1,0,0,0,1,1,0,1,0,1,1,0,1,1,1,0,1,1,1,1,1,0,0,0,0,1,0,1,1,0,0,0,1,0,0,1,1,1,0
2460,0.84141085948531,0,1,0,0,1,1,0,0,1,1,1,0,1,1,1,1,1,0,1,0,1,1,1,0,1,1,1,1,0,1,0,0,1,0,1,1,1,1,1,1
2461,-0.30014562824349,0,1,0,0,0,1,0,0,1,1,1,0,1,0,0,0,1,1,1,0,0,1,1,0,1,0,1,0,1,1,0,0,0,0,0,0,0,1,0,0
2462,-0.453334599930248,1,0,0,1,1,1,1,0,1,0,1,1,0,0,1,0,1,0,0,1,1,1,1,0,1,0,0,0,0,0,0,0,0,0,1,0,1,1,0,0
2463,-0.278501748724166,1,1,0,1,0,1,1,1,1,1,1,1,0,1,1,1,1,0,1,0,1,1,0,1,1,0,1,0,0,0,0,0,1,0,0,1,0,0,0,0
2464,0.687327130766214,0,1,1,1,1,1,1,1,1,0,1,0,0,0,1,1,1,1,1,1,1,1,0,1,0,0,1,0,0,1,0,1,1,0,0,1,1,1,0,1
2465,-2.1194394147079,0,0,0,0,1,0,0,0,0,0,1,1,0,0,1,0,0,1,0,0,1,0,0,0,0,0,1,1,0,0,0,0,1,1,0,1,0,0,0,1
2466,-1.77320211929961,0,1,1,1,0,1,1,0,0,0,1,1,0,0,0,0,0,1,0,0,0,0,1,0,1,0,0,0,0,0,0,0,0,1,0,0,1,1,0,0
2467,-0.572490321160355,0,1,0,1,1,1,1,1,1,1,1,0,0,0,0,1,0,0,1,0,1,1,0,0,0,0,1,0,0,0,0,0,0,1,1,0,1,0,0,1
2468,0.114717304238003,1,1,0,1,0,1,0,1,1,0,0,1,0,0,1,1,1,1,1,0,1,1,1,0,1,0,1,0,0,0,0,0,1,1,0,0,1,0,1,0
2469,-1.03997299837604,0,1,0,0,1,0,1,0,0,0,1,1,0,0,0,1,1,0,1,0,1,1,1,0,1,0,1,0,1,0,0,0,0,0,0,0,0,0,0,1
2470,0.532920812323255,0,1,1,0,1,1,1,1,1,1,1,1,0,0,0,1,1,1,1,0,1,1,1,0,1,0,1,1,0,0,0,0,0,1,0,0,1,1,0,0
2471,0.58868341773971,0,0,1,1,0,1,1,1,1,1,1,1,1,0,0,1,1,1,1,1,1,1,0,1,1,0,0,1,0,1,0,1,0,0,1,0,0,1,0,1
2472,0.0958681958445753,0,1,0,0,1,1,1,1,1,1,1,0,1,0,1,1,1,0,1,0,1,1,1,0,1,1,0,0,1,0,0,0,1,1,0,1,0,1,1,1
2473,-0.0441729398068478,0,0,0,0,1,1,1,0,0,1,1,1,0,0,1,1,1,1,1,1,0,1,0,0,1,0,0,1,0,1,0,0,1,0,0,1,0,0,0,0
2474,0.989217143570576,0,1,1,0,1,1,1,1,1,1,1,1,0,0,1,1,1,0,1,0,1,1,1,1,1,0,0,0,1,0,1,0,0,1,1,1,1,0,1,1
2475,-1.22454101772183,0,0,0,0,0,1,1,0,0,1,1,0,1,0,1,0,0,0,0,0,0,1,1,0,1,0,0,0,1,0,0,0,0,1,0,0,1,0,1,0
2476,1.15031878906055,0,1,0,1,1,1,1,1,1,1,1,1,0,0,1,1,1,1,1,0,1,1,1,1,1,0,0,1,0,1,0,0,0,1,0,0,0,0,1,0
2477,0.485816414865565,0,1,1,1,1,1,0,0,1,1,1,1,1,1,1,1,1,1,1,1,1,1,1,0,1,0,1,1,0,0,1,0,1,0,0,0,1,1,1,0
2478,0.681475130551974,0,0,0,0,1,1,1,0,0,1,0,1,1,1,0,1,1,0,1,0,1,1,1,1,1,0,1,0,0,1,1,0,0,0,1,1,1,0,0,1
2479,-1.17124747064399,1,1,0,0,1,1,1,0,0,1,1,0,1,0,1,0,0,0,1,1,1,0,1,0,0,0,0,0,0,0,0,0,0,1,0,0,0,1,0,1
2480,0.945735436899828,1,0,0,1,1,1,1,0,1,1,1,1,0,0,1,1,1,0,1,1,1,1,0,1,1,1,0,1,0,1,0,1,1,0,0,1,0,1,0,1
2481,0.519058846944443,0,1,1,1,1,1,1,1,1,0,1,0,0,0,1,1,1,1,1,1,1,1,1,1,1,0,0,1,0,1,0,1,0,1,1,1,0,1,0,1
2482,-0.652568981849,0,1,0,1,0,1,1,1,1,1,1,0,0,0,1,1,0,0,0,0,0,0,0,1,1,0,0,0,0,1,0,0,0,1,0,0,0,1,0,0
2483,-0.0658302486765772,0,1,0,0,1,1,0,0,1,1,1,1,0,0,1,1,1,1,0,0,1,1,1,1,1,0,1,0,1,0,0,0,1,1,0,0,0,1,1,0
2484,-1.28335516764764,0,0,0,1,0,1,1,0,0,0,0,1,0,0,0,1,0,0,0,1,0,0,1,0,1,0,1,1,1,0,0,0,0,0,0,0,1,1,1,0
2485,0.02912415289289,1,1,1,1,0,1,1,1,1,1,1,0,0,0,0,1,1,1,1,1,0,1,1,1,1,0,0,0,1,0,0,0,1,0,0,1,1,1,1,1
2486,-0.285998732417768,0,1,0,0,1,1,1,0,1,0,0,1,0,0,0,1,1,0,1,0,0,1,1,0,1,0,1,0,0,0,0,0,0,0,0,1,0,1,1,0
2487,-1.06868076248128,0,1,0,0,0,1,0,0,1,1,0,1,0,1,0,0,0,0,0,0,0,1,0,1,1,1,1,1,1,0,0,0,0,0,0,0,0,0,1,0
2488,1.970400324609,0,1,1,1,1,1,1,0,1,0,1,0,0,1,1,1,1,1,1,1,1,1,1,0,1,1,1,1,1,1,1,1,1,1,1,1,1,1,1,0
2489,-2.00032036785149,1,1,0,1,1,1,1,1,0,0,1,0,0,0,0,0,0,0,0,0,0,0,0,0,1,0,0,0,1,0,0,0,0,1,1,1,0,0,0,0
2490,0.266294724374905,0,1,0,0,1,1,1,0,1,0,0,0,1,0,1,1,1,0,1,0,1,1,0,1,1,1,1,1,1,1,0,0,1,1,1,0,0,1,0,0
2491,0.12300810707113,1,1,0,1,0,1,1,1,1,1,1,1,1,0,1,1,1,0,0,0,0,1,0,0,0,1,0,1,1,1,0,1,1,1,1,0,1,1,1,0
2492,-0.391018444287858,1,0,0,1,1,1,1,0,1,1,1,0,1,0,1,1,0,0,1,1,0,1,1,0,1,0,1,0,0,1,0,0,1,1,0,1,0,1,0,0
2493,-0.633025847091654,0,1,0,0,0,1,1,0,0,0,1,0,1,1,1,1,0,1,1,0,1,0,1,0,1,0,1,1,1,0,0,0,0,0,0,0,1,1,0,0
2494,-0.11438389303399,0,1,1,0,1,1,1,0,1,1,1,0,1,0,1,1,1,0,1,0,1,1,0,0,1,0,1,0,1,0,0,0,1,0,0,0,0,0,1,0
2495,1.15570316290609,0,1,0,1,0,1,0,1,1,0,1,1,1,0,1,1,1,1,1,1,1,1,1,1,1,1,1,1,1,1,0,1,1,1,0,1,1,0,1,1
2496,-0.41901561988863,0,1,0,1,0,1,1,1,1,1,1,0,1,0,0,1,1,0,1,0,1,1,0,1,1,0,0,0,0,1,0,0,0,1,1,1,1,1,0,0
2497,1.32458224574019,1,1,0,1,1,1,1,0,1,1,1,1,1,0,1,1,1,1,1,0,1,1,1,0,0,1,1,0,1,1,1,1,0,1,1,0,0,1,1,0
2498,0.681209350867827,0,0,1,1,1,1,1,1,1,0,0,1,0,0,0,1,1,1,1,1,1,1,0,1,0,1,0,0,0,0,0,0,1,1,0,1,0,0,1,0
2499,-0.208261505594902,1,0,1,0,1,1,0,1,1,1,0,1,1,1,1,1,1,0,1,0,1,1,1,1,1,0,1,0,0,0,0,0,0,0,1,1,1,0,0,0
2500,0.0291292502598039,1,1,0,1,1,1,1,1,1,0,0,1,0,0,0,1,1,1,1,0,0,1,1,0,1,0,0,1,1,0,0,0,0,0,0,1,1,0,0,0
2501,-0.768371063649216,1,0,0,0,0,1,0,0,1,1,0,1,0,1,1,1,0,1,0,0,1,1,0,1,1,0,0,0,0,1,0,0,0,1,0,0,0,1,0,0
2502,0.644557379758027,1,1,1,0,1,1,0,1,1,1,1,1,1,1,0,1,1,0,1,0,1,1,1,1,1,0,1,1,1,1,0,0,0,1,1,0,1,1,0,0
2503,0.585445839279895,1,0,1,0,1,1,0,0,1,1,1,1,0,0,1,1,1,0,1,1,1,1,1,1,1,0,0,0,1,1,0,0,1,0,0,1,1,0,0,1
2504,-0.0360885457012799,0,1,1,0,1,1,1,0,1,0,0,1,0,1,0,1,1,1,1,0,1,1,1,1,1,0,1,0,0,1,0,0,1,1,0,0,1,1,0,1
2505,-0.721022398659083,1,1,0,1,0,1,0,0,1,1,1,0,1,0,0,1,0,0,0,0,1,1,0,0,1,0,0,0,0,0,0,0,0,0,0,1,1,0,0,0
2506,-0.663934312584098,1,0,0,1,0,1,1,0,1,0,1,1,0,0,1,1,0,1,0,1,0,1,1,1,0,1,1,0,0,1,0,0,1,0,0,1,1,1,0,0
2507,-0.157234415623884,1,0,1,0,0,1,1,0,1,0,1,1,1,1,0,1,1,0,1,0,0,1,1,1,1,0,1,0,0,1,0,0,0,0,0,1,0,1,0,0
2508,-0.78060916234053,1,1,1,1,1,1,1,0,1,0,1,1,0,0,1,0,0,0,0,1,1,1,0,1,0,1,0,0,0,0,1,0,1,0,0,1,0,0,0,0
2509,-1.99789322609758,1,1,0,1,0,0,0,1,0,0,0,0,1,0,0,0,0,0,1,0,1,0,0,0,1,0,0,0,1,0,0,0,0,0,0,0,0,0,0,1
2510,1.23609838515007,1,1,0,1,1,1,1,1,1,1,1,1,1,1,1,1,1,1,1,1,1,1,1,1,1,0,0,0,1,0,1,1,1,0,0,1,1,1,1,0
2511,-0.388084000150764,1,1,0,0,1,1,0,1,1,0,1,1,0,0,1,1,1,0,1,0,0,1,0,1,0,0,1,0,0,1,0,0,1,1,1,0,0,0,0,1
2512,0.704903233648055,1,1,1,1,1,1,1,0,1,1,1,1,0,1,1,1,1,0,1,0,0,1,1,0,1,0,0,0,0,1,1,0,0,1,0,0,1,1,0,0
2513,-0.492364547364541,1,1,0,0,0,1,1,1,0,0,0,1,0,0,0,1,1,0,1,0,1,1,1,1,0,1,0,0,0,1,1,0,0,0,1,0,0,1,0,0
2514,0.891792636994826,0,1,1,1,1,1,1,1,1,1,0,1,1,0,0,1,1,1,1,0,1,1,1,0,1,0,1,0,1,1,0,1,1,0,0,0,0,0,1,1
2515,0.809396658439148,1,1,0,1,1,1,1,0,1,1,0,1,0,0,1,1,1,0,1,0,0,1,0,1,1,0,0,0,1,1,1,0,0,0,0,0,1,1,0,1
2516,-0.887295189713494,1,1,0,1,1,1,1,1,0,0,1,0,0,0,1,0,0,1,1,0,1,1,1,0,0,0,0,0,0,1,0,0,0,0,0,0,1,0,0,0
2517,1.0759961492887,0,1,0,0,1,1,1,1,1,1,1,0,1,0,1,1,1,0,1,0,0,1,1,1,1,1,1,0,0,1,0,1,0,0,1,0,1,1,0,0
2518,1.81678220308778,1,0,0,1,1,1,1,0,1,1,1,1,1,0,0,1,1,1,1,1,1,1,0,1,1,0,0,1,1,1,1,1,1,1,1,1,1,1,0,0
2519,-0.0892567766424489,0,0,1,1,1,1,0,0,1,0,1,0,0,0,1,1,1,1,1,0,1,1,1,1,0,0,1,0,0,1,0,0,1,0,1,1,1,1,1,1
2520,-0.686868825207818,0,0,0,1,1,1,0,0,0,1,0,1,0,0,0,1,0,0,0,0,0,1,0,1,0,1,0,1,0,0,0,0,0,1,0,0,0,1,0,0
2521,-0.497971128775906,1,0,1,0,1,1,0,0,1,0,0,1,0,1,0,0,1,0,1,1,1,1,1,1,0,0,0,1,0,0,0,0,1,1,0,0,0,0,0,0
2522,1.04600846785536,1,1,0,0,1,1,1,1,1,0,0,1,0,0,0,1,1,0,1,0,1,1,0,0,1,0,1,1,1,1,0,0,1,0,1,1,1,1,1,0
2523,-0.471377272635763,1,1,0,0,1,0,1,0,0,0,0,1,0,1,0,1,1,0,0,0,1,1,1,0,1,0,1,1,0,1,0,0,0,0,0,1,0,0,0,0
2524,0.181943315432343,0,1,0,1,0,1,1,0,1,0,1,1,0,1,1,1,1,1,1,0,0,1,1,1,1,0,1,0,0,1,1,0,0,1,0,0,0,1,1,0
2525,-0.906140954134571,0,1,0,0,0,1,1,0,1,1,1,0,0,0,0,1,0,0,1,0,1,1,1,1,0,0,1,1,0,1,0,0,0,0,0,0,1,0,0,0
2526,0.450858312186085,1,0,1,1,0,1,1,0,1,1,0,0,0,0,1,1,1,1,1,0,0,1,1,0,1,0,0,0,0,0,0,0,1,0,0,1,0,1,1,1
2527,-2.07670156785579,0,0,0,1,1,0,0,0,0,0,0,1,0,0,0,0,0,1,0,0,1,1,0,0,0,1,0,1,0,0,0,0,0,0,1,0,1,0,0,0
2528,-1.44741329892813,1,0,0,0,0,1,0,0,0,0,1,1,0,0,0,0,0,1,0,0,0,1,0,0,0,0,1,0,0,1,0,0,0,0,0,0,0,1,0,0
2529,-0.90931465775995,0,1,0,0,0,1,1,0,1,1,0,0,1,0,1,0,0,0,1,1,1,0,1,0,0,0,0,0,0,1,1,0,1,0,1,0,0,1,0,0
2530,0.450995333683867,0,1,1,1,1,1,1,0,1,0,1,1,1,0,0,1,1,0,1,0,1,1,1,1,1,1,0,1,1,1,0,0,0,0,1,0,1,1,0,0
2531,-0.0337176155656978,1,1,1,1,1,1,1,1,1,1,0,0,1,1,1,1,1,0,0,0,1,1,0,0,1,1,0,0,1,1,0,0,1,0,1,0,0,1,0,0
2532,-1.10475053323935,1,0,0,1,1,1,1,1,1,1,0,0,0,0,1,0,0,0,0,0,0,1,0,1,0,0,0,0,0,0,1,0,0,0,0,0,1,1,1,1
2533,1.94308497030451,0,1,1,1,1,1,1,1,1,1,1,1,1,0,1,1,1,1,1,1,1,1,1,1,1,0,1,0,1,1,0,1,0,0,1,1,1,1,1,1
2534,-0.558796257652166,0,1,0,0,1,1,1,1,1,0,1,0,0,0,1,1,1,1,1,1,1,1,1,1,1,1,0,0,1,1,1,0,1,1,1,0,0,1,0,0
2535,0.575697948105688,0,1,1,1,1,1,1,0,1,1,1,1,0,1,1,1,1,1,1,0,1,1,1,1,1,1,0,0,1,1,0,0,0,0,1,0,0,1,0,0
2536,0.4801389913813,0,1,1,1,1,1,1,1,1,1,1,0,0,1,0,1,1,0,1,0,1,1,1,1,1,1,1,1,1,0,1,0,1,0,1,0,1,0,1,0
2537,-0.318848467106263,0,1,0,0,1,1,1,1,1,1,1,1,0,0,0,1,1,0,0,0,1,1,1,1,1,0,1,0,0,0,0,0,0,0,1,0,1,1,0,1
2538,-0.947585534209761,0,1,0,1,0,1,1,1,1,1,1,1,1,0,0,0,0,0,0,0,1,1,0,1,1,0,1,1,0,1,0,0,0,0,0,0,1,1,1,0
2539,0.128425187121987,0,1,1,1,1,1,1,1,1,0,0,1,1,0,1,1,1,0,1,1,1,0,1,0,0,1,1,1,1,1,0,0,1,0,0,1,0,0,0,0
2540,0.449110428159742,1,1,0,1,0,1,1,0,1,1,1,1,0,1,1,1,1,0,1,0,1,1,0,1,1,0,0,0,1,1,0,1,0,0,1,0,1,1,0,1
2541,-0.17849663226955,1,0,0,0,0,1,1,1,1,1,1,1,0,0,0,1,1,1,0,0,1,1,1,0,1,0,1,0,0,0,0,0,1,0,1,0,0,0,0,1
2542,0.585739256362263,1,1,0,0,1,1,0,0,1,1,0,1,0,0,1,1,1,0,1,0,1,1,0,0,1,0,1,1,0,0,0,1,0,0,1,0,1,1,0,1
2543,1.8052889323265,0,0,0,0,1,1,1,0,1,1,0,1,1,1,1,1,1,0,1,1,1,1,1,1,0,0,1,0,0,1,0,0,1,1,1,0,1,0,1,1
2544,-0.057197273303919,0,1,0,0,1,1,1,1,1,1,1,1,0,0,0,1,1,0,1,0,0,1,1,1,0,0,1,0,0,0,0,0,1,0,0,0,1,0,1,0
2545,0.0360138656492163,0,1,0,1,0,1,1,1,1,0,1,1,1,0,0,1,0,1,1,0,1,1,1,0,1,0,1,0,0,0,0,0,1,1,0,0,0,1,0,0
2546,-0.221071751075989,1,1,0,1,1,1,1,0,1,1,1,0,1,0,1,1,1,0,1,0,0,1,1,0,1,0,1,0,0,0,0,0,0,0,0,1,1,1,0,1
2547,1.12165732443455,0,0,0,1,1,1,1,1,1,0,0,0,0,0,0,1,1,1,1,0,1,1,1,1,1,0,1,1,1,1,0,1,0,0,0,1,1,1,1,1
2548,0.885895586663851,1,1,0,0,1,1,1,1,1,1,1,0,0,0,1,1,0,0,1,0,0,1,1,1,1,0,1,0,1,1,1,0,1,0,1,0,0,0,0,0
2549,-0.577715351753374,0,1,0,1,1,1,1,0,1,1,0,1,0,0,0,0,0,0,1,0,1,1,0,1,1,0,0,1,0,0,0,0,0,0,0,0,0,1,0,0
2550,0.268883140357762,1,1,0,0,0,1,1,1,1,1,1,0,1,0,0,1,1,1,1,0,1,1,0,1,1,1,0,0,1,1,0,0,0,0,0,0,1,1,1,1
2551,-0.487879190248474,0,1,0,1,1,1,1,0,1,0,1,1,0,1,0,0,0,0,0,0,1,1,0,1,0,0,1,0,0,1,0,0,1,1,1,1,1,1,0,0
2552,-1.10927618015883,0,0,0,0,0,1,0,0,1,0,1,0,0,0,0,1,1,1,0,0,1,1,0,1,0,1,1,0,1,1,0,0,1,0,1,0,1,0,0,0
2553,0.491672323351164,1,1,1,1,1,1,1,0,1,1,1,1,0,0,0,1,1,1,1,0,1,1,1,1,1,0,1,1,1,0,0,0,1,0,0,0,0,1,0,1
2554,1.29844045316157,0,1,1,1,1,1,0,1,1,1,1,1,0,1,0,1,1,0,1,1,1,1,0,1,1,1,1,1,0,0,0,1,0,0,1,1,1,1,1,0
2555,0.480375825673827,0,0,0,1,1,1,0,0,1,1,0,1,1,0,1,1,1,0,1,0,0,1,1,1,1,0,0,1,0,1,1,0,0,0,1,1,1,1,1,0
2556,0.0365834765760868,0,1,0,1,1,1,1,0,1,0,0,1,0,1,1,1,1,1,1,1,1,1,0,1,1,0,0,0,1,0,1,0,0,1,1,0,1,1,1,0
2557,1.08364311016719,1,1,0,1,1,1,0,1,1,0,0,1,1,1,0,1,1,1,1,1,1,1,0,1,1,1,0,1,1,1,1,0,1,0,1,1,1,1,0,1
2558,0.196255331355259,0,1,1,1,1,1,1,1,1,0,1,1,0,0,0,1,1,0,1,0,0,1,0,1,1,1,0,1,0,1,0,0,1,1,0,1,1,1,1,0
2559,0.0655054826194459,1,1,0,0,1,1,0,1,1,1,1,1,1,0,0,1,1,0,1,1,1,1,0,1,0,1,1,1,0,0,0,0,0,0,0,0,1,1,1,0
2560,1.45927717059894,0,1,0,1,1,1,0,1,1,1,0,1,0,1,1,1,1,1,1,0,1,1,1,1,1,0,1,1,0,1,1,0,0,0,0,1,0,1,0,0
2561,0.189284637343485,1,1,0,0,1,1,1,1,1,1,0,1,0,1,1,1,1,0,1,1,0,1,0,1,1,0,0,0,0,0,0,0,1,1,1,1,1,0,0,1
2562,0.0175323294118648,1,1,0,0,1,1,1,1,1,1,1,1,0,0,0,1,1,1,1,1,1,1,1,1,1,0,1,0,0,1,1,1,1,0,0,0,0,1,1,0
2563,1.38960901822721,1,1,1,1,1,1,0,1,1,1,1,1,0,1,1,1,1,0,1,0,1,1,1,1,1,0,0,0,1,1,1,1,1,0,1,0,1,1,1,0
2564,-2.75048561845946,1,1,0,1,0,0,1,0,0,0,0,0,0,0,0,0,0,0,0,0,0,0,0,0,0,0,0,0,0,1,0,0,0,0,1,0,0,0,0,0
2565,-0.181985693930294,0,1,1,0,1,1,1,1,0,1,1,1,0,0,0,1,1,1,0,0,1,1,1,1,0,0,0,0,1,1,0,0,0,0,0,0,0,1,1,0
2566,0.301953776466942,1,1,0,0,0,1,0,1,1,1,1,1,0,0,1,1,1,1,1,1,1,1,1,0,1,0,1,1,0,1,0,0,0,0,1,1,1,1,0,1
2567,2.56377810700824,1,1,1,1,1,1,1,1,1,1,1,1,1,1,1,1,1,0,1,0,1,1,1,1,1,1,1,1,0,1,0,1,0,1,0,1,1,1,1,1
2568,-0.258915772265792,0,1,0,1,1,1,1,1,1,1,1,1,0,0,1,1,1,0,1,1,0,1,0,1,0,0,0,1,0,1,0,0,0,1,1,0,0,0,0,0
2569,-0.912862730819624,0,1,0,0,0,1,1,0,0,0,0,1,0,1,0,0,0,0,0,0,1,0,1,1,1,0,0,1,0,0,0,0,0,0,1,1,0,0,1,0
2570,0.41372691013448,0,1,1,0,1,1,0,1,1,1,0,1,0,0,1,1,1,0,1,0,1,1,0,1,1,1,1,0,1,1,1,0,1,0,1,1,1,1,0,0
2571,2.44166559593921,1,1,1,1,1,1,1,1,1,1,1,1,1,1,1,1,1,0,1,1,1,1,1,1,1,1,1,1,1,1,1,1,1,1,1,1,1,1,0,0
2572,0.286380151910354,1,1,0,0,1,1,1,0,1,1,1,0,0,0,1,1,0,0,1,0,1,1,1,1,1,1,1,0,0,1,0,0,0,1,0,0,0,1,1,1
2573,0.947066251907258,0,1,0,1,1,1,1,0,1,0,1,1,0,0,1,1,1,0,1,0,1,1,1,1,1,0,0,1,1,1,1,1,1,0,1,1,1,0,1,0
2574,-0.864322432076192,0,1,1,0,1,1,0,1,1,0,1,0,0,0,1,0,1,0,1,0,0,1,1,1,1,0,0,0,0,0,1,0,0,0,1,1,0,1,1,0
2575,1.19844490317016,0,1,0,1,1,1,1,1,1,1,1,1,0,0,1,1,1,1,1,0,0,1,1,0,0,0,0,1,1,1,0,0,1,1,0,0,0,1,0,1
2576,-0.346338402865577,0,0,0,1,0,1,1,0,1,1,0,1,0,0,1,1,0,1,0,0,0,1,1,0,1,1,1,1,1,1,0,0,1,1,0,0,0,0,0,0
2577,0.780665279317749,1,1,1,1,0,1,1,1,1,1,1,1,0,0,1,1,1,0,1,0,1,1,1,1,1,0,1,1,1,1,0,0,1,0,1,1,1,1,1,0
2578,-0.386020537710695,0,0,0,0,0,1,1,1,1,0,1,1,0,1,1,1,1,1,0,0,1,1,1,1,1,0,1,0,1,1,0,0,0,0,1,0,1,0,1,0
2579,-0.56421098946905,1,0,1,1,0,1,1,0,1,1,1,1,0,1,1,0,0,1,0,0,1,1,1,1,0,0,1,1,0,1,1,0,0,1,1,0,1,1,0,0
2580,0.319151706745373,0,1,0,0,1,1,1,1,1,1,1,0,0,1,0,1,1,1,1,1,1,1,1,0,1,1,1,0,0,1,0,0,1,0,1,0,1,1,0,0
2581,-0.0109721165480983,1,1,0,1,1,1,1,1,1,1,0,1,0,0,1,1,1,0,1,0,1,1,0,1,1,0,0,1,1,1,0,0,0,0,0,1,1,1,0,0
2582,-2.08015971848128,0,1,0,1,0,1,1,0,0,1,1,0,0,0,1,0,0,0,0,0,1,0,0,0,0,0,0,0,0,0,0,0,0,0,1,0,0,0,0,0
2583,1.21202876853075,0,0,0,1,1,1,1,0,1,1,1,1,1,1,1,1,1,1,1,1,0,1,0,1,0,0,1,1,1,0,1,0,0,1,1,0,0,1,1,0
2584,0.17853655211846,0,1,1,0,1,1,1,0,1,1,1,1,0,0,0,1,0,0,1,0,1,1,1,0,1,1,0,1,0,0,0,0,1,0,1,0,1,1,1,0
2585,3.07919985057556,0,1,0,1,1,1,1,1,1,0,1,1,1,0,1,1,1,1,1,0,1,1,1,1,1,1,1,1,1,0,1,1,1,0,1,1,1,1,1,0
2586,1.31182809621966,1,1,1,1,1,1,1,1,1,1,1,1,1,1,1,1,1,1,1,0,1,1,0,1,0,1,1,1,1,1,0,1,1,0,0,0,1,0,1,0
2587,1.14843071920137,1,1,1,0,0,1,1,0,1,1,1,0,0,1,1,1,1,0,1,1,1,1,1,1,0,1,0,1,0,0,0,1,0,1,1,0,1,0,0,0
2588,0.0917681969003898,0,0,1,1,1,1,1,1,1,0,1,1,0,1,0,1,1,0,0,0,1,1,1,1,1,0,0,1,1,0,0,0,0,1,1,0,1,1,0,0
2589,0.909746441986494,1,1,0,0,0,1,1,1,1,1,1,1,1,0,1,1,1,0,1,0,1,1,1,1,1,0,1,1,0,0,0,1,1,0,0,0,1,1,0,1
2590,0.226586438586043,0,0,0,0,1,1,0,0,1,0,1,1,0,0,1,1,1,1,1,0,1,1,1,1,1,1,1,0,0,1,0,1,1,0,1,1,0,1,1,0
2591,-1.41878760273427,0,0,0,0,1,1,0,0,1,1,1,1,0,0,1,0,0,1,0,0,1,1,0,0,1,0,0,0,0,0,0,0,0,1,0,0,1,0,0,0
2592,0.740808303846596,0,0,1,1,1,1,1,0,1,1,1,1,0,1,1,1,1,1,1,1,1,1,0,1,1,0,1,1,1,1,1,0,0,1,1,1,0,1,0,0
2593,-1.70889689809792,0,0,1,0,1,0,0,0,0,0,0,1,0,0,1,0,0,0,0,0,1,0,0,1,1,0,0,0,0,1,1,0,0,0,0,0,0,0,0,0
2594,-2.38466589683819,1,1,0,0,0,0,1,1,0,1,0,0,1,0,0,0,0,0,0,0,0,0,0,0,0,0,0,1,0,0,0,0,0,0,0,0,0,0,0,0
2595,0.0427992051266911,0,0,1,0,1,1,1,0,1,1,1,1,0,0,1,1,1,1,1,0,1,1,1,0,1,0,0,1,1,1,0,0,1,0,1,1,1,1,0,0
2596,-1.28122297848466,0,1,0,0,0,1,1,1,1,0,0,0,0,0,1,0,1,0,1,0,1,1,0,0,1,1,0,0,1,0,0,0,1,0,0,0,1,0,0,0
2597,-1.43467073909623,0,0,0,0,0,0,1,0,0,0,1,0,0,1,1,0,1,0,0,0,1,1,0,0,0,0,0,0,0,1,1,0,0,0,1,1,0,1,0,0
2598,-0.714920456346824,1,1,0,0,0,1,1,0,1,1,1,1,0,0,0,1,0,0,1,0,0,1,1,0,1,0,0,0,0,1,0,0,1,0,0,0,0,0,0,0
2599,0.259883829399897,0,1,1,1,0,1,0,0,1,0,0,1,0,0,0,1,1,0,1,0,1,1,1,0,1,1,1,1,0,0,0,0,0,1,1,1,1,0,0,0
2600,-0.626855695922253,0,1,0,0,1,1,0,0,1,0,0,1,0,0,1,1,1,1,1,0,1,1,1,1,1,0,0,1,0,0,0,0,1,0,1,0,1,1,0,0
2601,0.192093518162837,0,0,1,1,0,1,0,0,1,1,1,0,0,0,1,1,1,0,1,0,0,1,0,0,1,0,0,0,1,1,0,0,1,0,0,1,0,0,0,0
2602,-1.22975862450708,0,0,0,0,1,1,0,0,0,0,0,0,0,0,1,0,0,1,0,0,1,1,0,0,0,0,0,0,0,0,0,0,0,1,1,0,1,0,0,0
2603,-0.378805049357906,0,1,1,1,1,1,1,0,1,1,1,1,0,0,0,1,0,0,0,0,1,1,1,1,0,0,0,0,1,1,0,0,1,0,1,1,1,0,0,0
2604,-0.296027664719141,0,1,0,1,1,1,0,0,1,1,1,1,0,0,0,1,0,0,1,1,1,1,1,0,0,0,1,0,0,1,0,0,0,0,1,0,1,0,0,0
2605,0.727899444843296,0,1,1,0,1,1,1,0,1,0,0,1,0,0,1,1,1,0,1,1,1,1,0,1,1,0,1,1,1,1,1,1,1,1,1,0,1,0,0,0
2606,-1.50700738579337,1,1,0,0,0,1,1,0,0,0,0,0,0,0,0,0,0,0,0,1,0,0,0,0,0,0,0,0,0,0,0,0,1,0,0,0,0,1,1,0
2607,1.64396987650855,0,1,0,1,1,1,1,1,1,0,1,1,0,0,1,1,1,0,1,0,1,1,1,1,1,1,0,1,0,0,1,1,0,1,0,1,1,1,0,1
2608,-1.00870234203691,0,0,0,1,1,1,0,1,1,0,0,1,1,0,1,1,0,1,0,0,0,1,1,0,1,1,1,0,0,0,0,0,0,0,1,1,1,1,1,0
2609,-0.0704283515724725,1,1,0,0,0,1,1,0,1,0,0,1,0,1,0,1,1,1,1,1,1,1,0,0,1,0,0,1,1,1,0,0,1,1,0,0,0,1,0,0
2610,-0.700920497015689,1,0,0,1,1,1,1,0,1,0,1,1,1,0,0,1,1,0,1,0,0,1,1,1,1,0,0,0,0,0,0,0,0,0,0,1,0,0,0,1
2611,-0.954609050868354,0,0,0,0,1,1,1,0,1,1,0,0,0,0,0,0,0,0,0,0,0,1,1,1,1,0,1,0,1,1,0,0,0,0,0,0,0,1,1,0
2612,0.738874352007938,0,0,0,1,0,1,1,1,1,1,1,1,0,0,1,1,1,1,1,0,1,1,0,0,1,0,1,0,0,1,1,1,0,0,1,0,1,1,1,1
2613,1.06279785841927,1,1,0,1,1,1,1,1,1,1,1,1,1,1,0,1,1,0,1,0,1,1,1,1,1,0,1,0,0,0,0,1,0,1,1,0,0,1,1,0
2614,-0.365631651418594,1,1,0,0,1,1,1,0,1,0,1,1,0,0,0,1,1,0,1,0,1,1,0,1,0,0,1,0,1,0,0,0,0,0,0,0,1,1,0,0
2615,-0.758840106501442,0,1,0,1,1,1,1,0,1,0,0,0,0,0,0,0,0,0,1,1,1,1,1,1,1,0,0,0,1,0,0,0,0,0,1,0,1,0,0,0
2616,1.32501469848648,1,1,0,0,1,1,1,1,1,1,1,1,1,1,1,1,1,0,1,0,1,1,1,0,1,0,1,1,1,1,1,1,0,0,0,1,1,0,1,0
2617,0.418344160865711,0,1,0,0,1,1,0,0,1,0,1,1,1,0,1,1,1,1,1,0,1,1,1,0,1,1,1,0,0,0,0,0,1,1,0,1,0,1,1,1
2618,-0.416451284775991,1,1,0,1,1,1,1,1,1,1,1,0,1,0,0,1,0,1,0,0,1,1,1,0,1,1,0,0,1,0,1,0,0,0,1,0,0,1,0,1
2619,0.309890467254647,1,1,0,1,0,1,0,0,1,0,1,1,1,0,0,1,1,0,1,0,0,1,1,1,1,0,1,0,0,1,0,0,0,0,0,0,0,0,0,1
2620,-0.500757744288198,0,1,1,0,0,1,1,1,1,0,1,1,1,1,1,1,1,0,1,0,0,1,0,1,1,0,1,1,1,0,0,0,0,1,0,0,1,0,1,0
2621,-0.19437318746463,0,1,0,1,1,1,1,0,1,0,1,1,0,1,0,1,1,1,1,1,1,0,0,1,1,0,0,0,0,0,0,0,1,0,0,0,1,1,0,0
2622,1.21262695422547,1,1,1,0,1,1,0,1,1,0,1,0,0,1,0,1,1,0,1,0,1,1,1,1,1,0,1,0,0,0,0,0,0,0,0,1,1,1,0,0
2623,0.0495903894673879,0,1,0,1,0,1,0,1,1,0,0,0,0,0,1,1,0,1,1,0,1,1,0,0,0,1,1,0,0,0,0,0,0,0,1,0,1,0,1,0
2624,-0.250427342834545,1,1,0,1,0,1,1,0,1,1,1,1,0,1,0,0,0,1,1,0,0,1,1,1,1,1,0,0,1,0,0,0,0,1,1,0,1,1,1,0
2625,-0.731643259819789,1,0,1,1,1,1,1,1,1,1,1,0,0,0,0,1,0,1,1,0,1,0,0,0,1,1,0,1,0,0,0,0,1,0,0,0,1,0,0,0
2626,-0.896244628414262,0,0,0,1,0,1,1,1,1,0,1,1,0,1,1,0,0,1,1,1,0,1,0,1,1,0,0,0,0,0,0,0,0,0,0,0,1,1,1,0
2627,0.658882264354522,0,0,0,0,1,1,1,0,1,1,1,1,0,0,0,1,1,1,1,0,1,1,1,0,1,0,0,0,0,0,0,1,0,0,0,0,1,0,1,0
2628,-0.123254550619564,1,0,0,0,1,1,1,0,1,1,1,1,0,0,0,0,0,0,1,1,1,1,1,0,1,0,1,1,0,0,0,1,0,0,0,0,0,1,1,1
2629,0.388777995673536,0,0,0,0,1,1,1,0,1,1,1,0,0,1,1,1,1,1,1,0,1,1,0,1,1,1,1,0,1,1,0,0,0,0,1,0,1,0,0,1
2630,0.871170144406511,0,0,1,1,1,1,1,1,1,1,0,1,0,0,1,1,1,1,1,0,1,1,1,1,0,0,1,1,0,0,0,0,0,0,0,0,1,1,0,1
2631,1.69016141256474,1,1,1,1,1,1,1,1,1,1,0,1,1,1,1,1,1,0,1,0,1,1,1,0,1,1,1,1,1,1,1,1,1,1,0,0,1,0,0,0
2632,0.926410431552385,1,1,0,1,1,1,1,1,1,1,1,1,1,0,1,1,1,0,1,1,1,1,0,1,1,0,0,0,1,1,1,1,0,1,0,1,1,1,0,0
2633,-1.42468601248095,0,0,0,1,0,1,1,0,0,1,1,0,0,0,1,0,0,1,1,0,1,1,0,1,1,0,0,0,0,0,0,0,0,0,0,0,1,1,0,0
2634,-0.575603715108957,1,0,0,0,1,1,1,0,0,1,1,1,1,0,0,1,1,0,0,0,0,1,0,1,0,1,0,1,1,0,0,0,0,1,1,0,0,1,0,1
2635,-0.732338075103317,0,0,1,1,1,1,0,1,0,1,1,1,0,0,1,1,0,0,1,0,1,1,1,1,0,1,1,0,1,1,1,0,1,0,0,0,1,1,0,1
2636,-0.462615160506186,1,0,0,0,0,1,1,1,1,1,1,0,0,0,0,0,0,1,0,0,1,1,1,1,0,0,0,0,0,1,0,0,1,1,0,0,1,1,0,0
2637,-0.17267590113846,0,0,0,0,1,1,1,0,1,1,1,0,0,0,1,1,0,0,1,0,1,1,0,1,1,1,1,0,0,0,0,0,1,1,1,0,1,0,0,0
2638,0.462568437784382,0,1,1,1,1,1,0,1,1,0,1,0,1,0,1,1,0,1,1,0,1,1,1,1,0,0,1,1,0,1,0,0,1,0,1,1,0,0,1,1
2639,0.786759939922093,1,1,1,0,1,1,1,1,1,0,0,1,0,0,1,1,1,1,1,0,1,1,1,1,0,0,1,1,0,0,1,1,1,1,1,0,0,1,1,0
2640,-0.0109301963121918,1,1,0,1,0,1,1,1,1,1,1,1,0,1,1,1,1,0,1,1,1,1,1,0,1,0,0,1,0,1,0,0,0,0,1,0,1,1,0,1
2641,-0.837502803832957,1,1,0,0,1,1,0,1,0,0,0,0,0,0,0,1,0,0,0,0,1,1,1,1,0,0,0,0,0,0,0,0,0,0,1,0,1,0,1,0
2642,-1.66511041959206,0,0,1,0,0,1,0,1,0,1,0,1,0,0,0,0,0,0,0,0,1,0,0,0,0,0,0,1,0,0,0,0,1,0,0,0,1,0,0,1
2643,1.15222351744859,1,1,1,0,1,1,1,0,1,1,0,0,1,0,1,1,1,0,1,1,1,1,0,1,1,0,0,1,1,1,1,1,0,0,0,0,1,0,0,0
2644,-0.891741256588762,0,0,0,1,1,1,0,1,0,0,0,0,0,0,1,1,0,0,1,1,0,1,1,1,1,0,0,1,0,1,1,0,0,1,1,1,1,1,0,0
2645,-0.144332026538005,0,1,0,0,0,1,1,1,1,1,0,1,1,1,1,1,1,1,1,0,0,1,0,1,1,0,0,0,1,1,0,0,1,1,0,0,1,1,0,0
2646,0.188581406551622,0,0,0,1,0,1,0,0,1,1,1,1,0,0,1,1,1,0,1,0,1,1,0,0,1,1,0,0,0,1,0,0,0,1,0,0,1,0,0,0
2647,0.346676802299895,1,0,0,0,1,1,1,0,1,0,1,1,0,0,1,1,0,0,1,1,1,1,0,0,1,0,1,1,1,0,0,0,0,0,1,1,0,0,0,1
2648,-1.19776715628418,1,0,0,1,0,1,1,1,0,1,1,1,0,0,0,1,0,0,0,1,1,1,1,0,0,1,0,0,1,0,0,0,0,0,0,0,0,0,0,0
2649,0.110375344358468,1,0,0,1,1,1,1,0,1,1,1,1,1,0,1,1,1,1,1,0,0,1,1,0,0,0,0,0,0,0,0,0,0,1,1,0,1,0,0,1
2650,-1.2315420806848,0,0,0,0,1,1,1,0,0,1,0,0,0,0,0,1,0,0,0,0,1,0,1,0,0,0,0,0,0,0,0,0,0,0,1,0,0,1,0,0
2651,0.334699838529713,1,1,0,1,1,1,1,0,1,1,1,1,1,0,1,1,1,0,1,1,1,1,1,1,1,0,0,0,0,0,0,0,1,1,0,0,1,0,1,0
2652,1.55131686964982,1,1,0,0,1,1,1,1,1,1,0,1,0,1,1,1,1,0,1,0,1,1,0,1,1,1,1,0,1,1,0,1,0,1,1,1,0,1,1,1
2653,-0.102387676897628,1,1,0,0,0,1,1,1,1,0,1,1,1,0,0,1,1,0,1,0,0,1,0,0,0,0,1,1,0,1,0,0,1,0,0,0,1,1,0,0
2654,0.740848310388951,1,0,0,0,1,1,1,0,1,0,0,1,0,0,1,1,1,1,1,0,1,1,0,1,1,0,1,0,1,0,1,0,0,1,0,0,0,0,1,1
2655,0.530085479798267,0,1,0,0,1,1,0,0,1,1,1,1,0,0,1,1,1,1,1,0,1,1,0,0,1,0,1,0,0,1,0,0,0,1,1,0,0,1,0,0
2656,-0.0210130056497277,1,1,0,0,1,1,0,0,1,1,1,0,1,1,1,1,1,1,1,0,0,1,0,0,1,0,0,0,1,1,0,0,1,1,1,0,1,1,1,0
2657,0.128860953753627,0,1,0,0,0,1,1,0,1,1,0,1,0,0,0,1,1,1,1,0,1,1,0,0,1,1,0,0,1,1,0,0,0,0,0,0,1,0,0,0
2658,2.07487286464519,0,1,1,0,0,1,1,1,1,1,1,1,1,0,0,1,1,1,1,0,1,1,1,1,1,0,1,1,1,1,0,1,1,1,1,1,1,0,1,0
2659,1.00899945644449,0,1,1,0,0,1,1,0,1,1,1,1,1,0,1,1,1,1,1,1,1,1,0,0,0,1,1,1,1,1,0,0,0,0,1,0,1,1,1,0
2660,0.660902662510065,1,1,0,0,1,1,1,0,1,0,1,1,1,0,0,1,1,0,1,0,1,1,1,0,1,1,1,0,0,0,0,0,0,1,0,0,1,1,0,0
2661,0.422036062616077,1,1,0,0,1,1,1,0,1,1,1,1,0,0,1,1,1,1,1,0,0,1,1,1,1,0,1,0,0,1,0,1,1,0,0,1,1,1,0,0
2662,0.831342704998517,0,1,1,1,1,1,0,0,1,0,0,0,1,1,1,1,1,1,1,0,1,1,1,1,1,1,1,1,1,1,0,1,0,1,1,0,0,0,1,0
2663,1.79647744426303,1,0,1,1,1,1,1,0,1,0,1,1,0,1,1,1,1,1,1,0,1,1,0,1,1,0,1,0,1,1,0,1,0,0,1,1,0,0,1,1
2664,-0.564541408420019,0,1,0,1,0,1,1,0,1,1,1,0,0,0,1,1,0,1,1,0,0,1,0,1,1,0,0,0,0,1,0,0,1,0,1,1,0,1,1,0
2665,0.625869155084378,0,1,0,0,1,1,0,1,1,1,0,0,0,0,0,1,1,0,1,1,1,1,0,1,1,1,0,0,0,0,0,0,0,1,0,1,0,0,1,1
2666,-1.29501861945421,0,1,0,0,1,1,0,0,1,0,0,0,0,0,1,0,0,0,0,0,0,1,0,0,0,1,0,0,1,0,1,0,0,1,0,0,1,0,0,0
2667,0.173125195454711,1,0,1,0,1,1,1,1,1,1,1,1,1,1,1,1,1,0,1,1,1,1,1,1,0,0,1,0,0,0,0,0,1,0,1,0,1,1,0,0
2668,0.87568262595558,0,0,0,0,1,1,0,1,1,0,1,0,0,0,1,0,1,0,1,1,1,1,1,1,1,0,0,0,0,1,0,0,1,1,0,1,1,1,1,0
2669,-0.255864467982326,0,0,0,1,0,1,0,0,1,1,0,0,0,0,1,1,0,0,0,0,1,1,1,1,0,1,0,0,1,0,0,0,0,0,0,1,1,1,0,0
2670,0.327123871818581,1,1,0,1,1,1,1,0,1,1,1,0,1,0,1,1,1,0,1,0,1,1,1,1,0,0,0,0,1,1,0,1,1,0,1,0,1,1,0,0
2671,-0.282847195737564,1,0,1,0,0,1,1,1,1,1,0,1,0,0,1,1,1,0,1,1,1,1,0,0,1,1,1,1,1,1,0,0,1,0,1,1,1,1,0,0
2672,-0.67405423912035,0,1,1,0,1,1,1,1,1,1,1,1,0,0,1,0,1,0,0,0,1,1,1,0,1,0,0,0,0,0,0,0,0,0,1,0,1,1,0,1
2673,-1.06694787902819,0,1,0,1,1,1,0,0,1,1,1,1,0,0,0,1,0,1,1,0,0,0,0,0,1,0,1,0,1,0,0,0,0,1,1,1,1,0,0,1
2674,-1.74222702229033,0,1,0,0,1,1,1,1,0,0,0,1,0,0,0,0,0,1,0,0,1,0,0,1,0,0,0,0,0,1,0,0,1,0,1,0,0,0,0,0
2675,-0.167352680585238,1,0,0,0,1,1,1,1,1,0,1,1,0,0,1,1,0,1,1,1,0,1,0,1,0,0,1,0,0,1,0,0,1,1,1,1,0,1,0,0
2676,-0.800763598272748,0,1,0,0,1,1,0,0,1,0,0,1,0,0,0,1,0,0,1,1,1,1,0,1,0,0,1,0,0,1,0,0,0,0,1,0,0,0,0,0
2677,0.638738356329653,0,1,1,0,1,1,1,1,1,0,1,1,0,0,1,1,1,1,1,0,1,1,1,1,0,0,1,1,0,1,0,1,1,1,1,1,0,1,0,0
2678,1.415563689225,1,1,1,0,0,1,1,1,1,1,0,1,1,0,0,1,1,0,1,0,1,1,0,1,1,0,0,1,0,1,1,1,0,0,1,0,0,1,0,1
2679,-1.73959282153843,0,1,0,0,0,1,0,0,0,0,0,0,0,0,0,0,0,0,0,0,1,0,0,0,0,0,0,1,1,0,0,0,1,0,1,0,1,0,0,0
2680,1.65255204668958,1,1,0,1,0,1,1,1,1,1,1,1,1,0,1,1,1,1,1,1,1,1,1,1,1,1,1,1,0,1,0,1,0,0,1,1,1,0,0,1
2681,1.03511129992952,1,1,1,1,1,1,1,1,1,1,0,1,1,1,1,1,1,0,1,1,1,1,1,1,0,0,1,0,1,1,0,1,1,1,0,0,1,1,0,1
2682,0.675536306007473,1,1,0,1,1,1,1,1,1,1,1,0,1,0,1,1,1,1,1,0,1,1,1,0,1,0,0,0,1,0,1,0,1,1,1,0,1,1,1,0
2683,0.0836362165182651,1,1,0,0,0,1,0,1,1,0,0,1,1,0,0,1,1,0,1,0,1,1,1,1,1,1,1,1,1,1,1,0,1,1,1,0,1,1,0,1
2684,0.583043052043897,0,1,1,1,0,1,1,1,1,1,1,0,0,0,1,1,1,1,1,1,1,1,1,0,1,0,1,0,1,0,0,0,1,1,1,1,0,0,1,0
2685,0.210830320314359,0,0,1,1,1,1,1,0,1,1,1,1,1,0,1,1,0,1,1,0,1,1,1,1,1,0,1,0,0,1,1,0,1,0,1,1,1,1,0,0
2686,-0.482204343627062,0,0,0,0,0,1,1,1,1,1,0,0,0,1,1,1,0,0,0,1,1,1,0,1,1,1,0,1,1,0,0,0,0,0,1,0,1,0,1,0
2687,-0.00339821741276473,0,1,1,0,0,1,0,1,1,1,1,1,0,0,1,1,0,1,1,0,1,1,1,0,1,0,1,0,0,1,0,0,0,0,1,1,0,1,0,0
2688,2.23942838003069,1,1,1,1,1,1,1,0,1,1,1,1,1,1,1,1,1,0,1,0,1,1,1,1,1,1,0,1,1,1,1,1,1,0,0,0,1,1,1,0
2689,-0.872698910350429,1,0,1,1,0,1,1,0,1,1,0,0,0,0,0,0,0,1,1,0,0,1,1,0,1,1,1,0,0,1,0,0,0,1,1,1,0,0,0,0
2690,-0.962258061269752,1,0,0,0,0,1,0,1,1,1,0,1,0,0,1,0,0,0,1,0,0,1,1,0,0,0,0,0,1,1,0,0,0,0,0,0,0,0,0,1
2691,-0.99265726176121,0,1,1,1,0,1,1,0,0,1,0,1,0,0,0,1,0,0,1,0,0,1,1,0,1,1,0,0,0,0,0,0,1,0,0,0,1,0,0,1
2692,1.43173887473467,1,1,1,1,1,1,1,0,1,0,1,1,0,1,1,1,1,1,1,1,1,1,0,1,0,0,1,1,1,0,1,1,0,1,1,0,0,1,1,1
2693,0.812608891446808,0,1,0,1,1,1,1,0,1,1,1,0,0,0,0,1,1,0,1,0,1,1,1,1,0,0,1,0,0,0,1,1,1,0,0,1,1,1,1,0
2694,1.54311393979106,0,1,1,1,1,1,1,1,1,1,1,1,1,0,1,1,1,1,1,1,1,1,0,1,1,1,0,1,1,1,1,1,0,1,1,1,1,1,0,1
2695,0.579698128041427,1,1,1,1,0,1,1,0,1,1,0,1,1,0,1,1,1,1,1,0,1,1,0,1,1,0,1,1,0,1,0,0,0,1,0,1,0,1,0,0
2696,-1.45342331169895,1,1,0,1,1,1,0,1,0,1,1,1,1,0,0,0,0,0,0,0,1,1,0,0,0,0,1,1,0,0,0,0,1,0,0,1,1,1,0,0
2697,1.01819163285777,1,1,1,0,0,1,0,0,1,1,1,1,1,1,1,1,1,1,1,0,1,1,0,0,1,0,1,0,1,1,1,1,0,1,0,1,0,0,1,0
2698,-0.479445840881452,1,1,0,0,0,1,1,0,1,0,1,0,1,1,1,0,1,0,1,0,1,1,1,1,0,0,0,0,1,0,0,0,0,0,1,0,1,1,0,1
2699,-2.4487583432321,1,1,0,1,0,1,0,1,0,0,1,0,0,0,1,0,0,0,0,0,0,0,0,0,1,0,0,0,0,0,0,0,1,0,0,0,0,0,0,0
2700,0.0417877887792529,0,1,0,0,0,1,1,1,1,1,0,1,1,0,0,1,1,0,1,1,1,1,0,1,0,1,0,1,0,0,0,0,1,0,0,0,1,1,1,0
2701,1.19902414103729,1,0,0,1,1,1,1,1,1,1,1,1,1,0,1,1,1,0,1,0,1,1,0,0,1,0,1,1,1,1,0,1,1,0,1,1,1,1,0,0
2702,0.70170478801274,1,1,0,1,1,1,0,1,1,1,1,1,0,0,0,1,1,1,1,0,1,1,1,0,1,0,1,1,1,1,0,1,1,0,0,1,1,0,0,0
2703,1.551333847043,1,1,0,1,1,1,1,1,1,0,1,1,1,1,1,1,1,1,1,1,1,1,0,1,1,1,0,1,1,1,1,1,1,0,1,1,0,1,0,1
2704,0.102758510953754,0,1,0,1,1,1,1,0,1,1,0,1,0,0,1,1,1,0,1,0,1,1,0,1,1,1,0,1,1,1,0,0,0,1,1,0,1,1,1,1
2705,-1.00798408103947,0,0,0,0,0,1,1,0,1,0,0,0,0,0,0,0,0,1,0,0,1,1,1,0,1,0,0,0,0,1,1,0,0,0,0,1,0,1,0,0
2706,-0.9374760602889,0,1,0,0,1,1,1,0,0,1,0,1,1,0,0,0,0,0,0,0,1,1,0,0,0,0,0,0,1,0,0,0,0,0,1,0,0,1,1,0
2707,-0.371237136047644,1,0,0,1,1,1,1,1,1,1,0,1,0,0,1,1,1,0,1,1,1,1,0,0,1,0,0,0,1,1,0,0,0,0,0,1,1,0,0,0
2708,0.268839396475455,0,0,0,1,1,1,0,1,1,0,0,1,0,0,1,1,0,1,1,1,1,1,0,0,0,1,0,1,1,0,0,0,1,1,1,0,0,0,0,0
2709,0.175771851209104,0,0,0,0,1,1,1,1,1,1,1,0,0,0,0,1,1,0,1,0,0,1,1,1,1,1,1,0,1,0,0,0,0,0,0,0,0,0,1,0
2710,0.811662388525368,0,1,0,0,1,1,1,1,1,1,1,1,1,0,0,1,1,1,1,1,1,1,1,1,1,1,0,1,0,1,0,0,0,1,1,0,1,1,1,0
2711,0.0700702383338164,0,1,0,0,1,1,1,0,1,0,0,0,0,1,1,1,1,1,1,0,0,1,0,0,1,0,0,0,0,1,1,0,0,0,1,0,0,0,1,0
2712,0.19110530177476,0,0,0,0,1,1,0,1,1,1,0,0,0,0,1,1,1,1,1,1,0,1,1,0,1,0,0,0,0,0,0,0,1,1,0,0,1,0,1,0
2713,-1.95811038030895,0,1,0,0,1,0,1,0,0,1,0,0,0,0,1,0,0,0,1,0,0,0,1,0,0,1,0,0,0,0,0,0,1,0,0,0,1,0,0,0
2714,0.442355806574047,0,1,0,0,1,1,1,0,1,1,1,1,0,0,1,1,1,0,1,0,1,1,1,1,1,0,0,0,1,0,1,0,0,0,0,1,0,1,0,0
2715,1.35434082465237,0,1,1,1,1,1,1,0,1,1,1,0,0,1,1,1,1,1,1,1,1,1,1,1,1,1,1,0,1,0,1,1,1,0,1,1,1,1,1,0
2716,-1.75497322391752,0,1,0,0,0,1,1,0,0,0,0,0,0,0,1,0,0,0,0,0,1,0,0,0,0,0,0,1,0,0,0,0,0,0,0,0,0,0,0,0
2717,-0.765074021450593,1,0,0,1,1,1,0,0,1,0,0,1,0,1,1,0,0,0,0,1,0,1,0,0,1,0,1,0,0,0,0,0,0,1,0,0,0,1,0,1
2718,0.369183595193212,1,0,0,0,0,1,1,0,1,1,1,0,1,1,0,1,1,1,1,0,1,1,1,1,0,0,0,0,0,1,0,0,0,1,1,1,0,1,1,0
2719,-1.22784629426139,0,1,0,0,0,1,0,0,0,0,0,0,0,0,1,0,0,0,1,0,1,1,0,0,0,1,0,1,0,0,0,0,0,0,0,0,1,0,0,0
2720,-0.0604135689769086,0,0,0,0,1,1,1,1,1,1,1,1,0,1,0,1,0,0,1,0,1,1,0,1,1,1,1,0,0,1,0,0,0,1,0,0,0,1,0,0
2721,0.550714507080537,1,1,1,1,1,1,1,0,1,1,1,1,0,0,1,1,1,0,1,0,1,1,0,1,1,1,1,0,0,1,1,0,1,1,0,0,1,1,1,1
2722,-0.354522558276701,1,0,0,0,1,1,1,0,1,1,0,1,0,1,0,1,0,1,1,1,1,1,1,1,0,0,1,1,0,1,1,0,1,0,0,0,0,1,0,0
2723,1.11002571368457,1,1,0,0,1,1,0,1,1,1,1,0,0,1,0,1,1,1,1,1,1,1,1,1,1,0,1,0,1,1,0,1,1,1,1,1,1,1,1,1
2724,0.261355478473316,1,0,0,0,1,1,1,1,1,0,1,0,0,0,1,1,1,0,0,1,1,1,0,0,1,0,0,0,0,1,0,0,1,1,0,1,1,1,0,0
2725,0.388745360703032,0,0,0,1,1,1,1,0,1,1,0,1,1,0,1,1,1,1,1,0,1,1,1,1,1,0,1,0,1,0,0,0,0,0,0,1,0,1,0,0
2726,-0.886792466845271,0,1,0,1,1,1,0,1,1,1,1,1,0,1,0,0,0,0,0,1,0,1,0,1,1,0,0,1,1,1,1,0,0,0,1,0,0,0,0,1
2727,0.107559718187065,0,0,1,0,0,1,1,0,1,0,1,1,0,0,1,1,1,0,1,1,0,1,0,0,1,0,0,1,1,1,1,0,1,0,1,0,1,1,0,0
2728,2.18899735696054,1,0,0,1,1,1,0,1,1,0,1,1,1,1,1,1,1,1,1,1,1,1,1,1,0,1,0,1,1,1,1,1,0,1,1,1,1,1,0,1
2729,-0.992125309539773,0,1,0,1,0,0,0,0,1,1,0,0,0,0,1,1,0,0,1,0,1,1,0,1,1,0,1,0,1,1,0,0,0,1,0,0,1,1,0,0
2730,-2.05941417889561,1,0,0,1,1,1,1,0,0,0,1,0,1,1,0,0,0,0,0,0,1,0,1,0,0,0,0,0,0,0,0,0,1,0,1,0,0,0,0,0
2731,-1.94016594291457,0,1,0,1,1,0,1,0,0,1,0,0,1,0,1,0,0,0,0,0,0,0,0,1,0,0,1,0,0,0,0,0,1,0,0,0,1,0,0,0
2732,0.373442469146112,1,1,1,0,1,1,1,1,1,1,0,0,0,1,0,1,1,1,1,0,1,1,0,1,1,0,1,0,0,1,0,0,1,1,1,0,1,0,1,0
2733,-0.613712124847714,1,0,0,0,1,1,0,1,1,1,0,1,0,0,1,1,1,0,1,0,0,1,0,1,1,1,1,0,1,1,0,0,0,0,0,0,0,0,0,0
2734,2.03717893301707,1,1,0,1,1,1,1,1,1,0,0,1,0,1,1,1,1,1,1,0,1,1,1,1,1,1,1,1,1,1,0,1,0,0,1,1,1,1,1,1
2735,0.1469008355409,1,0,1,0,0,1,0,0,1,1,0,1,0,0,0,1,1,1,1,0,0,1,1,1,1,0,0,1,1,1,0,0,0,0,0,0,0,1,0,1
2736,-0.765305583813639,0,1,0,0,0,1,0,0,1,0,1,0,1,0,0,0,0,1,0,0,1,1,1,0,1,1,0,1,0,1,0,0,0,0,1,1,0,1,0,0
2737,-0.544887789138238,1,1,0,0,1,1,0,0,1,0,1,1,0,0,0,1,0,0,1,0,1,0,1,1,0,1,0,0,0,0,0,0,0,0,0,1,1,1,0,0
2738,0.591501415148593,0,0,0,1,1,1,0,0,1,0,0,1,0,0,0,1,1,1,1,1,1,1,1,0,1,1,1,0,0,0,0,0,0,0,0,1,0,1,1,1
2739,0.197548680864651,0,1,0,1,1,1,1,1,1,0,0,0,1,0,0,1,0,0,1,0,0,1,1,0,1,0,1,0,1,1,0,0,1,0,0,0,1,1,0,0
2740,0.540189817859875,0,0,0,1,0,1,1,1,1,1,0,1,1,1,1,1,1,1,0,0,0,1,1,1,0,1,1,1,1,1,0,0,1,1,1,0,0,0,1,1
2741,-0.0839635173005359,1,1,0,1,1,1,0,0,1,0,0,1,0,0,1,1,1,1,1,0,0,1,0,1,1,0,1,1,0,0,0,0,0,0,1,1,1,1,1,0
2742,-0.534800290613391,1,1,0,1,0,1,1,0,1,0,1,1,1,0,0,1,0,0,0,1,1,1,0,1,1,0,1,0,0,1,0,0,0,0,0,1,0,1,0,1
2743,-0.236420599193068,1,1,1,0,0,1,1,0,1,1,1,1,0,1,1,1,1,0,1,0,1,1,0,1,1,0,1,1,0,0,1,0,1,0,0,1,0,0,1,0
2744,0.426155782270533,1,0,1,0,0,1,1,0,1,0,1,1,0,0,1,1,1,0,1,0,1,1,0,0,1,0,0,0,0,1,1,0,0,1,0,1,1,1,0,0
2745,-0.579744965999569,0,0,1,0,0,1,1,0,1,1,0,0,0,0,0,1,0,0,1,0,1,1,1,0,1,0,0,0,1,1,0,0,0,1,0,0,1,1,0,0
2746,0.735155786588776,0,0,1,1,1,1,1,1,1,1,1,0,1,1,0,1,1,0,1,0,1,1,0,1,1,1,1,1,1,0,0,1,1,1,1,1,1,1,0,0
2747,-0.0313014647077828,0,1,0,1,1,1,1,1,1,1,1,0,0,1,0,1,1,1,1,0,0,1,1,1,1,0,1,0,1,1,0,0,1,1,0,0,0,1,0,0
2748,2.72624739792839,1,1,1,1,1,1,1,1,1,1,1,1,1,0,1,1,1,1,1,1,1,1,1,0,1,1,1,1,0,1,1,1,1,1,1,1,1,1,1,1
2749,-1.40177402922419,0,0,0,1,0,1,0,0,0,1,0,0,1,0,1,1,0,1,0,0,0,1,0,1,0,0,0,0,0,1,0,0,0,0,1,0,0,1,0,1
2750,-2.55603452193808,0,0,0,0,1,0,1,0,0,1,1,0,1,0,0,0,0,1,0,0,1,0,0,1,0,0,0,0,0,0,0,0,1,0,0,0,0,1,1,0
2751,-1.01886364906267,0,0,0,0,1,1,0,0,1,0,1,0,0,0,0,0,0,0,0,0,1,1,0,0,1,0,1,0,0,0,0,0,1,0,0,1,1,0,1,1
2752,-0.0058062869078434,0,0,0,0,0,1,0,0,1,1,1,1,0,0,1,1,1,1,1,0,1,1,0,1,0,1,1,0,1,1,0,0,1,0,1,0,0,1,1,0
2753,2.21847167114762,0,1,1,0,1,1,1,1,1,0,1,1,1,0,1,1,1,1,1,0,1,1,1,1,1,1,1,1,1,0,1,1,0,0,1,1,1,1,0,1
2754,0.825687042459949,0,1,0,0,1,1,1,1,1,0,0,0,0,0,1,1,1,0,1,0,1,1,1,1,1,1,1,1,0,1,0,1,1,0,1,1,1,1,1,1
2755,0.725814051104586,0,0,1,0,1,1,1,1,1,0,1,1,0,0,0,1,1,0,1,1,1,1,0,1,1,0,1,1,1,1,1,0,0,1,1,0,1,0,0,0
2756,0.673638970769651,0,1,1,0,0,1,1,0,1,1,1,1,1,1,1,1,1,1,1,1,1,1,1,1,1,0,1,0,0,1,0,0,1,1,0,0,1,1,1,0
2757,0.252404444110228,0,1,0,1,1,1,0,0,1,1,1,1,1,0,1,1,1,0,1,1,1,1,0,1,1,0,1,1,0,1,0,0,0,0,0,0,1,1,0,0
2758,-0.22906830079591,1,0,0,0,1,1,1,1,1,0,1,1,1,0,1,1,1,0,1,0,1,1,1,1,0,0,1,0,0,1,0,0,1,0,1,1,1,0,1,0
2759,0.3658532903316,1,0,0,1,1,1,0,0,1,1,0,0,0,0,1,1,1,1,1,0,0,1,1,1,0,1,0,1,1,1,0,0,0,1,1,0,1,1,1,1
2760,0.619620381831925,0,1,1,1,1,1,1,1,1,1,0,1,1,1,1,1,1,1,1,0,1,1,0,0,1,0,1,1,0,1,1,1,1,1,0,0,0,0,0,0
2761,0.405263761885282,0,0,1,1,0,1,0,0,1,0,1,1,1,1,0,1,1,1,1,0,1,1,1,1,1,0,0,1,0,1,0,0,1,1,0,1,0,1,1,1
2762,0.753005056396072,0,1,1,1,0,1,0,1,1,1,0,1,1,1,0,1,1,1,1,0,1,1,1,1,0,0,1,0,1,1,0,0,1,0,1,0,1,0,1,1
2763,0.193750635603115,0,1,0,1,1,1,0,0,1,1,1,0,1,0,1,1,1,0,1,1,1,1,1,1,1,0,0,1,0,0,0,0,0,1,0,1,1,0,0,0
2764,0.550999256938846,1,1,1,1,1,1,1,1,1,1,1,0,0,0,1,1,1,0,1,0,1,1,1,1,1,0,1,0,0,1,0,0,1,0,0,1,0,0,0,0
2765,-1.0955234688228,0,1,0,0,0,0,1,1,1,1,0,1,0,0,0,0,0,1,0,0,0,1,0,1,0,0,0,0,0,1,0,0,1,0,0,1,0,1,0,1
2766,0.801101799819151,1,1,0,1,1,1,1,1,1,1,0,1,1,0,1,1,1,1,1,1,1,1,1,1,1,0,1,1,0,1,0,1,1,1,0,1,1,1,1,0
2767,0.663841469566817,1,1,1,1,1,1,1,1,1,0,0,1,0,0,1,1,1,0,1,0,1,1,1,1,1,0,1,0,0,0,0,1,0,1,0,0,1,1,0,0
2768,-1.03942252519608,0,1,1,0,0,1,1,1,1,0,0,1,0,0,1,0,0,0,0,0,0,1,1,0,1,0,1,0,0,0,0,0,0,0,0,0,0,1,1,0
2769,-1.58532282303675,0,1,0,0,1,0,0,0,1,0,1,1,0,0,1,0,0,0,0,0,1,0,0,1,0,0,1,1,0,0,0,0,1,0,0,1,1,0,0,0
2770,-0.170714657350595,0,0,0,1,1,1,1,0,1,1,1,1,0,1,1,1,0,0,1,0,1,1,0,1,0,0,1,0,1,1,1,0,1,0,1,1,1,0,1,0
2771,0.97432855330602,1,0,1,1,0,1,1,1,1,1,0,1,1,1,1,1,1,0,1,0,0,1,1,1,1,1,1,0,1,1,1,0,1,1,0,0,1,1,0,0
2772,-1.51590478967347,0,1,0,1,1,1,1,0,1,1,0,1,1,1,1,0,0,1,0,0,1,0,0,0,0,0,1,1,0,0,0,0,0,0,0,0,0,0,0,0
2773,-1.53280883630239,0,1,0,1,0,1,0,0,0,0,1,1,0,0,1,0,0,0,0,0,1,0,1,1,1,0,0,1,0,0,0,0,0,0,0,0,0,0,0,0
2774,0.135807205731691,0,0,1,1,0,1,1,1,1,0,1,0,0,1,1,1,1,0,0,1,1,1,0,1,1,0,0,0,1,1,0,0,1,0,0,0,1,0,0,0
2775,-0.346942248945101,0,1,0,1,1,1,1,0,1,0,0,1,0,0,1,1,1,0,1,1,1,1,0,1,1,1,0,0,0,1,0,0,0,0,1,0,0,0,0,0
2776,-1.10050323673359,0,0,1,1,1,0,1,0,0,1,1,1,0,0,0,1,0,1,0,0,1,1,1,1,1,0,1,1,1,1,1,0,1,0,0,0,0,0,0,1
2777,0.693719200137372,1,1,1,1,0,1,1,1,1,0,1,1,0,0,0,1,1,0,1,1,1,1,1,0,0,1,1,0,0,1,1,1,1,1,1,0,1,0,1,0
2778,-0.0133731159603042,1,0,0,1,1,1,0,1,1,0,1,0,1,0,1,1,1,1,0,0,1,1,1,0,0,0,1,1,1,1,0,0,0,1,1,1,1,0,1,0
2779,-0.075443708154195,1,0,0,0,1,1,1,0,1,1,0,1,1,0,0,1,1,0,1,0,0,1,1,0,1,0,1,1,0,1,0,0,0,1,1,1,1,1,0,0
2780,-0.122923274132398,1,1,1,0,1,1,1,0,1,0,0,1,0,0,0,1,0,0,1,1,0,1,0,1,1,0,0,0,1,1,0,0,0,0,1,1,1,1,0,0
2781,-0.0292036130777977,1,1,0,1,1,1,1,0,1,1,0,1,1,0,0,1,1,0,1,0,1,1,0,0,1,0,1,0,0,0,1,0,1,0,1,1,0,0,0,1
2782,-0.684217409157638,0,1,0,0,1,1,1,0,1,1,1,1,0,0,1,1,0,0,0,1,1,1,0,0,0,0,0,1,0,1,1,0,0,0,1,1,1,0,1,0
2783,-1.15656785143936,1,1,0,0,1,1,1,0,1,0,1,0,0,0,0,0,0,0,0,0,1,1,1,0,0,0,0,0,1,0,0,0,0,0,0,0,0,0,0,0
2784,-0.402661198865699,0,1,0,0,0,1,1,0,1,1,1,1,1,0,1,1,0,1,0,0,1,1,1,0,1,1,0,0,1,1,0,0,0,0,0,1,0,1,0,0
2785,2.06177771283653,1,1,0,1,1,1,0,1,1,1,1,1,0,0,1,1,1,1,1,0,1,1,1,1,1,1,1,1,0,1,1,1,1,0,1,0,1,1,1,1
2786,-1.3915277001665,1,1,0,1,1,1,0,0,0,0,0,1,0,1,1,0,0,0,0,0,0,0,0,0,1,0,0,0,1,0,0,0,1,1,1,0,0,1,1,1
2787,-0.146530292914543,1,1,0,0,1,1,1,0,1,1,1,0,1,0,1,1,1,1,1,0,1,1,0,1,1,1,0,1,0,0,0,0,0,0,0,1,0,1,0,0
2788,0.907061933980256,1,1,0,1,0,1,1,1,1,0,0,1,1,0,1,1,1,0,1,0,1,1,1,1,1,0,0,0,0,1,0,0,0,0,1,1,1,0,0,0
2789,0.756572154609365,0,1,1,1,1,1,1,1,1,1,0,0,0,1,0,1,1,1,1,0,1,1,0,1,1,1,1,0,0,1,0,1,1,1,0,1,0,1,0,0
2790,-0.168264250536319,1,1,1,0,1,1,0,0,1,1,0,1,0,1,1,1,0,0,1,0,1,1,1,0,0,0,0,1,1,0,0,0,1,1,1,1,0,1,1,1
2791,-1.91290566037271,1,0,1,0,0,1,0,0,0,0,1,1,0,0,1,0,0,0,0,0,1,0,0,0,0,1,0,0,0,0,0,0,0,0,0,1,0,0,0,0
2792,2.46134324230352,1,1,1,1,1,1,1,0,1,1,1,1,0,0,1,1,1,1,1,1,1,1,1,1,1,1,1,1,1,1,0,1,1,1,1,0,0,1,0,1
2793,-1.59515984539793,1,1,0,1,1,0,1,1,0,1,1,0,0,0,0,0,0,1,0,0,1,1,1,1,0,0,0,0,1,0,1,0,0,0,0,0,0,0,0,0
2794,-0.777668724790059,0,0,0,0,0,1,0,0,1,1,1,1,1,0,0,1,0,1,0,0,1,1,1,0,1,0,0,0,1,1,0,0,0,1,1,0,0,1,1,1
2795,0.597878969303287,1,1,0,0,1,1,1,0,1,0,0,1,0,1,0,1,1,1,1,0,1,1,1,1,1,1,1,1,0,1,0,0,0,0,0,1,1,0,0,0
2796,0.00999860155478202,1,1,0,0,0,1,1,0,1,1,1,0,0,0,0,1,1,1,1,0,1,1,1,1,1,0,1,1,1,0,0,0,1,0,1,0,1,0,1,0
2797,-0.101815464102873,1,0,0,1,0,1,1,1,1,0,1,0,1,1,0,1,1,0,1,0,1,1,1,1,1,0,0,1,0,0,0,0,0,0,1,1,0,1,1,1
2798,-1.52280847115339,1,0,0,0,1,1,0,0,0,1,0,1,0,0,0,0,0,0,0,0,0,0,0,0,1,0,0,0,0,0,0,0,0,0,1,0,0,0,0,0
2799,-0.162916647181061,1,1,1,0,0,1,1,0,1,1,1,0,0,0,1,1,1,0,0,0,0,1,1,0,1,1,1,0,0,1,0,0,0,0,1,0,0,1,1,0
2800,0.0399982637792945,1,0,1,1,1,1,0,1,1,1,1,1,0,0,1,1,1,0,1,1,1,1,0,0,1,0,1,0,0,1,0,0,0,0,1,1,1,0,1,0
2801,1.71832337459256,0,1,0,1,1,1,1,0,1,0,1,1,1,0,1,1,1,0,1,1,1,1,1,1,0,1,1,1,1,1,1,1,1,0,0,0,0,1,1,1
2802,1.04643862078885,0,1,1,0,1,1,1,0,1,1,1,0,0,1,1,1,1,0,1,0,1,1,1,0,1,1,0,0,0,0,0,1,0,0,1,0,1,0,1,0
2803,-0.168269406123155,0,1,1,0,1,1,1,0,1,1,1,1,0,0,1,0,1,0,1,0,1,1,1,1,1,0,1,0,1,0,0,0,1,0,0,0,0,1,1,1
2804,-0.993064245496908,0,1,1,1,1,1,1,0,0,0,0,1,0,0,1,0,0,1,1,0,0,1,1,1,1,0,1,0,0,1,0,0,0,0,1,0,0,1,0,1
2805,-0.156545066813691,0,1,0,1,0,1,0,1,1,1,0,0,0,0,0,1,0,1,1,0,1,1,1,1,1,1,0,1,0,1,0,0,0,0,1,1,0,0,1,0
2806,0.950891493831539,1,1,0,1,1,1,1,1,1,0,0,1,1,0,1,1,1,1,1,0,1,1,1,0,1,1,1,0,1,1,0,0,1,1,1,0,0,0,1,0
2807,-0.304786527655423,0,0,0,0,1,1,1,0,1,1,1,1,0,1,1,1,0,1,0,0,1,1,1,1,0,0,1,0,0,0,0,0,1,0,0,0,0,0,1,1
2808,-0.439468375712053,0,1,0,0,1,1,0,1,1,0,0,1,0,0,1,1,0,1,1,0,1,1,0,1,1,0,1,1,0,0,0,0,1,0,0,0,1,1,0,0
2809,-1.13004703192515,0,1,0,0,0,0,1,1,0,1,1,1,0,0,1,0,0,0,0,0,1,1,0,0,0,0,0,1,1,0,0,0,0,0,1,0,0,1,0,0
2810,1.3606174664869,0,1,0,1,1,1,0,0,1,1,1,1,1,1,1,1,1,0,1,1,0,1,1,0,1,1,0,1,0,1,0,1,0,1,0,1,1,1,0,0
2811,0.453559037369329,0,0,0,0,1,1,0,0,1,1,1,0,0,1,0,1,1,0,0,0,1,1,1,0,0,0,1,1,1,1,0,0,0,1,0,0,1,1,1,1
2812,1.09611367801669,1,1,0,0,1,1,0,1,1,1,0,0,0,0,0,1,1,0,1,0,1,1,1,1,1,1,1,1,0,1,0,1,1,0,1,0,0,0,0,1
2813,-0.952497757153671,1,1,1,0,0,0,1,1,0,0,1,0,0,1,1,1,1,0,0,0,0,1,0,1,1,0,1,0,1,1,0,0,0,1,0,0,1,1,0,0
2814,0.835605739466608,1,1,0,0,0,1,0,1,1,1,0,0,0,0,1,1,1,0,1,0,1,1,1,0,1,0,0,1,0,0,0,1,1,1,1,1,0,1,0,1
2815,-0.591972133579046,0,1,0,1,1,1,0,1,1,1,0,1,0,1,1,1,0,1,1,0,0,1,1,1,0,0,1,0,1,1,0,0,0,0,0,0,1,0,1,0
2816,0.484762230420985,0,0,0,1,1,1,0,1,1,0,0,1,1,1,0,1,1,0,1,0,1,1,1,0,1,0,0,1,1,1,1,0,1,1,0,1,0,1,1,0
2817,2.10375123803832,1,1,0,0,1,1,0,0,1,1,0,1,1,0,1,1,1,1,1,0,1,1,1,1,1,1,1,0,0,1,0,1,0,1,0,1,1,1,0,1
2818,-1.57616464857181,0,1,0,0,1,0,0,1,1,0,0,1,0,1,0,0,0,0,0,0,1,0,0,0,1,0,0,1,0,0,0,0,0,0,0,0,0,0,1,0
2819,-2.72319237345209,0,0,0,0,0,0,0,0,0,0,0,0,0,0,1,0,0,0,0,0,1,0,0,0,1,0,0,1,0,0,0,0,1,1,0,0,0,1,0,0
2820,0.226335572565975,0,1,0,1,1,1,1,0,1,0,0,1,1,1,1,1,1,0,1,0,1,1,1,1,1,0,0,1,1,1,0,0,0,1,1,0,0,1,0,0
2821,-0.765465276943065,0,0,0,0,0,1,1,1,1,0,1,1,0,0,1,1,1,0,1,0,1,0,1,0,1,0,0,1,0,0,0,0,0,1,0,1,0,0,0,0
2822,-1.03133519038264,0,0,0,1,1,1,0,0,1,0,1,1,0,0,1,0,1,1,0,1,1,1,0,1,1,0,0,1,0,1,0,0,1,0,0,0,0,0,1,1
2823,1.79358165868178,0,1,0,0,1,1,1,0,1,1,0,1,1,1,1,1,1,0,1,1,1,1,0,1,1,0,1,0,1,1,1,0,1,1,1,1,1,1,0,1
2824,0.09176368527261,1,0,0,1,1,1,0,1,1,1,1,1,0,0,1,1,1,0,1,0,1,1,1,1,1,1,0,0,0,0,0,0,0,1,1,1,0,1,0,0
2825,1.40417611606504,1,1,0,0,1,1,0,1,1,1,1,1,1,1,1,1,1,1,1,0,1,1,1,1,1,0,1,1,1,0,0,1,0,1,0,1,1,1,0,0
2826,0.0652180068251578,0,1,1,1,0,1,1,1,1,0,1,0,0,0,0,1,1,0,1,0,1,1,0,1,0,1,0,0,1,0,1,0,0,1,0,0,1,0,1,1
2827,0.242555465867562,0,1,0,1,1,1,1,0,1,1,1,0,0,0,1,1,1,1,1,1,1,1,0,1,1,0,0,1,0,0,1,0,1,0,0,0,0,1,0,0
2828,0.445626324739274,0,0,1,1,1,1,1,1,1,1,1,0,0,0,1,1,1,0,1,1,1,1,0,0,0,0,0,0,0,1,0,0,1,1,1,0,1,1,0,1
2829,-0.329656345640976,0,1,0,0,1,1,1,0,1,0,1,1,0,0,1,1,0,1,1,0,1,1,0,0,1,1,0,0,1,0,0,0,1,1,1,0,0,1,0,0
2830,-2.15610591764069,0,1,0,1,1,0,0,0,0,0,1,0,0,0,1,0,0,0,0,0,0,0,0,0,1,0,0,0,0,0,0,0,0,0,0,1,1,0,0,0
2831,-0.667244023329707,0,1,0,0,1,1,1,0,1,0,0,1,0,0,1,1,0,0,0,1,1,1,1,1,1,0,0,1,1,1,0,0,1,0,0,0,0,1,0,0
2832,-0.0684446297550332,0,0,0,0,1,1,0,1,0,0,1,1,0,1,1,1,1,1,0,1,1,1,1,0,0,0,1,0,1,0,0,0,1,1,0,1,1,1,0,0
2833,-0.632675383671509,0,1,0,0,1,1,1,1,1,1,1,1,1,1,0,1,0,0,0,0,1,1,1,1,1,0,0,1,0,1,0,0,0,0,0,0,1,1,0,0
2834,-1.12662167262515,1,0,0,0,1,1,1,0,1,1,0,0,0,0,0,0,0,0,0,0,0,1,0,0,1,0,0,0,0,0,0,0,0,0,1,0,0,0,0,1
2835,2.24393383927685,0,1,1,1,1,1,1,1,1,1,1,1,0,1,1,1,1,1,1,1,1,1,1,1,1,1,1,0,1,0,1,1,1,1,1,0,1,1,0,0
2836,0.569936760352919,1,1,0,1,0,1,1,0,1,0,1,1,1,1,0,1,1,1,1,0,1,1,1,0,1,0,1,1,1,1,1,0,0,0,0,1,0,1,0,1
2837,1.17110853067561,1,1,0,0,0,1,1,1,1,1,0,1,0,1,1,1,1,0,1,1,1,1,0,1,1,0,1,0,1,1,1,1,0,1,0,1,1,1,1,0
2838,0.872176679417859,0,1,1,1,0,1,1,1,1,1,1,1,0,1,1,1,1,1,1,0,0,1,1,1,1,0,1,0,1,1,1,0,1,1,0,1,0,1,1,0
2839,-0.335308486433338,0,1,0,0,0,1,1,0,1,1,0,0,0,0,0,1,1,1,1,0,1,1,0,1,1,1,0,1,0,0,0,0,0,1,0,1,0,1,0,0
2840,-0.305643459764218,0,1,0,1,0,1,1,1,1,0,0,1,0,0,1,1,1,0,1,1,0,1,0,1,1,1,0,0,0,0,1,0,0,1,0,1,1,0,1,0
2841,0.825627689614079,0,1,0,0,1,1,1,0,1,1,1,1,0,0,1,1,1,1,1,0,1,1,1,0,1,0,0,0,1,0,0,0,0,0,0,0,1,0,1,1
2842,0.262360183971132,0,1,1,1,1,1,1,0,0,1,1,0,0,0,0,1,1,0,1,0,1,1,1,1,1,0,1,0,0,0,0,0,1,1,0,0,1,1,0,1
2843,-1.81997356077382,1,1,0,1,0,1,1,0,0,0,0,0,0,0,1,0,0,0,1,0,1,0,0,0,0,1,1,0,0,0,0,0,0,0,0,0,0,0,0,0
2844,-0.938311633297172,1,1,1,1,1,1,1,0,0,0,0,0,0,0,1,1,0,1,1,0,1,0,1,0,1,1,0,1,0,1,0,0,0,1,0,0,0,0,0,0
2845,0.658934902037056,0,1,0,1,1,1,1,1,1,1,1,0,1,0,1,1,1,1,1,0,1,1,0,1,1,0,1,1,0,0,0,1,0,0,1,1,1,1,0,0
2846,0.532259666675775,1,1,0,1,1,1,1,0,1,0,0,0,0,0,1,1,1,0,1,1,1,1,1,1,1,0,1,1,1,1,0,0,0,0,0,0,1,1,1,1
2847,-0.529846404470309,1,0,1,0,0,1,0,0,0,0,0,0,0,0,0,1,1,0,1,0,1,1,1,0,1,0,0,0,1,0,0,0,0,0,0,0,1,1,0,1
2848,-1.18626232612172,1,1,1,0,0,1,1,0,0,0,0,0,0,0,0,0,0,0,0,0,1,0,0,0,1,0,1,0,0,0,0,0,0,0,0,0,1,1,0,0
2849,-0.160356901251607,0,0,1,0,1,1,0,1,1,0,1,0,1,0,0,1,0,0,1,0,0,1,1,0,0,1,1,1,0,1,0,0,1,1,1,0,1,1,1,0
2850,0.0541462226088941,1,1,1,1,0,1,0,0,1,1,0,0,0,0,0,1,1,1,1,0,1,1,0,1,1,1,1,0,0,1,0,0,0,0,1,0,1,1,1,0
2851,0.313132477420967,0,0,0,0,1,1,1,1,1,1,0,1,1,0,0,1,1,1,0,1,0,1,0,1,1,0,1,0,1,1,0,0,1,0,1,0,1,0,1,0
2852,0.500431059340584,1,1,1,0,1,1,1,1,1,0,1,1,0,0,1,1,1,1,1,0,1,1,1,1,1,0,1,0,0,0,0,0,1,1,1,0,1,1,1,0
2853,0.2124967984005,0,1,0,0,0,1,1,0,1,0,0,1,0,1,0,0,1,1,1,1,1,1,0,1,1,0,1,0,0,1,0,0,1,0,1,1,1,0,0,0
2854,0.626513678810211,0,1,0,1,1,1,1,1,1,1,1,1,1,1,0,1,1,0,1,1,1,1,1,1,1,1,0,1,1,0,0,0,1,1,0,0,0,0,1,1
2855,0.508296606339614,1,1,1,1,1,1,1,1,1,1,1,1,0,0,0,1,1,1,1,1,1,1,1,1,1,0,0,0,1,0,1,0,0,0,0,0,1,1,0,0
2856,-0.815641182329002,0,1,0,1,1,1,0,0,1,1,0,0,0,0,0,1,0,0,0,0,0,1,1,1,1,0,0,0,1,0,0,0,1,0,0,1,0,0,0,1
2857,-2.15018858464185,0,0,0,0,1,0,1,0,0,0,0,1,0,0,1,0,0,0,0,1,0,0,0,0,0,0,1,0,0,0,0,0,0,0,1,0,0,1,1,0
2858,-1.20253332884406,0,1,0,0,0,1,0,0,1,1,0,0,0,0,1,0,0,0,0,0,0,1,0,1,1,0,1,1,1,0,0,0,0,1,0,0,0,1,0,1
2859,-0.883220450691419,0,1,1,1,0,1,0,0,1,0,1,1,0,0,1,0,0,0,1,1,1,1,0,0,1,1,0,0,1,1,0,0,1,0,1,1,0,0,0,0
2860,-0.123794952604449,0,0,0,0,0,0,1,0,1,1,1,1,1,0,1,1,1,1,1,0,1,1,0,0,1,0,0,1,1,0,0,0,1,0,0,0,0,1,1,0
2861,0.388164147380928,1,1,0,0,1,1,1,0,1,0,0,1,0,0,1,1,1,0,1,1,1,1,1,1,1,0,1,0,0,1,0,1,1,1,0,0,0,0,0,0
2862,0.851726670365965,0,1,1,0,1,1,0,0,1,0,1,1,0,0,1,1,1,0,1,1,0,1,1,1,1,0,1,0,1,1,0,0,1,1,1,0,1,1,1,0
2863,-1.35025408681726,1,1,1,0,1,1,0,1,0,1,1,1,1,0,0,0,0,1,0,0,0,0,0,0,0,0,0,0,0,0,0,0,1,0,1,1,1,0,1,1
2864,0.178751437723385,0,1,0,0,1,1,1,0,1,1,1,1,0,0,1,1,1,1,1,0,0,1,1,1,1,0,1,0,0,0,0,0,0,1,1,0,1,1,1,0
2865,-0.102185007109218,0,1,0,0,1,1,0,1,1,1,1,0,1,1,1,0,1,0,1,0,0,1,0,1,1,0,1,0,0,1,0,0,1,1,1,0,1,1,1,0
2866,-1.80904828580311,1,0,0,0,0,0,1,0,0,1,1,0,1,0,0,0,0,0,0,0,0,0,0,0,1,0,0,1,1,1,0,0,0,0,1,1,0,0,0,0
2867,0.0840008644424396,1,1,0,1,0,1,1,1,1,1,1,1,0,0,1,1,1,1,1,1,1,1,1,0,1,0,1,0,1,1,0,0,0,0,1,0,0,1,0,0
2868,0.263749531200301,0,1,0,1,0,1,1,1,1,1,0,1,1,1,0,1,1,0,1,0,1,1,1,1,0,0,1,0,1,1,0,0,0,1,0,0,1,1,0,0
2869,-0.162335282158875,1,1,1,1,1,1,1,0,1,1,1,1,1,1,0,1,1,0,1,0,1,1,1,0,0,1,1,1,0,1,0,0,0,1,1,1,0,1,0,0
2870,0.20734649481761,1,1,0,1,1,1,1,0,1,1,1,1,0,1,1,1,1,1,1,0,0,1,0,0,1,0,1,0,1,0,0,0,0,0,1,1,0,1,0,1
2871,1.16218540558617,0,1,0,1,1,1,0,0,1,1,1,0,1,0,1,1,1,0,1,1,1,1,1,1,1,0,1,0,1,1,0,1,0,0,0,0,0,1,0,1
2872,0.840947749236482,1,1,0,1,1,1,1,0,1,1,1,1,1,1,0,1,1,0,1,1,0,1,0,1,1,0,1,0,0,1,0,0,1,1,0,1,0,1,0,0
2873,0.762221447628339,1,1,0,0,1,1,1,0,1,1,1,1,0,1,1,1,1,0,1,1,0,1,0,1,1,0,0,0,1,1,0,0,0,0,1,0,1,1,1,1
2874,-0.396372944589729,1,0,1,0,0,1,1,0,1,0,0,1,0,0,0,1,1,0,1,0,0,1,0,1,1,1,0,0,0,0,1,0,1,0,1,1,0,0,0,0
2875,-0.226847804296667,1,1,0,1,1,1,1,1,1,1,0,1,1,1,1,1,1,0,1,0,1,1,1,1,0,0,0,0,1,1,0,0,1,1,0,1,1,1,0,0
2876,0.622766921671182,1,0,0,1,1,1,0,1,1,0,0,0,1,0,0,1,1,1,1,1,0,1,1,1,1,0,1,0,1,0,0,0,1,0,1,0,1,0,0,0
2877,-1.2997896171732,0,0,0,0,1,1,0,0,0,0,1,1,0,0,0,0,1,1,0,0,1,0,0,1,1,0,0,0,0,1,0,0,0,0,0,0,0,1,0,0
2878,-1.53397676765343,0,0,0,1,1,0,0,0,1,1,1,1,0,0,0,0,0,1,0,0,0,0,1,1,0,0,0,1,1,0,0,0,0,0,0,0,1,1,0,0
2879,-0.629178264011401,0,1,0,1,0,1,0,0,0,1,0,0,1,1,1,1,1,1,1,0,0,1,1,0,0,0,0,0,1,1,0,0,0,1,0,0,0,1,0,1
2880,0.196217020047981,1,1,0,1,1,1,0,1,1,0,1,1,1,0,0,1,1,0,1,0,1,1,0,0,1,1,1,0,1,0,0,0,0,0,1,0,1,1,1,1
2881,2.24387098221328,1,1,1,1,1,1,1,1,1,1,0,1,1,0,1,1,1,0,1,1,1,1,1,0,1,0,1,0,1,1,1,1,1,1,0,0,1,1,1,1
2882,0.713755555561845,1,1,1,1,1,1,1,1,1,0,1,0,0,0,1,1,1,0,1,0,1,1,1,1,1,0,0,1,1,1,0,0,0,0,1,0,1,1,1,1
2883,-0.160027586630207,1,1,0,0,0,1,0,1,1,0,1,0,0,0,1,1,1,0,1,0,1,1,0,1,1,0,0,0,0,0,0,0,0,1,1,0,1,1,0,1
2884,-0.274072886221097,0,1,0,1,1,1,0,0,1,1,1,1,0,0,1,1,0,1,1,1,0,1,0,0,1,0,0,1,0,1,0,0,0,0,0,0,0,0,0,1
2885,-0.909306981571147,0,1,0,0,1,1,1,0,1,1,1,1,0,1,0,1,0,0,0,0,1,1,0,1,1,0,0,0,0,0,0,0,0,1,1,1,1,1,0,0
2886,1.0557530343514,1,1,1,1,1,1,1,0,1,0,0,1,0,1,0,1,1,1,1,0,1,1,0,1,1,0,0,0,1,1,1,0,0,1,0,0,1,1,0,1
2887,1.18120824519835,1,1,0,0,1,1,1,1,1,1,0,0,0,1,1,1,1,1,1,1,1,1,1,1,1,0,0,1,0,1,1,1,1,1,1,0,1,0,1,1
2888,2.62533941669641,1,1,1,0,1,1,1,1,1,1,1,1,1,1,1,1,1,1,1,1,1,1,1,1,1,1,1,0,0,1,1,1,0,1,1,1,1,1,1,1
2889,1.20807267512745,0,0,1,1,1,1,1,1,1,1,1,1,1,1,1,1,1,1,1,0,1,1,1,1,0,1,1,1,1,1,0,0,1,0,1,1,1,1,0,0
2890,-2.0368660563842,0,0,0,1,1,0,0,0,0,0,1,0,0,0,0,0,0,0,0,0,1,0,0,0,0,0,0,1,0,0,0,0,1,0,0,1,1,1,0,0
2891,-0.652261405431688,1,1,0,1,0,1,0,1,1,1,0,1,1,0,1,1,0,0,0,0,1,0,0,0,1,0,1,1,1,0,0,0,1,0,1,0,1,0,1,1
2892,-0.160681692055733,0,1,1,1,1,1,0,1,1,0,1,1,0,0,1,0,0,0,1,0,1,1,0,1,1,0,0,0,0,0,1,0,1,1,1,0,1,1,0,1
2893,-0.5058950577882,1,1,1,0,0,0,0,1,1,1,1,1,0,0,1,1,0,0,0,1,0,1,0,1,1,0,1,0,0,0,0,0,0,0,0,0,1,1,0,0
2894,-0.777674777902664,0,0,0,0,1,1,0,0,1,0,0,0,0,0,0,1,0,1,1,0,0,1,1,1,1,0,0,1,1,1,0,0,0,1,0,0,1,1,0,0
2895,-0.202326668629221,1,0,0,0,0,1,1,0,1,0,1,0,0,1,0,1,1,0,1,0,1,1,1,0,0,0,0,0,1,0,0,0,1,0,0,0,0,0,1,0
2896,0.188953655621814,1,1,1,0,1,1,1,0,1,0,1,1,0,0,1,1,1,0,1,0,1,1,1,0,1,0,1,0,1,1,0,0,1,0,1,0,0,1,0,1
2897,1.90782507966995,0,0,0,1,0,1,0,1,1,1,1,1,1,1,1,1,1,1,1,0,1,1,1,1,1,0,1,1,0,0,1,1,1,1,1,0,1,1,1,1
2898,1.53306497767455,1,1,1,0,1,1,0,1,1,1,0,0,0,1,0,1,1,1,1,0,1,1,1,1,1,0,1,1,0,1,1,1,1,0,1,0,1,1,1,1
2899,0.558082587471294,1,1,0,1,1,1,1,1,1,1,1,1,0,1,1,1,1,0,1,0,1,1,1,1,1,0,1,0,1,0,0,0,0,0,1,0,0,1,0,0
2900,-0.0521353877265818,1,1,0,0,1,1,1,0,1,0,0,1,1,1,1,1,0,0,1,1,0,1,1,0,1,1,0,0,1,0,0,0,0,1,0,0,1,0,1,0
2901,-0.867669839728242,0,1,0,0,1,1,1,0,1,0,0,0,0,0,1,1,0,0,1,0,0,1,1,0,0,0,0,1,1,0,1,0,1,0,1,0,0,0,0,0
2902,1.51694213691629,1,0,1,1,1,1,0,0,1,1,0,1,1,1,1,1,1,0,1,0,1,1,1,1,1,0,1,1,0,1,0,1,1,0,0,1,0,1,1,1
2903,0.720974551456306,0,0,1,1,1,1,1,1,1,1,1,1,0,0,1,1,1,1,1,0,0,1,1,1,1,0,1,1,1,1,1,0,0,1,1,0,1,1,1,1
2904,-1.51004779940102,0,1,0,0,0,1,0,1,0,1,1,0,0,0,1,0,0,1,1,0,1,0,0,0,1,0,0,1,1,0,0,0,1,0,0,0,0,0,0,0
2905,-1.23215465766727,0,1,1,0,0,1,1,1,1,1,0,0,0,0,0,0,0,0,0,1,1,0,1,1,1,0,1,0,0,0,0,0,1,0,0,1,1,1,0,0
2906,0.656108324197987,0,0,1,1,1,1,1,1,1,0,1,0,0,1,0,1,1,1,1,0,1,1,0,1,0,0,1,0,1,0,1,0,1,0,0,0,1,0,0,0
2907,-2.10452139094562,0,0,0,0,1,1,1,0,0,1,0,0,0,0,0,0,0,1,0,0,0,0,1,0,0,0,0,0,0,0,0,0,0,0,0,0,1,0,0,0
2908,0.197108028633134,0,1,0,1,0,1,0,0,1,0,1,1,0,0,1,1,1,1,1,0,1,1,1,0,0,1,0,1,1,0,0,0,1,1,0,1,0,1,0,0
2909,-0.351864180795721,0,0,1,0,1,1,1,1,1,0,0,1,1,0,0,1,1,1,1,0,1,1,1,1,1,0,0,1,0,1,0,0,1,0,1,0,1,0,1,0
2910,-0.606905834789946,0,1,1,1,0,0,1,0,0,1,1,1,0,1,1,1,1,0,0,0,1,1,1,0,0,0,0,1,0,0,0,0,0,0,0,1,1,0,1,1
2911,-0.29116432228859,1,0,1,0,1,1,1,0,1,1,0,1,0,1,1,1,1,1,1,0,1,1,0,0,0,1,0,1,0,1,1,0,0,0,1,0,1,0,0,0
2912,-1.39781856561473,1,0,0,0,0,1,1,0,0,1,1,1,0,0,1,0,0,1,0,0,0,1,1,0,1,0,0,0,0,0,0,0,0,0,1,0,0,0,0,0
2913,1.97749145528186,0,1,1,0,1,1,1,0,1,1,0,1,0,0,1,1,1,1,1,1,1,1,1,1,1,1,1,0,1,1,0,1,1,0,0,1,1,1,1,1
2914,-2.27036311555249,0,1,0,0,0,0,0,1,0,0,0,1,0,0,0,0,0,1,0,0,0,0,0,0,0,0,0,0,0,0,0,0,0,0,0,0,0,1,0,0
2915,0.711774358010869,1,1,0,0,1,1,1,1,1,1,1,1,0,1,1,1,1,0,1,0,1,1,1,1,0,1,0,1,0,1,0,0,0,1,1,0,0,1,1,0
2916,-1.05468281150867,0,1,0,0,1,0,1,0,0,1,1,1,0,0,1,1,0,0,0,0,0,0,1,1,1,0,0,0,0,1,0,0,0,0,0,0,0,1,0,1
2917,-0.0936272181563538,1,1,0,0,1,1,1,0,1,1,1,1,0,1,0,1,1,1,1,0,1,1,1,1,1,1,1,0,0,0,0,0,0,0,0,0,1,1,0,0
2918,-0.0888995619071064,0,1,1,0,1,1,1,0,1,0,0,0,1,0,1,1,0,0,1,1,1,1,0,1,1,0,1,1,0,0,1,0,1,0,0,1,1,1,0,0
2919,-0.170059469986626,0,1,0,1,1,1,1,0,0,1,1,0,0,0,1,1,1,0,1,0,1,1,0,1,1,0,0,1,0,1,0,0,1,0,1,0,1,0,1,0
2920,-0.0634177611285841,0,0,1,1,0,1,1,0,1,0,0,1,0,0,0,1,1,0,1,0,1,1,1,1,1,0,0,0,1,1,0,0,0,0,0,0,0,0,0,0
2921,0.72388134307126,0,1,1,1,0,1,0,1,1,1,1,1,1,0,1,1,1,1,1,1,1,1,1,0,1,0,1,0,0,1,0,0,1,1,1,0,0,1,1,0
2922,-1.47980030651701,0,0,0,1,1,1,1,0,0,0,0,1,0,0,0,0,0,0,0,1,1,0,0,0,1,1,1,0,1,1,0,0,0,0,0,0,0,1,0,0
2923,-0.188867795313575,0,1,0,0,1,1,0,1,1,1,1,1,0,1,0,1,1,1,1,0,1,1,0,0,1,1,0,1,1,1,0,0,0,1,1,1,1,0,1,1
2924,-1.39783046442205,0,1,0,0,0,1,0,1,1,0,0,0,0,0,1,0,0,0,0,0,1,0,0,0,1,0,1,0,1,0,0,0,0,0,0,0,1,0,0,0
2925,-0.542635104426481,0,0,0,0,1,1,1,0,1,1,0,1,1,0,0,1,0,1,1,0,0,1,1,1,1,1,1,0,0,0,0,0,1,0,0,0,1,1,0,0
2926,-1.24241533659522,0,0,0,1,1,1,0,0,0,0,0,0,0,0,1,0,0,0,0,0,0,0,1,1,1,0,0,0,0,0,0,0,1,0,1,0,0,0,0,0
2927,1.07666103630047,0,1,0,1,0,1,1,1,1,1,1,1,1,1,0,1,1,1,1,0,1,1,1,1,1,1,1,0,1,0,1,0,1,0,0,0,1,1,1,1
2928,-1.17955466803396,0,0,0,0,1,1,1,1,1,0,1,1,1,0,0,0,0,0,0,0,1,0,1,0,0,0,1,1,0,0,1,0,0,0,0,0,0,0,1,0
2929,-0.174983440363246,0,1,0,0,1,1,1,0,1,1,1,0,0,0,1,1,1,0,0,0,0,1,1,1,1,1,0,1,0,1,0,0,0,0,0,0,1,1,0,0
2930,0.765899343223658,1,1,0,0,1,1,1,1,1,1,1,0,1,0,1,1,1,0,1,0,1,1,1,1,0,0,1,0,1,1,0,0,1,1,0,0,0,1,1,0
2931,-0.620059062656054,0,1,0,1,0,1,1,1,1,1,1,1,0,1,0,1,0,0,1,0,1,1,0,0,0,0,0,0,0,0,0,0,0,0,0,1,1,1,0,1
2932,-0.358849814569526,0,1,1,0,1,1,0,1,1,0,1,1,1,1,1,1,1,1,1,0,1,1,0,1,1,0,0,0,0,0,0,0,0,0,1,0,0,1,1,0
2933,0.075773799539932,1,1,1,0,0,1,0,0,1,1,1,0,0,0,1,1,1,0,0,0,0,1,0,1,1,0,0,0,0,1,0,1,0,0,0,0,0,0,1,0
2934,0.0816799541881824,0,1,0,0,0,1,1,0,1,1,1,0,0,0,1,1,1,1,1,0,1,1,1,1,1,0,0,0,1,1,0,0,1,0,1,1,0,1,1,0
2935,-0.585697578669266,0,1,0,1,1,1,1,0,1,0,1,0,0,0,1,0,0,1,0,1,0,1,1,1,0,0,0,0,0,1,1,0,0,0,1,0,0,0,0,0
2936,-1.73319786485378,0,0,0,1,1,1,1,1,0,1,1,1,0,0,0,0,0,0,0,0,1,0,1,0,1,0,0,1,0,1,0,0,1,0,0,0,0,1,1,0
2937,0.696868569028036,0,1,0,0,1,1,1,0,1,1,1,1,0,0,1,1,1,0,1,0,1,1,1,1,0,0,1,1,0,1,0,0,1,0,1,1,1,1,1,0
2938,0.684160969627839,1,0,0,1,1,1,1,0,1,1,1,1,0,0,1,1,1,0,1,0,1,1,1,0,1,1,0,0,1,1,0,1,1,1,1,0,0,0,0,0
2939,-0.632373280813686,0,0,0,1,1,1,0,0,0,0,0,0,0,0,0,1,1,0,1,1,1,1,1,0,1,0,1,1,1,0,1,0,0,1,0,0,1,0,0,0
2940,0.202281372451755,0,0,0,0,1,1,1,0,1,1,1,1,0,0,1,1,0,1,1,1,1,1,1,1,1,0,0,1,1,0,0,0,0,0,1,0,1,1,0,0
2941,-1.48770006650191,0,0,0,0,1,1,1,0,0,1,1,0,1,1,1,0,0,1,0,0,0,1,0,1,0,0,0,1,0,0,0,0,1,0,0,0,0,0,0,0
2942,-2.12252182005316,0,0,0,0,1,0,0,0,0,0,0,0,0,0,1,0,0,0,0,0,1,0,1,0,0,1,0,0,0,0,0,0,1,0,1,0,1,0,0,1
2943,-0.5130011043233,0,0,1,0,0,1,0,1,1,1,1,1,0,0,1,1,1,0,1,0,1,1,1,0,1,0,1,1,0,0,0,0,1,0,0,0,1,0,1,0
2944,1.44660566381349,1,1,0,1,0,1,1,1,1,0,1,1,0,1,1,1,1,1,1,1,1,1,1,1,1,0,1,1,1,1,1,0,1,0,0,0,1,1,0,0
2945,-1.45259897820664,0,0,1,1,0,1,0,0,1,0,1,1,0,0,1,0,0,0,0,0,0,1,1,1,1,0,0,1,1,1,0,0,0,0,0,0,0,0,0,0
2946,0.632282124864895,0,0,1,0,1,1,1,1,1,1,1,1,0,1,1,1,1,1,1,1,0,1,1,1,1,0,1,1,1,1,1,0,0,1,0,0,0,0,0,0
2947,0.959967474753475,1,1,0,0,1,1,1,0,1,1,1,1,0,1,0,1,1,1,1,0,1,1,1,1,1,0,0,1,1,1,0,1,0,1,0,1,0,1,1,0
2948,-2.45392683702656,0,0,0,0,1,0,1,0,0,1,1,1,0,1,1,0,0,1,0,1,1,0,0,1,1,0,0,1,0,1,0,0,0,0,0,0,0,0,0,1
2949,1.65464550030303,0,1,1,1,1,1,1,1,1,1,1,1,1,0,1,1,1,1,1,1,1,1,1,1,1,0,1,1,0,0,1,1,1,0,0,0,0,1,1,0
2950,-0.728170243480536,1,0,0,0,1,1,1,1,0,1,1,1,1,0,0,0,0,1,0,0,1,1,1,1,0,0,0,0,1,0,0,0,0,0,0,0,0,1,1,1
2951,0.772237276039151,1,1,0,0,1,1,1,0,1,1,1,1,0,0,0,1,1,0,1,1,1,1,0,0,1,0,0,1,0,1,0,0,1,0,1,1,1,1,0,0
2952,-0.202650808629772,1,1,1,1,0,1,1,0,1,1,1,1,1,1,0,1,1,0,1,1,1,1,1,0,0,1,0,0,1,0,0,0,0,1,1,0,0,0,1,1
2953,0.758945826503718,0,0,0,1,1,1,1,0,1,1,1,0,1,0,1,1,1,0,1,1,1,1,0,1,0,0,0,0,0,1,0,1,1,0,1,0,1,1,1,0
2954,-0.395628722028077,1,1,0,1,0,1,1,0,1,0,1,0,1,0,1,0,1,0,1,1,1,1,0,1,1,0,0,0,1,0,0,0,1,0,1,0,0,1,0,1
2955,0.626118134879335,1,1,0,0,0,1,1,0,1,0,1,1,0,0,1,1,1,0,1,0,1,1,1,1,0,0,1,0,1,1,0,0,1,1,1,0,1,1,0,0
2956,-2.38825408793717,0,1,0,1,1,0,1,0,0,1,0,0,0,0,0,0,0,1,0,0,1,0,1,1,1,0,0,0,0,0,0,0,1,1,1,0,0,1,0,0
2957,-0.305462425517451,0,1,1,0,1,1,1,1,0,1,1,1,1,0,1,1,0,0,1,0,1,1,0,1,1,1,0,0,0,1,0,0,1,0,1,0,0,0,0,0
2958,-0.652971291472508,1,0,1,0,1,1,0,0,1,1,1,1,0,0,1,1,0,0,1,0,0,1,1,1,1,0,0,0,0,0,0,0,0,0,0,0,1,0,0,0
2959,-0.491625624654665,0,1,1,1,0,1,1,0,1,0,1,1,1,0,0,1,1,1,1,0,0,1,1,0,1,0,1,1,1,0,0,0,1,0,1,1,0,1,0,1
2960,-1.00121178882731,1,0,0,1,0,1,0,0,1,0,0,1,1,0,0,1,0,0,0,0,0,0,0,0,1,0,1,1,0,0,1,0,0,0,1,0,0,0,0,0
2961,-0.421674331850332,1,1,1,0,1,1,0,0,1,1,1,1,0,0,1,0,1,0,1,0,1,1,1,0,1,0,0,1,1,0,0,0,1,0,1,1,0,1,1,0
2962,-0.376624638434398,1,1,1,0,1,1,1,1,1,1,1,1,0,0,1,0,1,1,1,0,0,1,0,1,1,0,1,0,1,1,0,0,0,0,1,0,1,1,1,0
2963,-1.38885883973368,0,1,0,0,1,1,0,0,0,0,0,1,0,1,1,0,0,0,0,0,1,0,1,1,0,1,1,0,0,1,0,0,0,0,1,0,0,0,0,0
2964,-0.626157575179373,0,0,1,0,1,1,1,1,1,1,1,1,0,1,0,1,0,1,1,0,0,1,0,1,0,0,0,1,0,0,0,0,1,0,1,0,0,0,0,0
2965,1.07665300675928,1,0,1,1,1,1,1,0,1,0,1,1,0,1,1,1,1,1,1,0,1,1,1,1,1,0,1,1,0,0,0,1,0,1,1,1,1,1,1,0
2966,1.48054696377495,1,1,1,0,1,1,1,1,1,1,1,1,0,0,1,1,1,1,1,1,1,1,1,1,1,1,1,0,0,1,0,1,0,1,0,1,1,1,0,1
2967,-0.543094325971366,0,1,0,0,1,1,1,0,1,0,0,1,0,0,0,1,1,0,1,1,1,1,1,0,0,0,1,1,1,1,0,0,0,0,0,1,0,1,1,1
2968,1.04956044297849,0,1,0,1,1,1,1,0,1,1,1,1,0,0,1,1,1,0,1,1,1,1,0,1,0,0,0,0,1,1,1,1,0,0,1,0,1,0,1,0
2969,1.08370589017139,0,1,0,1,1,1,1,1,1,0,1,0,1,0,1,1,1,1,1,1,1,1,1,0,1,0,0,0,1,1,0,0,1,0,1,0,1,1,0,0
2970,0.537219521251398,1,0,1,0,0,1,1,0,1,1,1,1,0,0,0,1,1,0,1,0,0,1,1,1,1,0,1,0,0,1,1,0,0,1,1,0,1,1,0,0
2971,1.19400585654838,0,1,1,1,1,1,0,1,1,1,0,1,0,1,1,1,1,1,1,1,1,1,0,1,1,1,1,0,1,0,0,0,1,0,0,1,1,1,1,0
2972,-0.386365984973957,0,1,1,0,1,0,1,0,1,1,1,1,0,1,1,1,0,0,1,0,0,1,0,1,1,1,0,0,1,0,1,0,0,1,1,1,1,1,0,0
2973,-0.0999220660679419,1,1,0,1,0,1,1,1,1,0,0,0,0,0,0,1,0,0,1,0,1,1,0,1,1,1,1,1,1,0,0,0,1,1,0,1,0,1,0,0
2974,-1.71799813015927,0,1,0,1,0,0,0,0,0,1,0,0,0,0,0,0,0,0,0,0,0,0,0,0,0,0,0,0,0,0,0,0,0,0,0,0,1,0,0,0
2975,0.122890319271143,0,0,0,0,0,1,1,1,1,1,1,1,0,1,1,1,1,0,1,0,1,1,0,0,1,0,0,1,0,0,0,0,1,1,0,1,0,0,0,1
2976,-0.291464009438723,1,0,1,0,1,1,1,1,1,1,0,1,0,1,0,1,1,0,0,0,1,1,0,0,1,1,0,0,1,0,1,0,0,0,0,1,1,1,1,0
2977,-0.35117252498551,1,0,0,1,0,1,1,0,1,1,0,0,1,0,0,0,1,1,1,0,1,0,0,1,1,1,0,0,1,0,1,0,1,0,0,0,0,1,0,0
2978,1.46222059843674,1,1,0,0,0,1,0,0,1,0,1,1,1,1,1,1,1,0,1,0,1,1,1,1,1,1,1,0,0,1,1,1,0,1,1,0,1,1,1,0
2979,-0.281492024748995,0,1,0,1,1,1,1,0,1,1,0,1,0,0,1,1,1,0,1,1,1,1,0,0,1,0,0,1,0,0,1,0,0,0,0,0,1,0,0,0
2980,-0.638652696910725,0,0,1,1,1,1,1,0,1,0,1,1,0,1,1,0,0,0,0,1,1,1,1,1,1,0,0,1,1,0,0,0,0,0,1,1,1,0,0,0
2981,1.71031320292696,0,1,0,1,1,1,1,0,1,1,1,1,1,1,1,1,1,1,1,1,1,1,1,1,1,1,1,1,0,1,1,1,0,1,1,1,1,1,1,1
2982,-0.233741477551085,1,0,0,1,1,1,1,0,1,1,1,1,0,0,1,1,1,1,1,1,0,1,1,1,0,0,0,1,0,1,1,0,0,1,0,0,1,0,0,0
2983,0.39048023545917,1,1,0,1,1,1,0,1,1,0,1,1,0,0,1,1,1,0,1,0,0,1,1,1,1,0,1,0,1,1,0,0,0,0,0,1,1,0,1,0
2984,-1.39065877721444,0,0,0,1,0,1,1,0,0,1,1,1,0,0,1,0,0,0,0,0,0,1,1,0,0,0,0,0,0,1,0,0,0,0,1,1,1,0,0,0
2985,-1.68625419764116,0,1,0,1,0,0,0,1,0,1,0,0,0,0,0,1,0,0,1,0,0,0,1,1,0,1,0,0,0,0,0,0,1,1,1,0,0,1,0,0
2986,0.22114333536533,0,1,0,0,1,1,1,1,1,0,0,1,0,1,1,1,1,1,1,0,1,1,0,0,1,0,1,1,1,0,0,0,0,0,0,0,1,1,0,0
2987,-0.710990230078402,1,1,1,0,1,1,1,1,1,0,1,1,0,1,0,0,0,0,1,0,0,1,1,0,0,0,1,0,1,1,0,0,0,1,0,1,1,1,1,0
2988,-0.0574469770637884,1,1,0,1,1,1,1,1,1,1,0,0,0,0,0,1,1,0,1,0,1,1,0,1,0,0,1,0,0,1,0,0,0,1,0,1,1,0,0,0
2989,-2.15900102393898,0,1,0,0,1,1,0,1,0,0,0,1,1,1,0,0,0,0,0,0,0,0,0,0,0,1,0,0,0,0,0,0,0,1,0,0,0,0,0,1
2990,-0.99679333167406,0,1,0,1,1,1,1,1,1,1,1,1,0,0,1,0,0,1,0,0,1,1,1,1,1,0,0,1,1,0,0,0,1,0,0,0,1,1,0,0
2991,1.31939378500862,1,1,1,1,1,1,1,0,1,1,1,0,1,0,0,1,1,1,1,0,1,1,1,1,1,0,0,0,1,0,0,1,1,0,1,1,1,0,1,0
2992,0.622906143090494,0,1,0,1,1,1,1,1,1,0,1,0,0,1,1,1,0,1,1,1,1,1,0,0,1,0,0,1,1,1,0,0,1,0,0,1,1,1,0,0
2993,-0.102506707991755,1,0,0,1,1,1,1,0,1,1,0,0,0,1,1,1,1,1,1,1,1,1,1,0,1,0,1,1,0,1,0,0,1,0,1,1,0,0,0,0
2994,0.0284736831639385,1,1,0,1,1,1,1,0,1,1,1,1,1,0,0,1,1,0,1,0,1,0,1,1,1,0,1,0,0,1,0,0,0,0,0,0,0,0,0,0
2995,0.819014695180115,1,1,0,1,1,1,1,0,1,0,0,1,1,0,0,1,1,0,1,1,0,1,1,1,1,1,1,1,1,1,0,0,1,1,0,0,1,1,0,1
2996,-0.993792186334078,1,0,1,1,0,1,0,0,1,1,1,1,0,0,0,1,1,0,0,1,1,1,0,0,1,0,0,1,1,1,0,0,0,0,0,1,0,1,0,0
2997,0.958358693664278,1,0,1,1,1,1,1,1,1,1,1,1,1,0,0,1,1,1,1,1,1,1,1,1,1,1,1,0,0,1,0,1,0,0,1,1,1,0,1,1
2998,-0.41381357950028,1,1,0,0,0,1,1,0,1,0,1,1,1,0,1,1,1,1,1,0,0,1,1,0,1,1,0,1,0,0,0,0,1,0,1,0,1,1,0,0
2999,-0.53726215197823,1,1,0,1,1,1,1,0,1,0,0,1,0,0,1,1,0,0,1,0,0,1,1,0,0,0,1,0,1,0,0,0,0,0,0,0,1,0,0,0
3000,1.06322382609606,1,1,1,1,1,1,1,1,1,1,0,0,0,1,1,1,1,1,1,0,1,1,0,0,1,0,1,0,1,1,1,1,1,0,1,1,1,1,0,0
3001,1.08318997508513,0,1,1,0,1,1,1,1,1,0,1,0,1,0,1,1,1,0,1,1,1,1,0,0,1,0,0,1,0,1,1,1,0,1,0,0,1,1,0,1
3002,0.984358118386227,0,1,1,0,1,1,1,1,1,0,1,1,0,1,1,1,1,1,1,0,0,1,1,1,1,1,1,1,1,1,0,0,1,1,1,1,1,1,0,1
3003,-0.945805307661123,1,1,0,0,1,1,0,1,1,0,1,1,0,0,0,1,1,0,0,0,1,1,0,0,1,0,1,0,1,1,0,0,0,0,0,0,1,1,1,0
3004,-1.19910049851937,0,0,0,1,1,1,1,1,0,0,0,1,0,0,1,0,0,0,0,0,0,1,1,0,1,1,0,1,0,0,1,0,0,0,0,0,1,1,0,0
3005,-0.425487223195114,1,1,1,0,0,1,1,0,1,1,1,0,0,0,1,0,1,1,0,0,1,1,0,0,1,0,0,0,0,0,0,0,1,0,0,0,1,1,0,0
3006,-0.769142013909934,0,1,0,0,0,1,0,0,1,0,1,0,0,0,0,1,1,0,0,0,1,1,1,1,1,1,1,1,0,1,0,0,0,0,1,1,0,0,1,0
3007,0.806421248657051,0,0,1,0,0,1,1,0,1,1,0,0,0,0,1,1,1,0,1,0,1,1,0,1,1,0,1,1,0,1,1,0,0,1,0,0,0,0,0,0
3008,0.0134479033046359,0,1,0,1,0,1,1,0,1,0,1,1,0,0,1,1,0,0,0,1,0,1,1,1,1,0,1,0,0,0,0,0,0,0,1,0,1,1,0,1
3009,0.459339926591682,0,0,0,0,1,1,0,1,1,0,0,1,1,0,1,1,1,1,1,1,0,1,1,0,0,0,1,0,0,0,0,0,0,0,1,0,1,1,0,0
3010,-1.00497772695227,0,1,0,1,1,1,0,0,0,1,1,0,0,0,1,1,0,0,1,1,1,0,0,1,1,0,0,0,1,1,1,0,0,1,0,1,0,0,0,1
3011,-1.4544689387484,0,0,1,0,0,0,1,0,1,0,0,1,1,0,0,0,0,0,0,0,1,1,1,1,1,1,0,0,0,1,0,0,0,0,1,0,1,0,0,0
3012,1.39142971056619,0,1,0,1,1,1,1,1,1,1,1,1,0,0,1,1,1,0,1,1,1,1,0,1,1,0,1,1,1,1,1,1,1,0,1,1,0,0,1,0
3013,-1.84872563304226,0,0,0,0,0,1,0,1,0,0,0,0,0,0,0,0,0,1,0,1,1,0,1,0,1,0,0,0,0,1,0,0,0,0,0,0,0,1,0,0
3014,-2.27517162320472,0,0,0,0,0,0,0,0,0,0,1,0,0,0,0,0,0,0,0,0,0,0,0,1,1,0,0,0,0,1,0,0,1,0,0,0,0,1,0,0
3015,-0.0775018333352878,0,0,1,0,0,1,1,0,1,0,1,1,0,0,1,1,1,1,1,1,1,1,1,1,0,0,1,1,1,1,0,0,1,0,1,1,1,1,0,1
3016,-0.868195139562361,0,1,0,0,0,1,1,1,1,0,0,0,1,0,1,1,0,0,1,1,1,1,0,1,1,1,0,0,0,0,0,0,1,0,0,1,0,0,0,0
3017,0.231339195778863,0,0,1,0,1,1,1,1,1,1,1,1,0,1,1,1,1,0,1,1,1,1,1,0,0,1,1,1,1,1,1,0,1,0,1,0,1,1,1,0
3018,-0.729069655562335,0,1,1,0,1,1,0,0,1,1,1,0,0,1,1,1,1,0,1,0,1,1,1,0,1,0,0,0,1,0,0,0,0,0,0,0,0,1,1,1
3019,-0.600909030241199,0,0,0,0,1,1,1,1,1,1,1,1,0,0,1,1,0,1,1,0,1,1,0,1,1,0,0,1,0,0,0,0,1,0,1,1,0,1,0,0
3020,2.15864309287105,0,1,0,0,0,1,1,1,1,1,1,1,1,1,1,1,1,1,1,1,1,1,1,1,1,1,1,1,1,1,1,1,0,1,0,0,1,1,1,1
3021,-1.01042138550424,0,0,0,1,0,1,0,0,1,1,1,0,1,1,1,1,0,1,1,0,0,1,1,0,1,1,0,0,0,0,1,0,1,0,0,0,1,1,0,0
3022,0.399560728112814,1,1,1,0,1,1,1,1,1,0,0,1,0,1,1,1,1,1,1,0,1,1,1,1,1,0,0,1,0,1,0,1,0,0,0,0,1,1,1,0
3023,-0.583086791318373,1,1,0,1,0,1,1,0,1,1,1,0,0,0,0,1,0,0,1,0,0,1,1,0,1,0,0,0,1,0,0,0,1,0,0,0,1,0,0,0
3024,-1.12471840504261,1,1,1,0,1,0,0,1,0,1,1,0,0,0,1,1,0,0,1,0,1,1,1,0,0,0,1,1,1,0,0,0,0,0,1,1,0,0,0,0
3025,-0.253029944632223,0,1,0,1,1,1,1,0,1,1,1,0,1,0,1,0,0,1,0,1,1,1,1,0,1,1,1,0,1,0,0,0,1,0,0,1,0,0,0,1
3026,-1.06015037073335,0,1,0,0,0,1,0,0,1,0,1,1,0,0,1,1,1,0,1,0,1,0,0,1,1,0,1,1,0,0,0,0,1,0,0,1,0,1,0,0
3027,-1.01444146886761,0,1,0,0,0,0,0,0,1,1,1,1,0,0,0,0,0,0,1,1,1,0,0,0,1,0,0,0,0,0,0,0,0,0,0,0,0,1,0,0
3028,-0.164825750993743,0,1,0,0,1,1,1,1,1,1,0,1,0,0,1,1,1,0,1,0,1,1,0,0,1,0,1,0,1,1,0,0,1,0,1,0,0,1,1,0
3029,1.65510468110862,1,1,0,0,1,1,1,1,1,0,1,1,0,1,1,1,1,1,1,1,1,1,0,0,1,0,1,0,0,1,0,1,1,0,1,0,0,0,1,1
3030,-1.0681063870959,1,0,0,0,1,1,1,0,1,0,0,1,0,0,0,0,0,1,0,0,0,0,0,0,1,0,1,0,0,1,0,0,1,0,0,0,0,0,1,0
3031,2.07450587917969,1,1,0,1,1,1,1,1,1,1,1,1,1,0,1,1,1,1,1,0,1,1,1,1,1,1,1,1,1,1,1,1,0,1,1,1,1,1,1,0
3032,0.834227621635204,1,1,0,1,1,1,0,0,1,1,1,1,1,0,0,1,1,1,1,1,0,1,1,0,1,0,0,0,1,1,0,1,0,0,1,0,0,1,0,0
3033,0.00605833631946364,0,0,0,1,0,1,1,0,1,1,0,0,0,0,0,1,1,1,1,1,1,1,1,0,1,0,0,0,0,1,0,0,0,1,0,1,1,1,0,0
3034,0.212450866112284,0,1,0,0,0,1,1,1,1,1,1,1,0,0,1,1,1,0,1,1,1,1,1,1,1,1,0,0,1,1,0,0,0,1,1,1,0,0,0,1
3035,0.683750188528115,0,1,0,1,1,1,1,0,1,0,0,0,1,0,0,1,1,0,1,1,0,1,1,0,0,0,1,1,0,1,1,0,1,1,0,1,0,0,1,0
3036,0.309858256547208,1,1,1,0,1,1,1,1,1,0,0,0,0,0,0,1,1,0,1,1,1,1,1,1,1,0,1,0,1,1,1,0,0,0,0,1,1,0,0,0
3037,0.139246546321985,1,0,1,1,1,1,0,1,1,1,1,1,1,1,0,1,1,1,1,0,1,1,1,0,1,0,0,1,1,1,1,0,0,0,1,1,1,1,1,0
3038,0.315143229866684,1,1,0,1,1,1,0,1,1,1,0,0,0,0,1,1,1,1,1,0,0,1,1,0,1,0,1,1,0,1,0,0,1,0,1,1,0,0,0,0
3039,-0.48573782444784,0,1,0,0,1,1,1,1,1,1,0,1,1,1,1,1,0,0,0,0,1,1,1,0,1,1,1,1,0,1,0,0,0,0,0,0,1,0,1,0
3040,-0.371508943819481,1,1,1,1,0,1,1,1,1,1,0,0,0,0,0,1,1,0,1,0,0,1,1,0,1,0,0,0,1,1,0,0,0,0,1,1,1,1,0,0
3041,-0.762888951861387,1,0,0,0,1,1,1,0,0,1,0,1,1,0,1,0,0,0,1,0,1,1,0,0,1,0,1,1,0,1,1,0,0,0,1,0,1,1,0,0
3042,0.308283033995944,1,0,0,0,0,1,1,0,1,1,0,1,0,0,0,1,1,0,1,0,1,1,1,0,1,1,0,0,0,1,0,0,1,0,1,1,1,0,0,0
3043,0.624683541083138,1,1,0,1,1,1,1,1,1,1,1,1,0,1,0,1,1,0,1,1,1,1,1,1,1,0,0,1,1,1,0,0,1,0,1,1,0,1,0,1
3044,-0.337909247155585,0,1,1,1,0,1,0,0,0,1,0,1,0,0,0,1,0,0,0,1,0,1,1,0,1,0,0,1,0,0,0,0,0,0,0,1,0,0,0,1
3045,0.629081830962075,0,1,0,0,1,1,1,1,1,0,1,0,0,0,1,1,1,0,1,0,1,1,1,1,1,1,0,0,0,1,1,1,0,1,1,0,0,1,1,0
3046,0.0937069820319447,1,0,1,0,1,1,1,1,1,1,1,0,1,0,0,1,1,0,1,1,0,1,1,0,1,1,0,0,0,0,1,0,0,1,1,1,0,1,0,1
3047,-0.0360936260917536,0,0,0,0,0,1,1,0,1,1,1,0,1,0,1,1,1,1,1,0,1,1,1,1,1,0,0,1,0,1,0,0,0,1,0,0,0,0,0,0
3048,-0.77743129789794,0,0,0,1,0,1,0,0,0,0,0,1,1,1,0,1,1,1,1,0,1,1,0,1,1,0,0,1,1,1,0,0,0,0,0,0,1,0,0,0
3049,-0.696364959101692,0,0,1,0,0,1,1,0,1,1,1,1,1,0,1,1,0,0,1,0,1,1,0,0,0,0,0,1,1,1,0,0,1,0,0,1,0,0,0,0
3050,-2.73831346261755,0,0,1,0,1,0,0,0,1,0,0,0,0,0,1,0,0,0,0,0,0,0,0,1,0,0,0,1,0,0,0,0,1,0,0,0,0,0,1,0
3051,-1.79666428316241,0,0,0,1,1,0,1,0,1,1,0,1,0,0,0,0,0,0,0,0,1,0,0,0,0,1,0,0,0,0,1,0,1,0,1,1,1,0,0,0
3052,0.135811729962639,0,0,0,1,1,1,1,0,1,1,0,0,0,0,0,1,1,0,1,1,0,1,1,0,1,0,0,1,1,1,0,0,1,0,1,0,1,1,0,0
3053,-2.02384526556842,0,1,1,1,1,1,0,1,0,1,0,1,0,0,0,0,0,0,0,0,0,0,0,0,1,0,0,1,0,1,0,0,1,0,0,0,0,1,0,0
3054,0.407879121121106,1,0,0,1,1,1,1,1,1,1,0,1,0,0,1,1,1,1,1,1,1,1,0,1,1,0,1,0,0,1,0,0,1,0,1,0,1,1,1,0
3055,-1.0352467212437,1,1,0,1,0,1,1,0,1,1,1,1,0,0,0,0,0,1,0,0,0,1,0,1,0,0,0,1,0,0,0,0,0,0,0,0,1,1,1,0
3056,1.52306313120963,1,0,1,0,1,1,1,1,1,0,1,1,0,0,1,1,1,0,1,0,1,1,1,1,1,0,1,0,1,0,1,1,1,1,0,1,1,0,0,1
3057,1.89629591882897,1,1,0,1,1,1,1,0,1,1,1,1,0,1,1,1,1,0,1,1,1,1,1,0,1,1,1,1,1,1,0,1,1,1,1,0,1,1,1,1
3058,-0.805228386021886,0,0,0,1,0,1,0,0,1,1,0,1,0,0,0,0,1,1,1,1,1,1,1,0,1,1,0,0,0,0,0,0,0,0,0,0,1,1,0,0
3059,-0.747906402176861,0,1,0,0,0,1,1,1,1,1,1,0,1,0,0,0,1,1,1,1,1,1,0,0,1,0,1,0,0,0,0,0,1,0,0,0,1,0,1,0
3060,1.10528123986478,1,1,0,1,1,1,0,1,1,0,1,1,0,0,1,1,1,0,1,0,1,1,0,1,1,0,0,1,1,0,1,1,1,1,1,1,1,0,0,1
3061,0.926593695279344,1,0,1,0,0,1,1,0,1,1,1,1,1,1,1,1,1,1,1,1,1,1,1,1,1,0,0,0,1,0,0,0,0,0,1,0,1,1,1,0
3062,1.58785787701988,1,1,0,1,1,1,1,1,1,1,0,1,1,1,1,1,1,1,1,0,1,1,0,1,1,1,1,0,1,1,1,1,1,1,1,0,0,1,1,0
3063,-0.180958399158972,0,1,1,0,1,1,0,0,1,1,1,0,0,1,1,1,0,0,0,0,1,1,1,0,0,1,1,0,0,1,0,0,1,0,0,0,0,1,0,1
3064,1.54309920409502,1,1,0,1,1,1,1,1,1,0,1,1,1,0,1,1,1,0,1,0,1,1,1,0,1,1,1,0,0,1,0,1,1,0,0,0,1,1,1,0
3065,-1.1664713416656,0,1,0,0,0,1,0,0,1,1,1,0,1,0,0,0,0,0,0,0,1,0,0,0,1,0,0,0,0,0,0,0,0,0,0,0,1,0,0,0
3066,-0.116569066827542,1,0,1,0,1,1,0,1,1,1,1,0,0,0,0,1,0,1,1,1,1,1,1,1,1,0,0,0,1,1,0,0,0,1,1,0,1,1,1,0
3067,-2.27043012477579,0,0,0,0,1,0,0,0,0,0,0,1,0,0,0,0,0,0,0,0,0,0,1,0,0,0,1,0,0,0,0,0,0,0,0,0,0,1,0,0
3068,-0.299805547257138,1,1,0,0,1,1,1,0,1,0,0,0,0,1,0,0,0,0,1,1,0,1,0,0,1,1,1,0,1,1,1,0,0,0,1,0,0,1,0,1
3069,0.130996664577534,0,0,0,1,0,1,1,1,1,1,0,1,0,0,1,1,1,0,1,0,1,1,0,1,1,0,1,0,0,1,0,0,0,1,1,0,1,0,0,0
3070,-1.01606953293214,1,1,0,0,0,0,1,0,1,0,1,1,0,0,0,1,0,0,1,0,0,1,0,1,0,0,1,1,0,0,0,0,0,0,0,0,0,0,0,1
3071,1.03120026906179,1,1,0,0,1,1,1,0,1,1,1,0,1,0,1,1,1,0,1,1,0,1,1,1,1,1,1,1,1,1,0,1,0,0,1,0,0,1,1,0
3072,0.641760403708794,1,0,1,0,1,1,1,1,1,1,0,1,0,0,1,1,1,1,1,0,0,1,0,1,1,0,1,0,0,0,0,1,0,0,0,0,0,1,0,1
3073,0.226218851872604,1,0,1,0,1,1,1,0,1,0,1,0,0,0,1,1,0,1,1,0,0,1,1,1,1,0,0,0,0,1,0,0,1,0,1,0,1,1,1,1
3074,-0.613076897533804,1,1,0,0,0,1,0,1,1,1,1,1,0,0,0,1,1,0,0,0,1,1,1,0,1,0,0,0,1,0,0,0,1,0,0,0,0,0,1,0
3075,-0.168226293608747,0,1,1,0,0,1,1,1,1,0,1,1,1,0,0,1,1,0,0,0,1,1,1,1,1,0,1,0,1,1,1,0,1,0,0,0,0,1,1,0
3076,-1.00462342282358,0,1,1,0,0,1,0,1,1,1,1,1,1,0,1,0,0,0,1,0,1,1,1,0,1,0,1,1,0,1,0,0,0,0,0,0,0,0,0,0
3077,-1.32519495255884,0,0,0,0,0,1,1,0,0,1,0,1,0,0,1,0,0,0,0,0,1,1,1,1,1,0,1,0,0,1,0,0,1,0,1,0,0,1,0,0
3078,0.0363009190266329,0,1,0,0,1,1,1,1,1,1,1,1,0,0,0,1,0,0,1,1,1,1,1,1,1,1,1,1,1,1,1,0,0,0,0,1,1,1,0,1
3079,0.988622338736302,1,1,0,1,1,1,0,0,1,1,1,1,0,0,0,1,1,0,1,0,1,1,1,1,1,1,0,1,0,1,0,1,0,0,0,1,1,1,1,1
3080,-0.2524811814558,1,1,1,0,1,1,0,1,1,1,0,1,0,1,0,1,0,0,1,1,1,1,1,1,1,0,0,1,1,1,0,0,0,0,1,1,0,1,1,0
3081,-0.610407980465823,1,0,0,0,1,1,1,0,1,0,1,0,1,0,1,0,1,0,1,0,0,1,1,1,1,0,1,0,1,1,0,0,0,1,1,0,1,0,0,0
3082,-1.19887103032297,1,1,0,1,0,1,1,0,0,1,0,0,1,1,0,0,0,0,0,0,0,1,0,1,1,0,0,0,0,0,0,0,0,0,0,1,0,1,0,0
3083,0.605151186655284,1,0,1,1,1,1,1,0,1,0,0,1,0,0,1,1,1,1,1,0,1,1,1,1,1,0,0,0,1,1,0,1,1,1,0,0,1,0,0,1
3084,0.326705665745311,0,1,0,1,1,1,1,0,1,0,0,0,1,0,1,1,1,1,1,0,1,1,0,1,1,0,1,1,0,1,1,0,0,0,0,1,0,0,0,0
3085,0.639401652863812,0,0,1,0,1,1,1,1,1,1,0,0,0,1,1,1,1,0,1,1,0,1,0,1,1,1,0,1,1,0,1,0,0,0,0,0,1,1,0,1
3086,-0.477296696126872,0,0,1,0,1,1,0,1,1,0,1,0,0,0,1,1,0,0,1,0,1,1,1,0,0,1,0,1,1,0,0,0,0,1,0,0,1,1,0,0
3087,0.0422249759384012,0,1,0,1,1,1,0,1,1,1,1,1,1,1,0,1,1,1,1,0,1,1,1,0,1,1,1,1,1,0,0,0,0,0,0,0,0,1,1,1
3088,-1.28270183499522,0,1,0,1,1,1,1,0,0,1,0,1,0,0,1,0,0,0,0,0,1,0,0,0,0,0,0,0,1,1,0,0,0,1,0,0,0,0,0,0
3089,0.427904602485548,0,1,1,1,1,1,1,1,1,0,0,1,1,0,1,1,1,1,1,0,1,1,0,1,1,1,1,1,1,1,0,0,1,1,0,1,0,0,0,0
3090,-0.660847100429341,1,0,0,0,1,1,1,0,1,0,1,0,0,0,1,1,0,1,0,0,0,1,1,1,1,0,0,0,0,0,0,0,0,0,0,0,0,0,0,0
3091,0.776451297535942,0,0,1,0,1,1,1,1,1,1,0,1,0,1,1,1,1,1,1,1,1,1,1,1,1,0,1,0,0,0,0,1,1,0,0,1,1,1,1,1
3092,-0.532208879273102,1,0,0,0,1,1,1,0,1,0,0,1,0,0,0,1,0,0,1,0,0,1,1,1,1,0,0,1,0,0,0,0,0,1,1,0,1,1,1,1
3093,-1.19384422100513,0,1,0,0,1,0,1,0,1,0,1,0,1,0,1,0,0,0,0,0,1,1,0,1,1,0,0,1,0,0,0,0,1,0,1,0,1,0,0,0
3094,-0.842444442304604,0,1,0,1,1,1,0,1,1,0,1,1,1,0,1,1,1,1,0,0,1,1,1,0,0,0,1,1,0,1,0,0,0,0,0,0,0,1,0,0
3095,-0.756141170108624,1,1,1,1,0,1,1,0,1,1,1,1,0,0,1,0,0,0,1,0,1,1,0,0,1,0,1,1,1,0,0,0,0,1,0,0,1,1,0,1
3096,-1.84675344108593,0,0,0,0,0,1,1,0,0,0,1,1,0,0,1,0,0,1,0,0,1,0,0,0,0,0,1,0,0,0,0,0,1,1,1,0,0,0,0,0
3097,1.15641199176968,1,0,0,0,0,1,0,1,1,1,1,0,1,0,1,1,1,1,1,0,1,1,0,1,1,0,1,1,1,1,0,0,0,0,1,0,1,0,0,0
3098,-1.28123317242953,0,1,0,1,0,1,1,0,0,0,1,1,1,0,1,1,0,0,0,0,1,1,0,0,0,0,1,0,0,0,0,0,1,0,0,0,0,0,0,0
3099,0.402618260829734,0,1,0,0,1,1,1,1,1,0,1,1,1,0,1,1,1,1,1,0,0,1,1,1,1,0,1,0,0,1,1,0,0,0,0,1,1,1,0,0
3100,-2.23994030467786,0,0,0,0,0,0,1,0,0,1,0,0,0,0,0,0,0,1,0,0,0,0,0,0,0,0,0,0,0,1,0,0,0,0,1,0,0,0,0,0
3101,1.78356343697111,1,1,0,0,1,1,1,1,1,1,1,1,1,1,1,1,1,0,1,1,1,1,1,1,0,1,0,1,0,1,1,1,0,0,0,1,1,1,1,1
3102,-0.0734482715848963,1,1,1,0,0,1,1,1,1,0,1,1,1,0,0,1,1,1,1,0,0,1,1,0,1,0,1,0,1,1,0,0,0,0,1,1,1,1,0,1
3103,-0.111767400904577,0,0,0,1,1,1,1,0,1,1,1,1,0,1,1,1,0,0,1,0,1,1,1,1,1,0,1,1,1,0,0,0,1,0,0,0,0,0,1,1
3104,1.14538140446687,1,1,0,1,1,1,1,1,1,1,1,0,0,1,1,1,1,0,1,1,1,1,1,1,1,1,1,0,0,1,0,0,1,1,1,0,1,0,0,1
3105,0.459063664001923,0,1,1,0,1,1,1,0,1,1,0,1,0,0,1,1,1,1,1,1,1,1,1,1,1,1,0,0,0,1,0,0,1,1,1,0,0,1,1,0
3106,-0.112457727727765,1,1,0,1,0,1,1,0,1,0,1,1,1,0,1,1,1,0,1,0,1,0,1,1,0,1,1,0,0,0,0,0,0,1,1,0,0,1,1,0
3107,-1.04095879520205,0,0,0,1,1,1,1,0,0,1,0,0,1,0,1,1,0,0,1,0,0,1,0,0,0,0,0,1,0,1,0,0,1,0,0,0,0,0,0,0
3108,-0.29942388615008,1,1,0,0,1,1,1,0,1,1,1,1,0,0,1,1,1,1,0,1,0,1,0,1,0,0,1,1,1,1,1,0,1,0,0,0,1,0,0,0
3109,0.236502554325827,0,1,1,0,0,1,1,0,1,1,1,1,1,0,1,1,0,1,1,0,1,1,0,1,1,0,1,0,0,0,0,1,0,0,1,1,1,0,0,0
3110,-0.624993541328942,0,1,0,0,1,1,0,1,0,1,0,1,0,0,1,0,0,1,0,0,1,1,1,1,1,0,1,0,1,0,0,0,1,0,1,0,0,1,0,0
3111,0.570450488773139,0,1,1,0,1,1,1,0,1,1,1,0,0,0,1,1,1,0,1,1,0,1,0,1,1,0,1,1,0,1,0,0,0,0,0,0,1,0,1,1
3112,-3.03589695029718,0,1,0,1,1,0,0,0,0,1,0,1,0,0,0,0,0,0,0,0,0,0,0,1,1,0,0,0,0,0,0,0,1,0,0,0,0,0,0,0
3113,0.332664546219929,1,1,1,1,1,1,1,0,1,1,1,0,1,0,1,1,1,0,1,0,1,1,1,0,1,0,1,1,1,1,0,0,0,1,1,0,1,0,1,0
3114,0.0394591658898284,0,0,0,0,0,1,0,0,1,1,1,0,0,0,1,1,1,1,1,0,1,1,1,0,0,1,1,1,0,0,0,0,0,0,0,0,1,1,1,0
3115,-0.905701776234139,0,1,1,1,1,1,0,0,1,0,0,0,0,0,0,0,0,0,0,0,1,1,1,1,0,0,1,0,0,1,0,0,0,0,0,0,1,1,0,0
3116,1.47881726867805,0,0,0,0,1,1,1,1,1,1,1,0,1,1,0,1,1,0,1,1,1,1,1,0,1,1,1,0,0,1,0,1,0,0,0,0,0,1,0,0
3117,-0.0356896028481075,0,1,0,1,0,1,0,0,1,0,0,0,1,0,1,1,1,1,1,0,0,1,0,1,1,0,0,0,1,1,0,0,0,1,1,0,1,1,1,0
3118,0.483263760950432,0,1,1,1,1,1,1,1,1,1,0,1,0,0,1,1,1,1,1,1,1,1,0,1,0,0,1,0,1,0,0,0,0,1,1,0,1,1,0,0
3119,-0.286426387378656,0,0,0,1,1,1,1,0,1,0,1,1,1,1,1,1,1,1,1,1,1,1,1,1,1,0,1,0,1,0,0,0,1,1,1,1,1,0,0,0
3120,1.57631632217611,1,1,0,0,1,1,1,1,1,1,1,1,1,0,1,1,1,0,1,1,0,1,1,1,1,1,1,0,1,1,0,1,1,0,0,1,1,1,1,0
3121,-0.0153587696720446,0,1,1,0,0,1,1,1,1,1,0,0,0,0,0,1,1,0,1,0,1,1,1,1,1,0,1,0,1,0,0,0,0,1,1,1,0,1,0,0
3122,-0.5479575578174,0,1,0,0,1,1,1,1,1,1,0,0,0,1,0,1,0,0,1,0,1,1,1,0,1,0,1,0,1,1,0,0,1,1,0,0,0,0,0,0
3123,0.435718959850625,1,1,0,1,0,1,1,1,1,1,0,1,0,0,1,1,1,0,1,1,1,1,1,1,0,0,1,0,0,0,0,0,1,1,1,0,0,1,1,0
3124,1.15650397997757,1,0,0,0,1,1,1,0,1,0,1,0,0,0,1,1,1,0,1,1,1,1,0,0,1,0,0,1,0,0,1,0,1,0,1,0,1,0,1,1
3125,0.701389401084342,0,1,1,0,1,1,0,0,1,1,0,1,0,1,0,1,1,0,1,0,0,1,1,0,1,0,0,0,0,1,1,0,1,1,1,1,0,1,1,0
3126,-1.26857703996653,0,0,1,1,0,1,0,0,0,0,0,1,1,0,0,0,0,0,1,0,1,1,1,0,1,0,0,1,0,1,1,0,0,0,0,0,0,1,1,0
3127,0.146488165505583,1,1,0,1,1,1,1,0,1,1,1,1,1,0,1,1,1,1,1,1,0,1,1,0,1,0,1,0,1,0,1,0,1,0,1,0,1,0,1,1
3128,-1.55144082798399,1,0,0,0,0,1,1,0,0,1,0,0,0,0,1,1,0,1,0,0,0,0,1,0,1,1,1,1,1,1,0,0,1,0,0,0,0,0,1,0
3129,0.18949645755408,0,1,1,0,1,1,0,0,1,0,0,1,0,0,1,1,0,1,0,0,1,1,1,1,1,0,0,1,1,1,1,0,1,0,1,1,0,1,1,1
3130,0.675542687889361,0,0,0,1,1,1,0,0,1,1,1,1,1,0,1,1,1,1,1,0,1,1,1,1,0,0,1,1,1,0,0,1,0,0,1,0,1,1,1,1
3131,-1.22761883017478,0,0,0,0,0,1,0,0,1,1,0,0,0,0,1,0,0,0,0,0,1,1,0,0,0,1,0,1,1,1,0,0,0,0,0,0,1,0,0,1
3132,1.09278513485108,0,0,1,0,1,1,1,1,1,0,0,1,1,1,1,1,1,0,1,0,1,1,0,1,1,1,1,1,1,0,1,1,0,1,1,1,1,0,1,1
3133,-0.882204562416266,1,0,1,1,0,1,0,0,1,1,1,1,0,0,1,0,0,0,1,0,1,1,1,1,0,0,1,0,1,1,0,0,0,0,0,0,0,1,0,0
3134,-0.133541164508687,0,1,0,1,0,1,1,1,0,1,0,1,0,0,1,1,1,0,1,1,0,1,1,1,0,0,0,0,1,0,1,0,0,0,1,0,0,1,1,0
3135,0.459105416305137,1,1,0,1,1,1,1,1,1,0,1,1,0,1,0,1,1,1,1,0,1,1,0,0,0,0,1,1,1,1,0,0,1,0,0,1,0,1,0,0
3136,0.838370241305052,0,1,0,1,1,1,1,1,1,1,1,1,0,0,0,1,1,1,1,0,1,1,1,1,0,0,1,1,0,0,1,1,1,1,0,1,0,1,0,0
3137,-0.681165058099302,1,0,0,1,1,1,0,0,1,0,0,0,1,0,1,0,0,1,1,0,1,1,1,1,0,1,0,0,0,1,0,0,1,0,0,0,1,0,0,0
3138,-0.242764047834987,0,1,0,0,1,1,0,0,1,0,0,1,0,0,0,1,1,0,1,0,1,1,1,0,0,0,1,0,0,1,0,0,1,0,0,0,1,1,0,1
3139,0.326700301559763,0,1,0,1,1,1,1,1,1,1,1,0,0,0,0,1,1,0,1,0,1,1,0,1,1,1,0,1,0,0,0,0,0,1,0,1,1,1,0,0
3140,-0.0628801011881848,1,1,0,1,0,1,0,1,1,0,1,1,1,0,0,1,1,0,1,0,1,1,1,0,1,1,0,1,0,1,0,0,0,0,1,0,0,1,1,1
3141,0.373834085985446,0,1,0,0,0,1,0,0,1,0,1,1,0,1,1,1,1,0,1,1,1,1,0,1,1,0,1,0,1,1,0,0,1,1,0,0,1,1,0,1
3142,1.77161173267958,0,1,0,1,1,1,1,1,1,0,1,0,1,0,1,1,1,1,1,0,1,1,1,0,1,1,0,1,1,0,0,1,1,0,1,0,1,1,0,1
3143,1.02396549357074,1,1,1,1,1,1,1,0,1,1,1,1,1,1,1,1,1,0,1,0,0,1,1,1,1,0,1,0,1,1,0,1,1,1,1,0,1,1,0,0
3144,-0.806363977579462,0,1,1,1,1,1,1,0,1,1,0,1,0,0,1,0,0,0,1,1,1,1,1,1,0,0,1,0,1,0,0,0,0,0,0,0,1,1,0,0
3145,-0.541964633671051,1,0,1,0,1,1,0,0,1,0,1,1,1,0,1,1,0,0,0,0,1,1,1,0,1,0,0,0,0,0,0,0,1,1,1,0,1,0,1,0
3146,-1.57000214969372,0,0,0,0,1,1,1,0,0,0,1,0,0,0,0,0,0,0,0,0,1,1,1,0,0,0,1,0,1,0,0,0,1,0,0,1,0,1,0,0
3147,0.388430532061631,0,1,0,1,1,1,1,1,1,1,1,1,1,0,1,1,1,0,1,0,1,1,1,1,1,0,1,1,0,1,0,0,0,0,0,0,1,1,0,0
3148,-0.430720160355436,0,0,0,0,1,1,1,0,1,0,0,1,0,0,1,1,0,0,1,0,1,1,1,1,1,1,0,1,1,1,0,0,1,0,0,1,0,1,0,0
3149,1.13878819079507,0,1,1,1,1,1,0,1,1,1,1,0,0,0,1,1,1,1,1,0,0,1,1,0,1,0,1,0,0,0,0,0,1,1,1,0,0,1,0,0
3150,-1.79158779063759,0,0,0,1,0,0,0,1,0,0,0,1,0,0,0,0,0,0,0,1,0,0,0,0,1,0,0,0,1,0,0,0,0,0,0,0,1,1,1,0
3151,-1.59441676333377,1,0,0,1,1,0,1,0,0,0,1,1,0,0,1,1,0,0,0,0,1,1,0,1,0,0,1,1,0,1,0,0,1,0,1,0,1,1,0,0
3152,-0.205144834972846,0,1,0,0,1,1,1,0,0,1,0,1,0,0,1,1,1,0,1,1,0,1,1,0,1,0,1,0,0,0,0,0,0,1,1,1,1,1,0,0
3153,-0.569597764566825,1,1,0,0,0,1,1,0,1,0,1,1,0,0,0,0,0,1,1,0,0,1,1,1,1,0,0,0,1,0,0,0,0,1,1,0,1,1,0,0
3154,1.51748080972132,1,0,1,0,1,1,1,1,1,1,1,1,0,1,1,1,1,1,1,1,0,1,1,1,1,0,1,1,1,1,1,1,1,0,0,0,0,1,0,1
3155,-0.492597238878642,0,1,0,1,1,1,1,0,1,1,0,0,1,0,1,1,0,0,0,0,1,1,1,1,1,0,0,0,0,0,0,0,0,1,1,0,0,0,0,0
3156,1.02397306872588,0,1,0,1,1,1,0,1,1,1,1,1,1,0,0,1,1,1,1,1,0,1,1,0,1,1,1,0,1,1,0,1,0,0,1,0,0,1,1,0
3157,1.79196005024621,1,0,1,0,1,1,1,1,1,1,1,1,1,1,0,1,1,1,1,1,1,1,1,1,1,1,1,0,1,1,0,0,1,0,0,1,1,1,1,0
3158,1.00181659613524,1,1,0,0,1,1,1,1,1,0,1,1,0,0,1,1,1,0,1,1,1,1,1,0,1,1,0,0,1,1,0,0,0,0,1,0,1,0,0,1
3159,0.864013681301703,1,1,1,1,1,1,1,1,1,1,0,1,1,0,0,1,1,0,1,0,1,1,1,1,1,1,1,0,0,0,0,1,1,1,1,1,1,0,0,1
3160,2.55505989775438,1,1,1,1,1,1,1,1,1,0,0,1,1,0,0,1,1,0,1,0,1,1,0,1,1,0,1,1,1,1,1,1,0,1,1,0,1,1,1,0
3161,-1.12174112191336,0,1,0,0,0,1,1,0,1,1,1,1,0,0,1,1,0,0,1,0,0,0,1,0,0,0,0,0,1,0,0,0,1,0,1,0,0,0,0,0
3162,1.92894394326148,0,0,0,1,1,1,1,1,1,1,0,1,1,0,0,1,1,1,1,0,1,1,1,1,0,1,1,1,1,0,0,1,1,1,1,0,1,1,0,0
3163,-0.341395870379286,0,0,1,1,1,1,0,0,0,1,0,1,0,0,1,1,1,1,1,0,0,1,1,0,1,0,0,0,1,1,1,0,0,0,0,1,0,0,1,0
3164,-1.44823150098521,1,1,0,1,1,1,1,1,0,1,1,0,0,0,1,0,0,0,0,0,1,0,0,0,0,0,1,0,0,0,0,0,0,0,0,0,0,1,0,0
3165,1.10934944091968,1,1,0,1,1,1,1,1,1,0,1,1,0,1,1,1,1,0,1,0,1,1,1,1,1,0,0,1,0,1,1,1,1,1,0,1,0,1,0,1
3166,0.157598207996408,0,1,0,1,1,1,1,0,1,1,1,1,1,0,1,1,1,1,1,0,1,1,1,1,1,0,1,1,0,1,0,0,1,1,1,0,1,1,1,0
3167,-0.12607814892897,0,1,0,1,0,1,1,0,1,1,1,1,0,0,1,1,1,1,1,0,1,1,1,1,1,0,0,1,0,0,0,0,1,0,0,1,1,0,1,0
3168,-0.759764077151932,0,1,0,0,0,1,1,1,1,1,0,1,0,1,1,0,0,0,1,0,1,0,1,1,0,0,0,0,0,0,0,0,0,0,1,1,1,0,0,0
3169,0.0964092354808855,0,1,0,1,1,1,1,0,1,0,1,1,0,0,1,1,1,0,1,0,1,1,1,1,1,0,0,0,1,1,0,0,1,0,1,1,0,0,0,1
3170,-1.04962909989928,0,1,0,0,1,0,1,1,0,1,0,0,1,0,0,0,1,1,0,0,0,0,0,1,1,0,1,0,0,0,1,0,0,0,1,0,1,1,1,1
3171,-0.537642952395732,0,0,1,0,0,1,1,0,1,0,0,0,1,0,1,1,0,0,0,1,0,1,0,1,0,0,0,0,0,1,0,0,0,0,1,1,1,0,0,0
3172,-0.636387918072632,0,1,1,1,1,1,1,0,0,1,1,1,1,1,0,0,0,0,1,1,1,1,1,0,1,0,0,1,0,1,0,0,1,0,1,0,0,1,0,0
3173,0.255946682276583,0,0,1,0,1,1,1,0,1,1,1,1,1,1,1,1,1,0,1,1,0,1,1,1,0,1,0,1,1,0,1,0,1,0,0,1,1,1,0,0
3174,0.768662636442539,1,1,1,1,1,1,1,0,1,1,1,1,1,1,1,1,1,0,1,0,1,1,0,1,1,0,0,0,0,1,1,1,1,1,0,1,1,0,0,0
3175,-0.395752396378776,1,0,1,0,1,1,1,0,1,0,1,0,1,0,0,1,1,1,1,0,0,1,0,0,1,1,0,1,1,1,0,0,0,0,1,0,1,1,0,0
3176,-0.307642442193004,0,0,0,0,0,1,1,0,1,1,0,0,0,0,1,1,0,0,1,0,1,1,0,1,1,0,1,1,0,1,0,0,0,0,0,0,0,0,0,0
3177,-0.642062139255916,0,0,0,1,0,1,1,0,1,1,0,0,0,0,1,0,0,1,1,1,0,1,0,0,0,0,0,0,0,0,1,0,0,0,1,1,0,1,1,0
3178,-1.31164039800101,0,1,0,0,0,1,1,0,1,1,0,1,0,0,0,0,0,0,0,1,1,1,0,0,1,0,1,1,0,0,0,0,0,0,0,0,0,1,1,1
3179,0.00289941180409481,0,1,0,1,0,1,1,0,1,0,1,1,1,0,1,0,1,1,1,1,0,1,0,0,1,1,1,1,0,1,0,0,0,0,1,0,0,0,0,0
3180,0.652353729813569,0,1,0,0,1,1,1,1,1,0,0,1,1,1,1,1,1,0,1,0,1,1,1,1,1,1,1,0,1,1,1,0,0,1,1,1,1,0,0,0
3181,1.06278997147023,0,1,0,0,0,1,1,0,1,1,1,0,1,1,1,1,1,0,1,0,1,1,0,1,1,0,0,0,0,0,1,1,0,1,0,1,1,1,1,0
3182,1.90709214066679,1,0,0,1,1,1,0,1,1,1,0,1,1,0,1,1,1,1,1,1,1,1,1,1,1,1,1,1,1,1,1,1,1,1,0,1,1,1,0,1
3183,-1.34251026465953,0,1,1,1,0,1,1,1,1,0,1,0,0,1,0,0,0,1,0,1,1,0,0,0,1,0,0,0,0,1,0,0,0,1,0,0,0,0,0,0
3184,-1.14380470789279,0,0,0,1,0,1,1,0,1,1,1,0,0,0,1,1,0,1,0,0,1,1,1,0,0,0,1,1,1,0,0,0,0,0,0,1,0,0,0,1
3185,-1.940199341799,0,1,0,1,1,0,1,1,0,1,1,1,1,0,0,0,0,0,0,0,0,0,1,1,0,0,0,1,0,0,0,0,1,0,0,0,1,0,0,0
3186,-0.677830767113972,0,0,0,1,1,1,1,1,1,1,1,1,0,0,1,1,0,0,1,1,0,1,1,0,1,0,1,0,1,0,0,0,1,0,1,1,1,1,0,0
3187,-1.74205426738241,0,0,0,0,0,1,1,0,0,0,1,0,0,0,1,0,0,0,0,0,1,0,1,0,1,0,0,0,0,0,0,0,1,0,1,0,1,0,0,0
3188,0.396018291712328,1,1,0,1,1,1,1,1,1,1,0,1,1,1,1,1,1,0,1,1,1,1,1,0,1,0,0,0,0,1,1,0,1,0,0,0,1,1,1,1
3189,-0.63824787773789,0,1,0,0,1,1,1,0,1,0,0,0,0,0,0,0,0,0,0,0,1,1,1,0,1,0,0,1,1,1,0,0,0,1,1,0,1,0,0,0
3190,-0.231637984207588,0,1,0,0,1,0,0,0,1,1,0,0,1,0,0,1,0,0,1,0,1,1,1,1,1,0,0,1,0,1,0,0,0,0,1,0,1,0,0,0
3191,-0.678245815812049,0,1,0,0,1,1,0,0,0,1,1,1,0,0,0,1,0,0,0,0,1,1,1,1,1,0,0,0,1,1,0,0,0,0,0,0,1,1,0,0
3192,-0.22840544084017,1,0,0,0,0,1,0,0,1,1,1,1,0,0,1,1,1,0,1,1,1,1,0,0,1,1,0,0,1,1,0,0,1,0,0,1,1,0,0,0
3193,1.75061408446289,0,1,1,1,0,1,1,0,1,1,0,0,1,1,0,1,1,1,1,1,0,1,0,1,1,0,1,1,1,1,0,1,1,0,0,0,1,0,0,0
3194,-0.512587639152613,1,0,1,0,1,1,1,1,1,1,1,1,1,0,0,1,0,0,1,0,0,1,1,0,0,1,0,1,1,0,0,0,0,0,1,1,1,1,0,0
3195,0.13610125193514,0,1,0,1,0,1,0,0,1,0,1,1,1,0,1,1,1,0,1,0,1,1,1,0,1,0,0,1,1,0,0,0,1,0,1,1,1,0,0,0
3196,-0.0907090545375141,0,1,0,0,1,1,0,1,1,1,0,0,0,0,1,1,0,1,1,0,0,1,1,0,1,0,0,1,0,1,0,0,1,1,0,1,1,1,0,0
3197,0.123292040812443,0,1,0,0,1,1,0,0,1,1,1,1,1,1,1,1,1,1,1,1,0,1,0,0,1,1,1,1,1,1,0,0,0,0,0,0,0,1,1,0
3198,-0.955627981684229,0,1,1,0,0,1,1,0,1,0,0,1,1,0,0,0,0,1,0,0,1,0,1,0,0,0,1,0,1,1,1,0,0,0,1,1,0,1,1,0
3199,1.13924621346938,0,1,1,1,0,1,1,1,1,0,0,0,0,1,1,1,1,1,1,1,1,1,1,0,1,1,0,0,0,0,0,1,0,1,0,1,0,0,1,0
3200,-0.240360767958724,0,1,1,1,1,1,0,0,1,0,1,1,0,1,0,1,1,0,0,1,0,1,1,1,1,0,1,1,1,1,0,0,0,1,0,1,0,1,0,0
3201,-1.37575578343327,0,1,0,0,0,1,0,0,0,0,1,0,0,0,1,0,1,0,0,0,1,1,1,0,1,0,0,0,1,0,1,0,1,0,1,0,1,0,1,0
3202,-0.975318745544905,0,0,1,1,0,1,0,0,1,0,0,1,0,1,1,1,0,0,0,0,1,0,0,0,1,1,1,0,0,1,0,0,0,1,0,0,1,1,0,0
3203,-0.762172098614497,0,1,0,1,0,1,0,0,1,1,0,1,1,0,0,1,1,0,0,0,1,1,1,1,0,1,0,0,0,1,1,0,0,0,1,0,1,1,0,0
3204,-1.64648046504556,0,0,0,0,0,1,0,0,0,0,0,1,0,0,1,0,0,0,0,0,0,1,0,0,0,0,0,0,1,0,0,0,0,0,0,0,1,1,0,0
3205,-0.42623766612097,0,1,1,0,1,1,1,1,1,1,0,0,0,1,1,1,1,1,0,0,1,1,1,0,1,0,1,0,0,0,0,0,1,1,1,0,0,1,1,0
3206,1.25115441875809,1,0,0,1,1,1,1,1,1,1,1,1,0,0,1,1,1,0,1,1,1,1,0,0,1,1,1,0,1,1,1,1,1,1,0,1,1,1,1,1
3207,0.806069821310374,1,0,0,0,1,1,0,1,1,1,1,1,0,0,1,1,1,1,1,0,0,1,1,0,1,1,1,1,1,1,1,1,0,1,1,0,1,1,0,0
3208,0.396412860396707,1,1,0,1,1,1,1,1,1,0,0,1,0,1,1,1,1,0,1,0,1,1,1,0,0,1,1,0,1,1,0,0,0,0,0,1,0,0,0,0
3209,1.1094239195208,1,1,1,1,1,1,1,1,1,1,1,0,1,1,1,1,1,0,1,0,1,1,1,1,1,0,0,0,0,1,1,1,1,1,1,0,1,1,1,0
3210,0.899351355618934,0,1,0,1,1,1,1,0,1,0,1,0,0,0,1,1,1,1,1,0,0,1,1,1,1,1,1,1,1,1,1,0,0,0,1,0,1,1,0,0
3211,-0.914343194399711,0,1,1,0,1,1,1,0,1,0,0,0,0,1,1,1,1,0,0,0,0,1,0,0,0,0,1,0,0,1,0,0,0,1,0,0,1,0,1,1
3212,1.09566791827792,1,1,0,0,1,1,1,1,1,1,0,1,0,0,1,1,1,0,1,0,1,1,1,1,1,0,0,0,1,1,1,0,1,0,1,1,0,1,0,1
3213,-0.4650740259178,0,1,1,1,1,1,0,0,1,1,1,1,0,0,0,1,0,0,1,0,1,1,0,1,0,0,1,1,0,0,0,0,1,1,0,0,1,1,0,0
3214,0.762072314277169,0,1,0,1,1,1,0,1,1,0,1,1,0,1,1,1,1,1,1,1,0,1,0,1,1,0,0,1,0,1,1,0,0,0,0,0,0,1,0,0
3215,-0.738078980828495,1,0,0,1,0,1,0,0,1,0,1,0,0,0,1,1,1,0,0,0,1,1,1,0,0,0,1,0,0,0,0,0,0,0,0,0,0,1,0,0
3216,-0.106897854518962,1,1,0,1,1,1,1,0,1,1,0,1,0,0,1,1,0,0,1,1,1,1,0,0,1,1,1,1,1,1,0,0,0,1,1,1,1,1,1,0
3217,-1.16227143682304,1,0,1,1,1,1,1,1,1,1,0,0,0,0,0,0,0,0,0,0,1,0,1,0,1,0,1,1,0,0,0,0,1,0,0,0,1,1,0,0
3218,-0.00286011830037203,1,1,0,1,0,1,1,0,1,1,0,1,1,0,0,1,1,0,1,0,1,1,1,1,1,0,0,0,1,1,1,0,0,0,1,1,1,0,1,0
3219,-0.805973157326762,0,1,0,1,1,1,0,1,1,1,1,0,0,0,1,1,0,0,1,0,1,0,0,1,0,1,1,0,1,0,0,0,0,0,1,0,1,0,1,0
3220,0.149264739018315,1,0,0,0,0,1,1,0,1,0,0,0,1,0,0,1,0,0,1,0,0,1,1,1,1,0,1,0,0,1,0,0,1,0,0,0,0,1,0,0
3221,1.89218926176569,1,1,0,1,0,1,1,1,1,1,1,1,0,0,1,1,1,1,1,0,1,1,1,1,1,1,0,1,0,1,1,1,0,0,0,0,1,1,0,0
3222,1.9090995529251,0,0,1,1,1,1,1,1,1,1,1,0,1,1,1,1,1,1,1,0,1,1,0,1,1,1,1,0,1,1,0,1,0,1,0,0,0,0,0,1
3223,-0.805570081053926,0,0,0,0,1,1,1,1,1,0,1,0,1,0,0,1,0,1,1,1,0,1,0,0,0,0,0,0,1,1,0,0,0,1,1,1,1,1,0,0
3224,0.247835406634476,1,0,0,0,1,1,1,0,1,1,1,1,0,0,0,1,1,0,1,0,0,1,0,0,1,0,0,1,1,0,0,0,0,1,0,0,1,1,0,0
3225,1.19332484682467,1,0,0,1,1,1,1,1,1,1,1,1,0,0,1,1,1,0,1,1,1,1,1,0,1,0,1,0,1,0,0,1,0,0,1,1,1,0,1,1
3226,0.86855989034072,0,1,0,1,0,1,1,1,1,1,1,1,1,0,1,1,1,1,1,0,1,1,0,1,1,1,0,1,0,1,0,0,1,0,1,0,1,0,0,1
3227,-2.50674030092718,0,1,0,0,0,0,0,1,0,1,0,0,0,0,0,0,0,0,0,1,1,0,0,0,0,0,0,0,0,0,0,0,0,0,0,0,0,0,0,0
3228,0.724700432832062,0,1,0,1,1,1,1,0,1,0,1,0,0,0,0,1,1,0,1,0,1,1,0,1,1,1,0,0,1,0,0,0,0,0,0,0,1,1,0,0
3229,0.0443900083801587,0,1,0,0,1,1,1,0,1,0,0,1,1,0,1,1,1,0,1,0,1,1,1,0,1,1,1,1,0,0,0,0,0,0,0,0,0,1,1,0
3230,-0.0494208271131588,0,0,0,0,0,1,1,0,1,1,0,0,1,1,1,1,1,1,1,1,1,1,0,0,1,1,0,1,1,1,0,0,1,0,1,1,1,1,0,0
3231,0.946752829586937,1,0,0,0,1,1,1,1,1,1,1,1,1,0,1,1,1,0,1,0,1,1,0,1,0,0,0,1,0,1,0,1,1,0,0,0,1,0,0,1
3232,0.988084207129009,0,1,0,0,0,1,1,1,1,0,1,0,0,0,1,1,1,0,1,0,1,1,1,1,0,1,1,0,1,0,0,1,1,1,1,1,1,1,0,1
3233,-0.800715316386468,0,1,0,0,1,0,1,0,1,0,1,0,0,0,1,0,0,0,0,1,1,1,1,1,0,0,0,0,0,1,0,0,1,1,0,1,1,0,0,1
3234,-0.335348564217797,1,0,0,1,1,1,1,0,1,1,0,0,0,0,1,1,0,1,1,0,0,1,0,1,0,0,1,0,1,0,0,0,1,0,1,0,1,1,0,0
3235,1.31520999111036,1,1,1,0,1,1,1,1,1,0,1,1,0,0,1,1,1,1,1,1,1,1,1,1,0,1,0,1,0,1,0,1,1,1,0,0,1,1,0,0
3236,-0.583334462819369,0,1,0,0,1,1,1,0,1,1,0,0,0,0,1,0,0,1,1,0,1,1,1,1,1,0,0,0,1,0,0,0,1,0,1,0,1,0,1,0
3237,-2.01659483789168,1,1,0,0,0,0,1,0,0,0,1,1,0,0,1,0,0,0,0,0,1,0,1,0,0,0,0,1,0,0,0,0,0,1,0,0,0,1,0,0
3238,0.307554175535758,0,1,1,1,1,1,0,0,1,1,1,0,0,1,1,1,1,0,1,1,1,1,0,1,0,0,1,1,1,1,1,0,0,0,0,0,1,1,1,0
3239,0.0475010212009385,0,1,0,0,1,1,1,1,1,1,0,1,1,0,0,1,1,1,1,0,0,1,1,1,1,1,0,1,1,0,1,0,1,1,0,0,0,1,0,0
3240,0.209790342762629,0,0,0,0,1,1,0,1,1,1,0,0,0,1,0,1,1,1,0,1,1,1,1,0,1,0,0,1,1,0,0,0,1,1,1,0,1,1,1,0
3241,0.212198192968717,0,1,0,1,1,1,1,1,1,1,0,0,0,0,1,0,0,1,1,0,1,1,1,1,1,0,1,0,0,0,0,0,1,0,1,0,0,1,0,0
3242,-1.0044465990446,1,0,0,0,0,1,1,0,0,0,0,0,0,0,0,0,0,1,0,0,0,1,0,0,0,0,1,1,0,1,0,0,1,0,0,0,0,1,0,0
3243,2.24086198209936,0,1,1,1,0,1,1,0,1,1,1,1,1,0,0,1,1,0,1,1,1,1,1,1,1,0,1,1,0,0,1,1,1,1,1,1,1,1,0,1
3244,1.33740700971877,0,1,0,1,1,1,1,1,1,1,1,0,0,0,0,1,1,0,1,0,1,1,1,1,1,0,1,0,1,0,0,1,0,0,1,0,1,0,1,0
3245,-0.689983481212117,1,0,1,0,0,1,1,0,0,1,1,1,0,0,1,1,1,1,0,0,1,1,0,1,1,0,0,0,0,0,0,0,0,1,0,0,1,1,0,1
3246,1.04531508196057,0,1,0,0,1,1,1,0,1,1,1,0,0,0,1,1,1,0,1,1,1,1,1,0,1,0,1,1,1,1,0,1,1,0,1,1,1,1,1,1
3247,1.09558146765758,0,1,0,1,0,1,1,1,1,0,1,0,1,0,1,1,1,0,1,1,1,1,0,1,0,1,0,1,0,0,1,0,0,0,1,0,0,1,1,1
3248,-7.76539685470233e-05,0,0,0,0,1,1,1,0,1,0,1,0,0,0,1,1,1,1,1,0,1,1,1,1,0,1,1,0,1,1,0,0,1,0,0,0,0,0,0,0
3249,-2.03662174652983,0,0,0,0,0,0,0,0,0,1,0,1,0,0,0,0,0,0,0,1,1,0,0,0,1,0,1,0,0,0,0,0,0,0,0,1,0,0,0,1
3250,0.657872341139612,1,0,1,1,1,1,1,0,1,0,0,1,0,0,1,1,1,0,1,0,1,1,0,1,1,1,1,1,0,1,0,0,1,0,0,1,0,1,0,0
3251,0.727744747700693,1,0,0,1,0,1,1,0,1,1,0,1,0,0,0,1,1,0,1,0,1,1,1,1,0,1,1,0,0,0,1,1,0,1,1,0,1,1,0,1
3252,-2.08270164889928,0,1,0,0,0,0,1,0,0,0,1,0,0,0,0,1,0,1,0,0,0,0,1,0,1,0,1,0,0,0,0,0,0,0,1,0,0,0,0,0
3253,1.54581176687098,1,1,0,1,1,1,0,1,1,0,0,1,0,1,0,1,1,1,1,1,1,1,0,1,1,1,1,1,1,1,1,1,1,1,0,0,0,0,0,0
3254,0.962384256295389,0,1,0,0,1,1,0,0,1,1,1,0,1,0,1,1,1,1,1,1,1,1,0,1,0,1,1,0,1,1,1,0,0,0,1,0,1,0,1,1
3255,-0.27862343829878,0,0,0,0,0,1,0,1,1,1,0,0,0,0,1,1,1,1,1,0,0,1,1,0,1,0,1,1,0,1,0,0,0,0,0,0,1,1,0,0
3256,-0.594840490076163,0,0,0,1,1,1,0,1,1,1,1,0,0,1,1,1,0,0,1,1,1,1,0,0,0,1,0,0,1,0,0,0,1,0,0,0,1,1,0,0
3257,0.534095936819825,1,1,1,1,1,1,1,0,1,1,1,1,1,0,0,1,1,1,1,0,1,1,1,0,0,1,1,1,1,1,0,0,1,1,1,1,1,1,0,0
3258,0.0518440897216545,0,0,1,0,1,1,1,0,1,1,1,0,0,0,1,1,1,1,1,0,0,1,0,1,0,0,1,0,1,0,0,0,0,1,0,0,0,0,0,1
3259,-0.845380787215501,1,1,0,1,0,1,0,0,1,1,1,1,0,1,1,1,0,0,1,0,0,1,1,1,1,0,1,0,0,1,1,0,0,1,0,0,1,0,0,0
3260,1.06752484239002,1,0,0,1,0,1,1,1,1,1,1,0,1,1,1,1,1,0,1,1,1,1,0,0,1,1,1,1,1,0,0,0,0,1,0,0,1,1,0,0
3261,-0.886012717969706,0,1,0,0,1,1,1,0,0,1,0,1,0,0,1,0,0,0,0,0,0,1,1,0,0,1,1,1,0,1,0,0,1,0,0,1,1,0,0,0
3262,-0.0210486574499038,1,0,0,1,1,1,1,0,1,1,1,0,1,0,1,1,0,0,1,0,0,1,1,0,1,0,0,0,0,0,1,0,1,1,1,1,0,1,0,1
3263,0.26887851041327,1,0,1,0,1,1,1,1,1,0,1,1,0,0,0,1,1,0,1,1,1,1,1,1,0,0,0,1,0,0,0,0,0,0,0,0,1,0,1,0
3264,1.03608341075163,1,1,0,1,1,1,1,1,1,1,1,0,0,0,1,1,1,0,1,0,1,1,1,1,1,0,1,1,1,0,1,1,1,1,1,1,1,1,0,1
3265,-1.69720507636532,0,0,0,0,0,1,0,0,0,1,0,1,0,0,1,0,0,0,0,1,0,0,0,0,1,0,1,0,0,0,0,0,0,0,0,0,0,0,0,0
3266,0.603929446354733,1,1,0,1,1,1,1,1,1,0,0,1,1,0,1,1,1,0,1,1,0,1,1,1,1,0,1,1,0,1,0,1,1,1,0,1,0,1,0,0
3267,-0.376008833925137,0,0,0,0,1,1,1,1,1,1,1,1,0,0,0,1,1,1,1,0,1,1,0,0,1,0,1,0,0,0,0,0,0,0,0,0,1,1,0,0
3268,1.2755335585072,1,1,0,0,1,1,1,1,1,1,1,0,1,1,0,1,1,1,1,0,1,1,1,1,1,0,1,1,1,1,0,1,0,0,0,1,0,1,1,0
3269,1.3159718182974,1,1,1,0,1,1,1,0,1,1,0,1,1,0,1,1,1,0,1,1,1,1,0,1,1,0,1,0,0,0,0,1,1,1,1,0,1,0,0,1
3270,-0.70129376385686,0,1,0,0,0,1,1,0,0,1,0,0,0,0,1,1,1,0,1,0,1,1,0,0,0,0,0,1,0,0,0,0,0,0,0,0,1,0,1,0
3271,1.33147939763136,0,1,1,0,1,1,1,0,1,1,1,0,0,1,1,1,1,0,1,0,1,1,1,1,1,0,1,1,0,1,0,1,0,0,1,0,1,1,1,1
3272,-0.786702742276121,1,1,0,0,1,1,1,0,1,0,1,0,1,0,1,1,0,0,1,0,1,1,0,0,1,0,0,1,1,1,0,0,1,0,1,0,0,1,0,0
3273,0.494828036294737,0,1,0,1,1,1,1,0,1,0,1,1,0,0,1,1,1,1,1,1,1,1,0,1,1,0,0,0,1,1,1,0,0,1,1,0,1,1,0,0
3274,-0.234031066063557,1,1,0,1,0,1,1,1,1,1,1,1,0,0,1,0,1,1,1,0,0,1,1,1,1,1,1,1,1,1,0,0,0,1,1,1,1,1,0,1
3275,-0.0943227091341741,0,1,0,1,0,1,1,1,1,0,1,1,0,0,1,1,1,0,0,1,1,1,0,0,1,0,1,1,0,1,0,0,0,0,0,0,0,0,0,1
3276,0.52980083424306,1,1,0,1,1,1,0,1,1,1,1,1,0,0,1,1,1,1,1,0,1,1,0,1,1,0,1,0,0,1,1,0,1,0,0,1,0,0,1,0
3277,0.0886054216626993,0,1,0,1,1,1,0,1,1,0,1,1,0,0,1,1,1,1,1,0,1,1,0,1,1,1,1,1,1,1,0,0,1,0,1,0,0,1,0,0
3278,0.107271194059335,0,1,0,1,0,1,0,0,1,0,0,1,1,0,0,1,1,0,1,0,1,1,1,1,0,1,0,0,0,0,0,0,1,1,0,0,1,0,0,0
3279,-0.30014562824349,0,1,0,1,1,1,1,0,1,1,1,1,1,0,0,1,0,0,1,0,1,1,1,0,1,0,0,0,0,0,0,0,0,1,1,1,1,1,1,0
3280,1.01437521236099,1,1,0,0,1,1,1,1,1,0,0,1,0,0,1,1,1,0,1,1,1,1,1,0,1,0,1,0,1,1,1,1,1,1,0,0,1,1,1,1
3281,-0.183616047401307,0,0,0,0,1,1,1,0,1,1,1,1,0,1,0,1,1,1,1,1,0,1,1,0,0,1,0,1,1,1,0,0,1,0,0,0,1,0,1,0
3282,1.68656362174495,0,1,1,1,1,1,0,1,1,1,0,1,0,1,1,1,1,1,1,0,1,1,1,1,0,1,1,1,0,1,1,1,0,0,1,0,1,1,0,0
3283,-0.572490321160355,0,0,0,0,1,1,1,0,1,1,1,1,0,0,0,1,1,1,0,0,1,1,0,0,1,0,0,1,0,0,0,0,0,1,0,0,0,1,0,0
3284,0.0388550343312547,0,1,1,0,1,1,1,0,1,1,0,1,1,0,1,1,1,0,1,1,1,1,0,1,1,0,0,0,0,1,0,0,1,0,0,1,0,1,0,0
3285,-1.21902748024305,1,0,1,1,1,1,0,1,1,1,0,0,0,0,0,0,0,1,1,0,0,1,0,1,1,0,0,0,1,1,0,0,0,1,0,0,0,1,0,0
3286,1.15031878906055,1,1,0,0,0,1,1,1,1,0,1,1,0,0,1,1,1,1,1,1,1,1,1,0,1,0,1,0,1,1,1,1,0,0,1,0,0,1,0,0
3287,-0.727847854275636,0,1,0,0,1,1,0,0,1,1,1,1,1,1,1,1,1,1,0,0,1,1,1,0,1,0,0,1,0,1,0,0,0,1,0,0,0,0,1,1
3288,0.269557366910851,0,1,1,1,0,1,1,0,1,0,1,1,0,1,0,1,1,1,1,0,1,1,1,0,1,0,1,1,0,0,1,0,0,1,1,1,1,1,1,0
3289,0.580472782763728,1,1,0,1,1,1,1,0,1,0,1,1,0,0,1,1,1,1,1,0,1,1,1,1,1,0,0,1,1,0,0,0,1,0,1,1,0,0,1,0
3290,0.741941085540767,1,0,0,0,1,1,1,0,1,1,1,0,1,0,1,1,1,1,1,0,1,1,0,1,1,0,0,1,1,1,1,0,1,0,0,1,1,0,0,1
3291,-1.9428550702249,1,1,0,0,1,1,0,0,0,0,1,1,0,1,1,0,0,0,0,0,1,0,0,1,1,0,0,1,0,0,0,0,0,0,0,0,0,0,0,0
3292,0.797726055029388,0,1,0,1,1,1,1,1,1,1,1,1,1,0,0,1,1,1,1,0,1,1,0,1,1,0,1,1,1,1,0,0,1,1,0,0,0,1,0,0
3293,-0.271349451489092,0,1,0,1,1,1,1,1,0,1,0,0,0,0,0,0,1,1,0,0,0,1,1,1,1,0,1,1,1,1,0,0,0,0,0,1,0,1,0,1
3294,0.35981000431509,1,1,1,1,1,1,1,1,1,0,1,1,1,0,0,1,1,0,1,0,1,1,0,1,1,0,0,0,0,0,0,0,1,0,1,1,1,1,1,1
3295,-0.324208452951999,0,1,0,0,0,1,1,0,1,1,0,0,0,0,0,0,1,0,0,1,1,1,1,1,1,0,1,0,0,1,0,0,1,0,0,0,0,1,1,0
3296,0.586132967219482,0,1,0,1,1,1,1,1,1,0,1,0,1,0,1,1,1,0,1,0,1,1,1,1,1,1,0,0,0,1,0,0,0,1,0,0,1,0,0,0
3297,0.153862163898583,0,1,1,1,1,1,1,1,1,0,1,1,1,0,1,1,1,0,0,0,0,1,0,0,1,0,0,0,0,1,0,0,0,0,0,1,0,0,0,0
3298,-0.762606865396854,0,0,0,0,0,1,1,1,0,0,0,0,0,0,0,1,0,1,0,1,1,1,1,0,1,1,1,1,0,0,0,0,0,1,0,0,1,1,0,0
3299,0.31814878568537,0,0,0,0,0,1,1,0,0,1,1,1,1,1,1,1,1,1,1,0,1,1,0,1,1,0,0,0,1,1,0,0,0,1,1,0,0,0,0,0
3300,0.888141224570075,1,1,0,0,1,1,0,0,1,1,1,1,0,0,1,1,1,1,1,0,1,1,1,1,1,0,0,0,0,0,0,1,0,1,1,1,1,1,0,0
3301,0.218645418912116,0,1,0,1,0,1,1,0,1,1,1,0,1,1,0,1,1,1,1,0,1,1,0,0,0,1,0,1,1,0,0,0,0,1,0,1,0,1,0,1
3302,1.10489617570314,0,1,1,0,1,1,1,1,1,0,0,1,0,1,1,1,1,1,1,0,1,1,1,0,0,0,1,1,0,1,0,0,0,0,1,1,1,1,0,0
3303,0.729021532390208,0,1,0,0,1,1,1,1,1,1,1,0,0,1,0,1,1,1,1,1,1,1,1,0,1,0,0,1,0,0,0,0,0,1,1,1,1,1,1,1
3304,-0.719752321102902,0,1,1,0,1,1,1,1,1,0,1,1,0,1,1,1,0,0,0,0,1,1,0,1,0,0,0,1,1,1,0,0,0,1,1,1,0,0,0,0
3305,1.74075239912087,1,1,0,1,0,1,1,1,1,0,1,1,1,1,1,1,1,0,1,1,0,1,0,1,1,0,1,0,1,0,1,1,0,0,0,1,1,1,1,1
3306,-0.0524204596845325,0,1,0,1,1,1,1,1,1,0,1,1,0,1,0,1,0,0,1,0,1,1,1,1,1,0,1,0,1,0,0,0,1,0,1,1,1,0,0,1
3307,2.2354554276873,1,1,0,1,1,1,1,0,1,1,1,1,0,0,0,1,1,0,1,1,1,1,1,1,0,1,1,1,0,1,0,1,0,0,1,1,1,1,0,1
3308,0.0291292502598039,1,1,1,0,1,1,0,1,1,1,1,0,0,0,1,1,1,0,1,1,1,1,1,1,1,1,0,0,1,1,0,0,1,1,1,1,0,1,1,0
3309,-0.768371063649216,0,0,1,1,1,1,1,0,1,1,1,1,0,1,0,0,1,1,1,1,0,1,0,0,1,0,0,1,1,0,0,0,0,0,0,0,1,0,1,0
3310,0.644557379758027,0,1,0,1,0,1,1,0,1,1,1,1,1,0,0,1,1,1,1,0,1,1,1,0,1,0,1,1,1,0,0,0,0,0,1,1,1,1,0,0
3311,1.69979876521074,0,0,0,0,0,1,1,0,1,1,1,1,1,1,1,1,1,1,1,1,1,1,1,1,1,0,1,1,1,1,0,1,0,1,1,1,1,1,1,1
3312,-0.721022398659083,1,1,0,1,1,1,1,0,1,0,0,0,0,1,0,0,1,0,0,0,0,1,1,0,1,0,1,0,1,0,0,0,1,1,1,0,1,1,0,0
3313,2.31248646965574,1,0,0,0,1,1,1,1,1,1,1,1,1,0,1,1,1,1,1,0,0,1,1,1,1,1,1,0,1,1,0,1,0,1,0,1,1,1,1,0
3314,-0.157234415623884,0,1,0,0,1,1,0,0,1,1,0,0,0,0,1,1,1,0,1,1,1,1,1,1,0,1,0,1,1,0,0,0,1,0,0,0,0,1,0,0
3315,0.796995848527522,1,1,1,0,1,1,1,1,1,1,1,0,1,1,0,1,1,0,1,1,1,1,1,1,1,0,1,1,1,1,1,1,0,0,0,0,0,1,1,1
3316,0.0177773095427229,0,0,0,0,1,1,1,1,1,0,1,1,0,0,1,1,1,1,1,0,0,1,1,1,1,0,1,1,0,0,1,0,0,0,0,0,1,1,1,0
3317,-0.11033581283007,1,0,1,1,0,1,1,1,1,0,1,1,0,0,1,1,1,0,1,1,0,1,0,0,1,1,1,1,1,0,1,0,0,0,1,0,1,1,0,0
3318,0.704903233648055,0,1,0,0,1,1,1,0,1,1,1,1,1,1,1,1,1,0,1,0,1,1,1,1,1,0,1,0,1,1,1,1,1,0,1,0,1,1,1,0
3319,0.0653865236057752,0,0,0,0,1,1,1,1,1,0,1,0,1,0,1,0,0,0,1,0,1,1,1,0,1,1,1,1,1,1,0,0,1,1,1,0,0,0,1,1
3320,-1.25730305209582,0,1,0,0,1,1,0,0,0,0,0,0,0,0,0,1,0,1,1,0,1,1,0,1,0,0,0,0,1,1,0,0,1,1,0,0,0,0,0,0
3321,0.885414354718205,0,1,0,1,1,1,1,0,1,1,1,0,1,0,1,1,0,0,1,0,1,1,0,1,1,0,1,1,1,0,0,1,1,0,0,1,0,1,1,0
3322,1.0759961492887,0,0,0,0,1,1,1,1,1,0,1,0,1,0,1,1,1,0,1,0,1,1,0,1,0,0,0,0,1,1,0,1,0,0,1,1,1,1,0,1
3323,0.393036139092978,1,1,1,1,1,1,1,1,1,0,1,1,0,0,0,1,1,1,1,1,1,1,1,0,1,1,1,1,1,1,0,0,0,1,1,0,1,0,0,0
3324,-0.444711921377725,1,0,1,0,1,1,0,0,1,0,1,1,1,0,1,1,1,0,1,0,1,1,1,0,1,0,0,0,1,0,0,0,0,0,1,0,0,1,1,0
3325,-1.79503363847833,0,1,0,0,0,0,0,0,0,1,1,0,0,0,0,0,0,0,0,0,1,1,0,0,1,0,0,0,0,0,0,0,0,0,0,0,0,0,1,0
3326,-1.17499582475987,1,0,0,1,1,1,1,0,1,1,1,0,0,0,1,0,0,0,1,0,1,1,1,0,0,0,0,0,0,1,1,0,1,0,0,0,0,0,0,0
3327,1.89632660997945,1,0,0,1,1,1,1,1,1,1,1,1,0,1,1,1,1,1,1,1,1,1,1,0,1,1,1,1,0,1,0,1,0,1,1,1,1,1,1,1
3328,-0.620052905849304,0,1,0,0,1,1,0,0,1,0,0,1,0,1,0,1,0,1,1,0,1,1,1,0,0,0,1,0,1,1,0,0,0,0,1,1,1,1,1,0
3329,0.195962909076851,0,0,0,1,1,1,0,0,1,0,1,1,0,0,1,1,1,1,1,0,0,1,1,1,1,0,0,0,1,0,0,0,0,1,1,0,1,1,0,0
3330,-0.0701075273029835,1,0,1,0,0,1,0,1,0,0,0,0,0,0,0,1,0,1,1,1,0,1,0,1,1,0,0,0,1,0,0,0,1,1,1,0,1,0,1,1
3331,0.485821458984182,0,1,0,1,0,1,1,0,1,1,1,0,0,0,1,1,1,0,1,0,1,1,0,1,1,1,0,1,0,0,0,0,1,0,1,0,0,0,0,0
3332,0.000116930786502112,0,1,1,1,1,1,0,0,1,1,0,0,0,1,1,1,1,1,1,0,1,1,1,0,0,1,1,0,0,1,0,0,1,0,1,0,1,1,1,0
3333,0.272102037803804,0,0,0,0,1,1,1,0,1,1,1,1,0,0,0,1,1,1,1,0,1,1,1,1,1,0,1,1,0,1,0,0,1,1,1,1,1,0,0,1
3334,0.906622417541353,1,1,0,0,1,1,1,0,1,1,1,1,0,0,1,1,1,1,1,0,1,1,1,1,0,0,1,0,1,1,1,1,0,1,0,1,1,0,0,1
3335,0.910230606995488,1,1,0,1,0,1,1,0,1,1,1,1,1,0,1,1,1,1,1,0,1,1,0,1,0,0,1,0,0,0,1,1,1,0,0,0,1,1,0,1
3336,0.744712197581496,1,1,0,0,0,1,1,0,1,0,0,0,0,0,0,1,1,0,1,1,1,1,1,1,1,0,1,0,1,0,0,1,0,1,1,0,1,0,0,0
3337,-0.1632073397946,1,1,0,0,1,1,1,0,1,1,0,1,0,0,0,1,0,1,1,0,1,1,1,1,1,0,0,0,0,1,0,0,0,1,1,0,0,1,0,0
3338,0.787196132568902,1,0,0,0,0,1,1,1,1,0,1,1,0,0,1,1,1,1,1,0,1,1,1,1,1,1,1,0,0,1,0,1,1,0,1,0,1,0,0,1
3339,-0.56756561430498,0,1,1,1,1,1,0,1,1,0,1,1,1,0,0,0,1,1,1,0,1,1,1,1,1,0,1,1,1,0,0,0,1,0,1,0,1,1,1,0
3340,-0.360227482720819,0,1,0,0,1,1,0,0,1,0,1,0,0,0,1,1,0,1,0,1,1,1,0,1,1,0,1,0,0,0,0,0,0,0,0,0,1,1,0,0
3341,-0.818903030404203,0,0,1,1,1,1,1,1,1,1,0,0,0,0,0,0,1,0,0,0,0,0,0,1,1,0,1,0,0,0,0,0,0,0,1,0,1,0,1,0
3342,-0.658841998738128,1,1,1,1,0,1,1,0,0,1,1,0,0,1,0,1,0,0,0,0,0,1,1,1,1,0,1,1,0,1,0,0,0,1,0,0,1,1,0,0
3343,0.37154848367469,1,1,0,1,1,1,1,1,1,0,0,1,0,0,1,1,1,0,1,0,1,1,1,1,0,0,1,1,1,1,0,0,1,0,1,0,1,1,1,0
3344,-1.42737364087993,0,0,0,0,0,1,1,0,1,1,1,0,0,0,1,0,0,0,0,0,1,1,0,0,0,0,0,1,0,0,0,0,0,0,0,0,0,0,0,0
3345,-0.18957258859674,1,0,0,0,0,1,0,1,1,0,1,0,0,0,1,1,1,1,1,0,1,1,1,0,1,0,0,0,1,0,0,0,1,1,1,1,1,0,0,1
3346,-0.533640487688488,0,1,1,0,1,1,0,0,1,0,1,1,1,0,1,0,0,0,1,0,1,1,0,1,1,0,1,1,1,0,0,0,1,1,0,0,0,0,0,1
3347,1.37180328912882,1,1,1,0,1,1,1,1,1,1,1,1,1,0,1,1,1,1,1,1,1,1,1,1,0,0,1,1,1,1,0,1,1,1,1,1,0,1,1,0
3348,-0.326779496360266,0,1,0,0,0,1,0,0,1,0,0,1,0,1,1,1,0,0,0,0,1,1,0,1,1,0,1,0,1,0,0,0,0,1,0,0,1,0,0,0
3349,1.42536938553747,1,0,1,0,1,1,0,1,1,1,1,1,1,0,0,1,1,0,1,1,1,1,1,0,1,0,0,1,1,1,1,1,1,1,0,1,1,1,0,0
3350,0.572824588332284,0,0,0,0,0,1,0,0,1,0,0,1,0,0,0,1,1,0,1,1,1,1,1,1,1,1,0,1,0,1,0,0,1,1,0,0,0,1,0,1
3351,-2.14971311145088,1,0,0,0,1,0,1,0,1,1,1,0,1,0,0,1,0,0,0,1,1,0,0,1,0,0,0,0,0,1,0,0,1,0,0,1,0,1,0,0
3352,1.12165732443455,1,1,0,1,1,1,1,1,1,1,1,1,0,1,0,1,1,0,1,0,1,1,0,1,1,1,1,1,1,1,1,1,0,0,1,0,1,0,1,0
3353,0.885895586663851,0,1,1,0,1,1,1,1,1,0,1,0,0,0,0,1,1,1,1,0,1,1,0,0,1,0,0,1,0,1,0,1,0,0,1,1,1,1,0,1
3354,0.31335614842889,1,1,0,1,0,1,1,1,1,0,1,1,0,0,0,1,1,1,1,0,1,1,1,0,0,1,1,1,0,1,0,0,0,1,1,0,1,0,0,0
3355,-0.205808940346066,0,0,0,0,0,1,1,1,0,1,1,0,0,1,0,1,1,0,1,0,0,1,1,1,1,1,1,1,0,1,0,0,1,0,0,0,0,1,0,1
3356,0.434023705612006,1,0,0,0,1,1,1,1,1,0,0,1,0,1,1,1,1,1,0,1,0,1,1,0,1,0,0,0,1,1,0,0,0,0,1,0,1,1,0,0
3357,0.629619576609222,1,1,0,1,0,1,0,1,1,1,1,0,0,0,1,1,1,0,1,1,1,1,1,1,0,0,0,0,1,1,1,0,1,0,0,0,1,0,1,1
3358,-1.04587900423139,1,0,0,0,1,1,1,0,0,1,0,1,0,1,0,0,0,0,0,0,1,1,1,1,0,0,1,0,0,0,1,0,1,0,0,0,0,1,0,0
3359,-0.955439673632149,1,1,1,1,1,1,1,0,0,1,0,0,0,0,0,1,0,1,0,0,1,1,0,0,1,0,0,1,1,0,0,0,0,0,1,0,0,0,0,0
3360,0.922610517656538,1,1,0,1,1,1,0,1,1,0,1,1,0,0,1,1,1,1,1,1,1,1,1,0,1,0,0,1,0,1,0,0,0,0,1,1,1,1,1,1
3361,1.45927717059894,1,1,1,0,1,1,0,0,1,1,1,1,1,0,0,1,1,1,1,0,1,1,0,1,1,0,1,1,0,1,1,0,0,1,1,1,1,1,1,0
3362,0.776839128198896,1,1,0,0,0,1,1,1,1,1,1,1,0,0,1,1,0,1,1,0,1,1,0,1,1,1,0,1,0,0,0,1,0,1,0,0,0,1,0,0
3363,-0.196174531388494,1,0,0,1,0,1,1,1,1,1,1,1,1,0,0,1,0,0,1,0,1,1,1,1,0,0,0,0,0,0,1,0,0,0,0,0,0,0,0,0
3364,-0.701660638575661,0,1,0,1,0,1,0,1,1,1,0,1,0,0,0,1,0,1,1,0,1,1,1,0,1,0,1,1,0,0,0,0,0,0,1,0,0,1,0,1
3365,1.15593554852732,0,1,0,1,1,1,1,1,1,1,0,1,0,1,1,1,1,1,1,1,1,1,0,1,1,0,0,1,1,0,1,1,1,0,1,1,1,0,1,0
3366,-0.181985693930294,0,0,0,0,1,1,0,0,1,0,0,1,0,1,1,1,1,0,0,1,0,1,0,0,0,0,1,0,1,1,0,0,0,0,1,1,1,0,0,0
3367,0.966697580360474,1,1,0,0,1,1,0,1,1,1,1,1,0,0,1,1,1,0,1,0,0,1,1,1,1,0,0,1,1,1,0,0,1,0,1,1,0,1,1,0
3368,-1.69842970896527,0,0,0,1,0,0,1,0,1,1,0,1,1,0,1,0,0,0,0,0,0,0,1,0,1,0,0,0,0,0,0,0,0,0,0,0,0,1,0,0
3369,-0.139978492664515,0,1,0,0,1,1,1,0,1,1,1,1,0,1,0,1,1,1,1,1,1,1,1,0,1,1,1,0,1,0,0,0,0,0,0,0,0,0,0,0
3370,0.0750810559066382,0,1,0,0,1,1,1,0,1,1,1,0,0,0,1,1,1,0,1,1,1,1,1,0,0,0,1,0,0,1,0,0,0,0,0,1,1,0,0,1
3371,0.588977580197562,0,1,0,0,1,1,1,1,1,1,1,1,0,0,0,1,1,1,1,0,1,1,0,1,1,1,1,1,1,1,0,0,0,0,1,1,0,1,0,0
3372,-1.60688669019235,0,1,0,0,1,0,0,0,0,0,0,1,0,0,1,0,0,0,0,0,1,0,0,1,0,1,0,0,1,0,0,0,0,0,0,0,0,0,0,0
3373,0.359934576122587,1,1,0,0,0,1,1,1,1,0,0,0,0,0,1,1,1,0,1,0,1,1,1,1,1,0,1,0,0,1,0,1,1,1,0,0,1,1,0,0
3374,-1.14850730308238,1,0,0,0,1,1,1,0,1,1,1,0,1,0,1,1,0,1,0,0,1,0,1,1,0,0,0,1,0,1,0,0,0,0,0,0,0,1,1,1
3375,0.82608493370885,1,1,1,0,0,1,1,1,1,0,1,1,0,1,0,1,1,0,1,1,1,1,0,0,0,0,1,0,0,0,1,1,0,1,0,1,1,1,0,0
3376,-0.406050932553559,1,1,0,1,0,1,1,1,1,1,1,1,0,0,1,1,0,0,1,0,0,1,0,1,1,0,1,0,0,0,0,0,1,0,1,0,1,1,1,0
3377,1.88264316315925,0,1,0,1,1,1,1,1,1,1,0,0,1,1,1,1,1,0,1,0,1,1,0,0,1,1,1,1,1,1,0,1,1,1,0,0,1,1,1,1
3378,-0.198062501568394,1,1,0,1,0,1,0,0,1,1,1,1,0,1,1,1,1,0,1,0,1,1,1,1,1,0,1,1,1,1,0,0,1,0,1,1,0,0,0,1
3379,-0.641800240566022,0,1,0,0,1,1,1,0,1,1,1,1,1,0,0,0,1,0,0,0,0,1,1,1,0,0,0,1,1,1,0,0,0,1,1,0,0,0,0,0
3380,-0.300364054579719,0,1,0,1,0,1,0,1,1,1,1,1,0,0,1,1,1,1,1,0,1,1,0,1,0,0,1,0,1,0,0,0,0,0,0,0,1,1,0,0
3381,-2.08015971848128,0,0,0,0,1,0,0,0,0,1,1,0,0,0,1,0,0,0,0,0,0,0,0,0,1,0,1,0,1,0,0,0,1,0,0,0,1,1,0,0
3382,0.385708122614552,1,1,1,0,1,1,1,0,1,1,1,1,1,0,1,1,1,0,1,1,0,1,0,0,0,0,0,1,0,0,1,1,0,1,1,1,0,1,0,1
3383,0.708163673433666,0,1,1,1,0,1,0,0,1,1,1,1,1,1,0,1,1,0,1,0,1,1,0,1,1,0,1,0,0,1,0,1,0,1,0,0,0,1,0,0
3384,-0.853065006852247,0,1,0,0,1,1,0,0,1,1,1,0,0,1,1,0,1,0,1,1,0,1,0,1,1,1,0,1,1,0,0,0,0,0,0,0,0,1,0,0
3385,-0.0363806753407046,1,0,0,1,0,1,0,1,1,1,1,1,1,0,0,1,1,0,0,0,1,1,1,1,1,0,1,0,0,0,0,0,0,0,1,0,1,1,1,0
3386,-1.03559517229124,0,1,0,1,1,1,1,1,1,0,1,1,1,0,1,1,0,0,0,0,1,1,1,0,1,0,0,0,0,1,0,0,0,1,0,0,0,0,1,0
3387,-0.0960764569183112,0,0,0,1,1,1,1,0,1,1,0,0,0,0,1,1,0,0,1,0,1,1,0,1,0,0,0,0,0,0,1,0,1,0,1,0,1,0,1,0
3388,0.711300271060564,0,0,1,0,1,1,0,1,1,1,1,1,1,1,1,1,1,1,1,0,0,1,1,0,1,0,1,0,1,0,1,0,0,1,0,1,1,0,0,0
3389,0.0179008287030195,0,1,1,1,1,1,0,0,1,1,0,0,0,1,1,1,1,0,1,0,1,1,1,0,1,1,0,0,1,1,0,0,0,0,0,0,1,0,1,0
3390,-2.38466589683819,0,0,0,0,0,0,1,0,0,0,0,0,0,1,0,0,0,0,0,0,1,0,1,0,0,0,0,0,0,1,0,0,0,0,0,0,0,0,0,1
3391,0.0427992051266911,0,1,0,1,0,1,1,0,1,0,1,0,0,1,1,1,0,0,1,0,1,1,0,0,1,1,0,0,0,1,0,1,0,1,1,0,1,1,0,1
3392,0.181360044533225,1,1,0,1,1,1,0,0,1,1,0,1,0,0,0,1,1,0,1,0,1,1,1,0,1,1,1,1,1,1,0,0,1,0,0,0,1,1,0,0
3393,-1.7435182621647,0,0,0,0,0,1,1,0,0,1,0,1,0,0,1,0,0,1,0,0,1,0,0,0,0,1,0,0,0,1,0,0,0,0,1,0,1,0,0,0
3394,-0.607741377199087,0,1,1,0,1,1,0,1,1,0,0,1,0,0,1,1,0,1,1,1,0,0,1,0,0,0,0,0,0,1,0,0,0,1,0,1,0,0,0,0
3395,0.524040677258778,1,0,1,0,0,1,1,1,1,0,0,0,0,0,0,0,1,1,1,1,0,1,1,0,0,0,1,1,0,1,0,0,1,1,1,0,1,0,0,0
3396,-1.77260763726186,0,1,0,0,0,0,1,1,0,1,1,1,1,0,0,0,0,0,0,0,0,0,0,1,0,0,0,0,0,0,0,0,0,0,1,0,1,1,0,0
3397,0.886435566155195,0,1,1,0,1,1,1,1,1,1,1,0,0,0,1,1,1,0,1,1,1,1,0,1,1,0,1,0,0,1,0,0,0,1,1,1,1,0,1,1
3398,-0.702173964037541,1,1,0,1,0,1,1,1,0,1,1,1,0,1,1,1,0,0,0,0,1,1,1,0,1,0,0,0,0,1,0,0,0,0,1,0,1,1,1,0
3399,0.302974752031123,0,1,0,0,0,1,1,1,1,1,1,1,0,0,1,1,1,1,1,0,1,1,1,1,1,0,0,1,0,1,0,0,0,1,1,0,1,0,0,0
3400,-0.474218441621642,0,1,1,0,0,1,0,1,1,0,1,1,0,0,1,1,1,1,1,0,1,1,0,1,1,1,0,1,1,0,1,0,0,1,0,0,1,0,0,0
3401,-1.2623800883721,0,0,0,0,1,1,1,0,0,0,0,1,1,1,1,0,0,1,0,1,1,1,1,0,1,0,0,1,0,1,0,0,0,0,0,0,0,0,0,1
3402,-0.0704283515724725,1,1,0,1,0,1,1,1,1,1,1,0,0,1,1,1,1,0,1,1,0,1,1,1,1,0,0,0,1,0,0,1,1,1,0,0,1,1,0,0
3403,-0.725716760497123,0,1,0,1,1,1,1,0,1,1,0,0,0,0,1,1,0,0,1,0,1,1,0,0,0,1,1,0,0,1,0,0,0,0,1,0,0,0,0,0
3404,-0.462609497525579,1,0,1,0,1,1,0,0,1,1,0,1,0,0,1,0,1,1,0,1,1,1,0,0,1,1,1,0,0,1,0,0,0,0,0,1,1,1,0,0
3405,0.0544284233810177,1,0,1,1,1,1,1,1,1,0,1,1,1,1,1,1,1,0,1,1,1,1,0,1,0,1,0,0,1,1,1,0,0,1,0,0,1,0,0,0
3406,0.533594829982276,0,1,1,0,1,1,0,1,1,1,0,1,1,1,1,1,1,0,1,0,0,1,0,1,1,0,1,0,1,0,0,0,0,0,1,0,1,0,0,0
3407,1.84652412786619,1,1,1,1,1,1,1,1,1,1,1,1,0,0,1,1,1,1,1,0,1,1,1,1,1,0,1,1,0,1,1,1,1,1,1,1,1,1,0,1
3408,0.296110637406308,1,0,1,0,0,1,1,0,1,1,0,1,1,1,1,1,1,1,1,0,1,1,1,1,1,1,0,1,1,1,1,0,1,0,1,0,0,1,0,1
3409,-0.416451284775991,0,0,0,0,1,1,0,0,1,0,0,0,0,0,0,1,0,1,1,0,0,1,1,1,1,0,0,0,0,0,1,0,0,1,0,0,0,1,1,0
3410,-0.236789646366851,0,1,0,1,1,1,1,1,1,0,1,1,1,1,0,1,1,0,0,0,1,1,1,0,1,0,0,0,1,1,1,0,0,0,1,1,0,1,0,0
3411,-0.0388207917559838,0,1,1,0,0,1,1,0,1,1,1,0,0,1,1,1,1,0,1,1,1,1,1,1,0,1,0,1,0,0,1,0,1,1,1,1,0,1,0,1
3412,-0.435800704384912,0,1,0,0,1,1,0,1,1,0,1,1,0,0,1,1,1,1,0,1,1,1,0,1,0,0,0,0,1,0,0,0,1,0,1,1,1,1,0,0
3413,-0.779885289513991,1,1,1,0,1,1,1,0,1,0,0,1,0,0,1,0,0,0,0,0,0,1,0,0,1,0,0,0,0,0,0,0,1,1,0,0,1,1,1,0
3414,-2.14320411949835,0,0,0,0,0,0,1,0,1,1,0,1,0,0,1,0,0,0,0,0,1,0,0,1,0,0,0,0,1,1,0,0,0,0,0,0,0,1,0,0
3415,1.086611995341,1,1,1,1,1,1,1,1,1,1,1,1,0,1,1,1,1,1,1,0,1,1,1,1,1,0,1,0,0,1,0,1,0,1,1,0,1,1,1,0
3416,0.931260250857977,0,1,0,0,0,1,0,1,1,1,1,0,1,0,1,1,1,1,1,0,1,1,0,1,0,1,1,0,1,1,1,1,0,1,0,0,1,1,0,0
3417,-1.20892253925766,0,1,0,1,1,1,0,0,1,0,1,1,0,0,0,0,0,0,0,1,1,1,0,0,1,1,1,1,0,0,0,0,1,0,1,0,1,1,0,0
3418,-0.600565437471346,0,0,0,0,0,1,1,1,1,1,0,1,1,0,1,0,0,0,1,0,1,1,1,1,1,1,0,0,1,0,1,0,0,0,1,1,0,0,0,0
3419,0.845494096018036,1,1,0,0,1,1,1,1,1,1,0,1,0,0,1,1,1,0,1,0,1,1,1,1,1,0,1,0,1,0,0,1,1,1,1,0,1,1,1,0
3420,1.69016141256474,1,1,1,0,0,1,1,0,1,1,1,0,1,0,0,1,1,1,1,0,1,1,1,1,1,0,0,0,1,1,0,1,1,1,1,0,1,1,0,1
3421,0.0316588845264607,1,0,0,0,1,1,0,1,1,1,0,0,1,0,1,0,0,0,1,1,1,1,1,1,0,1,1,1,0,0,0,0,0,1,1,0,1,1,1,0
3422,-0.464627520610958,0,1,1,1,1,1,1,0,1,0,0,1,1,0,1,1,1,0,1,1,0,1,1,1,0,0,0,0,1,1,0,0,0,0,1,0,0,0,0,1
3423,0.983884298479577,0,1,1,1,1,1,0,1,1,1,0,0,1,1,1,1,1,1,1,1,1,1,1,1,1,0,1,1,1,1,0,0,0,1,0,0,1,1,0,1
3424,-1.25249643916312,1,1,0,0,0,1,1,0,1,0,1,0,1,0,0,1,0,0,1,0,0,1,0,0,1,0,0,0,0,1,0,0,0,0,0,1,1,1,1,0
3425,1.12464388883612,1,1,0,0,0,1,1,0,1,0,1,1,0,1,1,1,1,1,1,1,1,1,1,1,1,1,1,1,1,1,1,1,1,0,1,0,1,1,0,1
3426,-1.39122067879687,1,1,0,1,0,1,0,0,0,1,1,0,0,0,0,0,0,0,0,0,1,1,0,0,0,0,0,0,0,0,0,0,0,0,1,0,1,0,0,0
3427,-0.165698178482335,0,0,0,0,0,1,0,1,1,1,0,1,0,1,1,1,1,0,1,0,1,1,1,1,1,0,0,0,1,0,0,0,0,0,1,0,0,1,0,0
3428,-1.13988085527958,1,0,0,0,1,1,1,0,1,0,0,1,0,0,1,0,0,0,0,0,1,0,1,0,0,0,1,0,0,1,0,0,0,0,1,0,1,1,1,1
3429,1.15222351744859,0,1,0,0,0,1,0,0,1,0,1,1,0,1,1,1,1,0,1,1,1,1,1,1,1,0,1,1,1,0,0,1,0,0,1,1,1,1,1,1
3430,-0.891741256588762,1,1,1,0,1,1,0,1,1,0,0,1,0,0,0,0,0,0,0,0,1,1,0,0,1,0,1,1,0,1,0,0,0,1,0,1,1,1,0,0
3431,-2.19132805305241,0,1,0,1,1,0,0,0,0,0,0,1,0,0,0,0,0,0,0,1,0,0,0,0,1,0,0,0,0,0,0,0,0,0,0,0,0,0,0,0
3432,1.51784926140127,1,1,0,0,1,1,1,1,1,1,1,1,0,0,1,1,1,0,1,1,0,1,0,1,1,0,1,0,1,1,0,1,0,0,1,0,0,1,1,0
3433,1.66153801485612,0,1,1,1,1,1,1,1,1,1,1,1,1,1,1,1,1,1,1,0,0,1,1,1,1,0,1,1,1,1,0,1,0,0,1,1,1,1,1,0
3434,0.855286969749987,1,0,1,0,1,1,1,0,1,1,1,0,1,0,0,1,1,1,1,1,1,1,1,0,1,1,1,1,0,1,0,1,0,1,1,1,1,1,1,1
3435,-0.714874832735646,0,1,0,1,1,1,1,1,0,1,0,0,0,1,1,0,0,0,0,0,1,1,1,1,0,0,0,0,1,0,0,0,1,0,1,1,1,1,0,0
3436,1.55131686964982,0,1,1,1,1,1,1,0,1,1,1,1,1,0,1,1,1,0,1,0,1,1,1,1,1,1,1,1,0,1,1,0,1,1,1,0,0,1,0,1
3437,-2.49436135438951,0,0,0,1,1,0,0,0,0,0,1,1,0,0,0,0,0,0,0,0,1,0,0,1,0,0,0,0,0,0,0,0,0,0,0,0,1,1,0,0
3438,-0.0814288032095576,0,1,0,1,1,1,1,0,1,0,0,1,0,0,1,0,1,1,1,1,1,1,0,1,1,0,0,1,1,1,0,0,1,0,1,0,1,1,0,0
3439,-0.274742778215486,0,1,0,0,1,1,1,1,1,1,0,1,1,0,1,1,1,0,1,0,0,1,0,1,0,1,1,0,1,1,0,0,1,0,0,1,0,1,0,0
3440,-0.464621857178366,1,1,1,0,0,1,1,0,0,1,0,1,1,0,1,1,0,0,1,1,0,1,1,0,1,0,0,0,1,1,0,0,0,0,0,1,1,1,1,0
3441,0.146320921976375,1,1,0,1,1,1,0,0,0,1,1,1,0,1,0,1,1,1,1,0,1,1,1,0,0,0,0,0,1,0,0,0,1,0,1,0,1,1,0,0
3442,-0.259246714551787,0,0,0,0,1,1,1,1,1,1,0,0,0,1,1,1,1,0,1,1,0,1,1,0,0,1,1,0,1,0,0,0,1,1,0,1,1,0,0,1
3443,1.6079021516106,0,1,0,1,1,1,1,1,1,1,1,1,0,1,1,1,1,0,1,1,1,1,0,1,1,1,1,1,1,1,0,1,1,1,1,1,1,1,0,1
3444,-1.7118988848507,0,1,1,0,0,0,0,0,0,0,0,1,0,0,0,1,0,0,0,0,1,0,1,1,1,0,0,0,1,0,0,0,0,0,0,0,1,1,0,0
3445,-1.42549028844822,1,0,1,1,1,1,0,0,0,0,0,1,1,0,0,0,0,0,0,0,0,0,0,0,1,0,0,1,1,0,0,0,0,0,0,0,1,0,1,1
3446,-0.784113433851982,0,1,1,0,0,1,1,0,1,1,0,1,0,0,1,1,0,1,1,0,1,1,1,0,1,1,1,0,0,1,0,0,1,0,0,0,1,0,0,0
3447,-0.18362121198534,0,1,0,0,1,1,1,1,1,1,1,1,0,0,0,1,0,1,1,0,1,1,0,1,0,1,0,0,1,1,0,0,0,0,0,1,0,1,0,0
3448,-0.644906744542744,1,0,0,0,1,1,0,0,1,0,1,0,0,0,0,0,0,0,0,0,1,1,0,0,1,1,1,0,0,0,0,0,1,0,1,1,0,1,0,0
3449,-0.362825764920623,1,1,1,1,1,1,1,1,1,1,0,0,0,0,1,1,1,0,1,0,0,1,0,1,0,0,0,0,1,1,0,0,0,1,0,0,0,1,1,0
3450,-1.42035899490974,0,0,0,0,0,1,1,0,0,1,1,0,1,0,1,0,0,1,0,0,1,0,0,1,1,0,0,1,0,0,0,0,1,0,0,0,0,1,0,0
3451,0.794544090728119,0,1,1,0,1,1,1,1,1,0,1,1,1,0,1,1,1,0,1,0,1,1,0,1,1,1,0,1,1,1,0,0,0,1,1,0,1,1,0,0
3452,2.75400440527993,1,0,0,1,1,1,0,1,1,1,1,1,1,1,1,1,1,0,1,0,1,1,1,1,1,1,1,1,1,1,0,1,0,0,1,0,0,1,1,1
3453,0.218868611452777,0,1,0,1,1,1,1,0,1,1,1,0,1,1,0,1,1,0,1,1,1,1,0,1,1,1,1,1,0,1,1,0,0,0,1,1,0,1,0,0
3454,-0.115076529498468,0,1,0,0,0,1,0,0,1,1,1,1,0,0,1,1,1,0,1,0,1,1,0,1,1,0,0,0,0,0,1,0,0,1,1,0,1,0,0,1
3455,0.141380582641346,1,1,0,0,1,1,1,0,1,1,1,1,0,0,1,1,0,0,1,0,1,1,1,1,0,1,0,0,0,0,0,0,1,0,1,0,0,1,0,1
3456,-0.919201862943002,0,1,0,0,0,1,1,0,1,0,0,0,0,0,0,0,0,1,0,0,1,1,1,0,1,0,1,0,0,0,0,0,0,0,1,0,0,0,0,0
3457,-0.359150983054684,1,0,1,0,0,1,1,0,1,0,1,1,0,0,1,1,0,0,1,0,0,1,1,0,0,0,1,0,1,1,0,0,1,1,0,0,1,1,1,1
3458,-1.73959282153843,0,1,0,1,0,0,1,1,0,1,0,1,0,0,1,0,0,0,0,0,1,0,1,1,0,0,0,0,0,0,0,0,0,0,0,0,0,0,0,1
3459,2.38757410081944,1,0,0,1,1,1,1,1,1,1,1,1,0,1,1,1,1,0,1,1,1,1,1,1,1,1,1,1,0,1,1,1,1,1,1,0,1,1,1,0
3460,-0.205804352945304,0,1,0,0,0,1,1,0,0,0,1,1,0,1,0,1,0,0,1,0,0,1,0,0,1,0,0,1,0,1,0,0,0,0,0,1,1,1,0,0
3461,0.27139332084786,0,0,0,0,0,1,1,0,1,0,0,0,0,0,1,1,1,1,1,1,1,1,0,1,1,0,0,0,0,1,0,0,0,0,0,0,0,0,0,0
3462,-0.671326856308305,1,1,0,1,0,1,0,0,1,1,0,0,1,1,0,0,0,1,0,0,0,1,0,1,0,0,0,1,0,1,0,0,0,0,1,1,1,0,0,0
3463,0.112174618180937,1,1,1,1,1,1,0,1,1,0,1,1,0,0,1,0,1,1,1,1,1,1,1,1,0,0,0,0,0,0,0,0,1,1,1,0,0,1,0,1
3464,-0.199690187935251,0,0,1,1,1,1,1,1,1,1,1,1,1,0,0,1,0,0,1,1,1,1,1,1,1,1,1,0,1,1,1,0,0,1,0,0,0,1,0,1
3465,0.711041196639831,1,1,0,1,0,1,1,1,1,1,1,1,0,0,1,1,1,0,1,0,1,1,0,0,1,0,1,1,0,1,0,0,0,1,1,0,1,0,1,0
3466,-0.167357829543547,1,0,1,0,1,1,1,1,1,1,1,1,0,0,1,1,0,1,1,1,1,1,1,1,0,0,1,0,0,1,0,0,1,1,0,0,1,1,0,0
3467,0.1860637650431,0,0,0,0,1,1,1,0,0,0,1,1,0,0,1,1,1,1,1,1,1,1,0,1,1,0,1,0,0,1,0,0,1,1,1,0,1,1,1,1
3468,1.37108006243693,1,1,0,1,1,1,0,1,1,1,1,1,0,0,1,1,1,0,1,1,1,1,1,1,1,1,1,0,1,0,0,1,1,0,1,0,0,1,0,0
3469,0.291430493142743,1,1,0,0,1,1,1,1,1,1,1,0,0,0,0,1,1,1,0,1,1,1,1,0,1,0,0,1,0,1,1,0,1,0,1,1,0,1,0,0
3470,1.68894726622851,1,1,1,1,0,1,0,1,1,1,0,1,0,1,1,1,1,0,1,0,1,1,1,0,1,0,1,0,0,0,0,1,1,1,1,0,1,1,1,1
3471,-2.5133310407256,1,0,0,0,1,0,1,0,0,0,1,0,0,0,0,0,0,0,0,0,1,0,0,1,1,0,0,0,0,1,0,0,0,1,1,0,0,0,0,0
3472,1.4456884980199,0,1,0,0,1,1,1,0,1,0,1,1,1,0,1,1,1,0,1,0,1,1,1,1,1,0,0,1,1,0,0,1,0,1,1,1,0,1,1,0
3473,1.27578586375446,1,1,1,1,1,1,1,0,1,1,1,1,0,1,1,1,1,1,1,1,1,1,1,1,1,0,1,1,0,1,0,1,1,1,0,1,1,1,1,1
3474,0.245614708591719,0,1,0,1,1,1,1,1,1,0,1,1,1,0,0,1,1,1,1,0,1,1,0,1,1,0,0,1,0,0,0,0,0,1,0,0,1,0,0,1
3475,-1.56777602124618,0,1,0,0,1,1,1,0,0,1,1,0,0,0,1,0,0,0,0,0,1,1,1,1,1,0,0,0,1,1,0,0,0,1,0,0,1,0,0,0
3476,1.92634221274517,1,1,1,0,1,1,1,1,1,0,1,0,0,0,0,1,1,1,1,1,1,1,1,1,1,0,1,0,0,1,0,1,0,1,1,1,1,1,0,1
3477,1.51655821149688,0,1,0,1,1,1,0,1,1,1,0,1,1,0,1,1,1,0,1,1,1,1,1,0,1,1,0,1,1,1,0,1,1,1,0,0,1,1,0,1
3478,-0.212238389281982,0,0,0,1,1,1,1,1,1,1,0,1,0,0,0,1,0,1,0,0,1,1,1,1,0,0,1,1,1,0,0,0,1,1,0,1,0,1,1,1
3479,-1.7317735282854,1,1,0,0,0,0,1,1,0,0,1,0,0,0,0,0,0,0,0,0,0,0,0,0,1,0,0,1,0,0,0,0,0,0,0,1,0,1,0,0
3480,-0.0421832490208536,1,1,0,1,0,1,0,0,0,1,1,1,0,0,1,1,1,1,1,0,1,1,1,0,1,0,1,0,0,1,0,0,0,0,0,0,0,1,0,0
3481,0.268839396475455,1,1,1,1,1,1,0,0,1,0,1,1,0,1,1,1,1,0,1,0,1,1,1,1,0,0,0,1,1,0,0,0,0,0,1,1,0,0,0,0
3482,-0.012836917964316,0,0,0,1,1,1,1,1,1,1,0,0,0,0,0,1,0,0,1,0,1,1,0,1,1,0,1,0,0,1,1,0,1,0,0,1,1,1,0,0
3483,-1.36207139397201,1,1,0,0,1,1,0,0,0,0,1,1,0,0,1,0,0,0,0,0,1,0,0,0,1,0,1,0,0,1,1,0,1,0,0,0,0,1,0,0
3484,0.142408882985515,1,1,0,1,1,1,1,0,1,1,0,1,1,0,1,1,1,1,1,1,1,1,1,0,1,0,1,1,1,1,0,0,0,1,1,0,1,0,1,1
3485,-1.67640520762029,0,0,0,0,1,1,0,0,0,1,0,1,0,0,1,1,0,0,0,0,1,1,1,1,0,0,0,0,0,0,0,0,1,0,0,0,1,0,0,0
3486,-1.60569927022427,0,0,0,0,0,1,1,0,1,0,1,1,0,0,0,0,0,0,0,0,1,0,0,0,1,0,0,1,0,1,1,0,1,0,1,1,0,1,0,0
3487,0.258954234134515,1,0,0,1,1,1,0,1,1,1,0,1,0,1,0,1,1,0,1,1,0,1,1,1,1,1,0,1,0,1,0,0,1,0,1,0,0,1,1,1
3488,-0.128244956054216,0,1,0,0,1,1,0,0,1,1,1,1,0,0,0,1,1,1,1,0,0,1,1,0,1,1,0,1,0,0,0,0,0,0,1,1,1,0,0,0
3489,0.369183595193212,0,1,0,1,1,1,0,1,1,1,0,0,1,1,0,1,1,1,1,0,1,1,1,0,1,0,0,1,1,1,0,0,0,1,1,0,1,1,0,1
3490,-0.0651741418406955,0,0,0,1,1,1,1,1,1,0,1,0,0,0,1,1,0,0,1,0,1,1,0,1,0,0,1,1,1,1,0,0,0,1,0,0,0,1,0,0
3491,0.324517824298955,0,1,0,0,1,1,1,1,1,1,1,1,0,1,0,1,1,0,1,1,1,1,0,0,0,1,0,0,1,0,0,0,0,1,1,0,0,1,0,0
3492,-0.597926303816233,0,1,0,1,0,1,0,1,1,0,0,1,0,0,0,1,0,0,1,1,1,1,0,0,1,0,0,0,0,1,0,0,0,0,0,1,0,1,0,0
3493,1.15697201237569,1,1,0,1,1,1,1,0,1,1,0,1,1,0,1,1,1,0,1,1,0,1,1,1,1,0,0,1,1,1,1,0,1,0,1,1,1,0,0,0
3494,1.35607124411095,0,1,0,0,0,1,1,1,1,1,1,1,1,0,0,1,1,1,1,1,1,1,0,1,1,1,1,0,1,0,1,1,1,0,1,1,1,1,1,0
3495,0.832103581460235,0,1,0,1,1,1,1,1,1,0,1,0,1,0,0,1,1,0,1,1,1,1,1,1,0,0,1,1,1,1,0,0,0,1,1,0,1,1,1,1
3496,-0.25979659223827,1,1,0,0,1,1,1,1,1,1,0,1,0,1,0,1,1,0,0,0,1,1,0,1,1,1,1,0,1,1,1,0,1,1,0,0,1,1,0,1
3497,-0.000372041942130514,0,1,0,1,1,1,1,0,1,1,0,1,0,0,1,1,1,1,1,0,1,1,1,1,1,1,0,0,1,1,0,0,1,1,1,0,1,1,0,0
3498,1.05125258968607,0,1,1,0,1,1,1,1,1,1,1,1,0,1,1,1,1,0,1,0,1,1,1,1,0,0,1,1,0,1,0,1,1,1,0,0,1,1,0,0
3499,-0.66810000688664,1,0,0,1,0,1,1,1,1,1,1,1,1,0,0,0,0,1,0,0,1,1,0,0,1,0,0,1,1,1,0,0,0,1,1,1,1,1,0,0
3500,-0.458661457549893,0,1,1,1,0,1,1,0,0,1,0,1,1,0,0,0,1,1,1,0,1,0,0,0,1,0,0,0,1,1,0,0,1,0,0,0,1,1,0,0
3501,1.03217714730612,0,1,0,0,1,1,1,1,1,0,1,1,1,0,1,1,1,1,1,1,1,1,1,1,0,0,1,0,1,1,1,1,0,0,1,0,0,1,0,0
3502,0.130884026554637,1,1,0,0,0,1,0,1,1,0,1,1,0,0,0,1,1,0,1,0,1,1,0,1,1,0,1,1,0,0,0,0,0,1,0,0,0,1,1,1
3503,0.728641547484249,1,0,0,1,1,1,1,0,1,1,1,1,0,0,1,1,1,0,1,1,1,1,1,1,0,0,1,0,1,1,0,0,1,1,0,1,1,1,1,1
3504,-1.22455176990629,0,0,0,0,0,0,1,0,1,1,0,1,0,0,0,0,0,0,0,0,0,0,1,1,0,0,0,1,0,1,1,0,1,0,1,0,1,0,0,0
3505,-0.761687068586297,1,1,0,0,1,1,0,0,0,0,1,0,0,0,1,1,0,1,0,0,1,1,0,0,1,0,1,1,0,0,0,0,0,0,1,0,1,0,0,1
3506,0.039142115725804,1,1,1,0,0,1,1,0,1,0,1,1,0,0,0,1,1,0,1,0,1,1,0,1,1,1,0,1,0,1,1,0,0,0,1,0,1,1,0,0
3507,-0.868499551727189,1,0,0,1,0,1,1,1,1,1,1,0,0,0,0,0,0,0,1,0,1,1,1,0,0,0,0,0,0,0,0,0,0,0,1,0,0,1,0,1
3508,0.591501415148593,0,0,0,1,0,1,1,1,1,1,0,1,0,0,0,1,1,1,1,0,0,1,1,1,1,0,1,1,1,0,0,0,0,0,0,1,1,1,1,0
3509,1.19390971222201,1,1,1,0,1,1,1,0,1,1,1,0,0,0,1,1,1,0,1,1,1,1,1,1,1,0,1,1,0,0,1,1,0,1,1,1,0,1,0,0
3510,0.540189817859875,0,0,0,1,1,1,1,1,1,0,0,1,0,0,0,1,0,0,1,1,1,1,1,1,0,0,1,0,1,1,0,0,0,1,1,1,1,0,0,1
3511,-0.60691123865328,1,0,1,0,1,1,0,0,1,1,1,0,0,1,0,1,0,1,0,0,1,0,0,0,1,0,0,0,1,0,0,0,1,0,0,0,1,1,1,1
3512,-0.629826234425579,1,0,0,0,1,1,0,0,1,0,1,1,1,0,0,1,1,0,1,0,1,1,0,1,0,0,1,0,1,1,0,0,0,0,1,0,1,1,0,0
3513,0.731533247784037,1,0,0,0,1,1,0,0,1,1,0,1,0,1,1,1,1,1,1,1,1,1,1,1,1,1,1,0,1,1,1,0,1,1,1,0,1,1,1,1
3514,-0.579744965999569,1,0,0,0,0,1,1,0,1,0,0,1,0,0,0,1,0,0,1,1,1,1,1,0,1,0,0,0,1,0,0,0,0,1,0,0,0,1,1,1
3515,1.51657421374986,1,1,1,1,0,1,1,0,1,1,0,1,0,1,1,1,1,1,1,0,0,1,1,1,1,1,1,1,1,0,1,1,0,0,1,1,1,1,0,0
3516,-0.159986961059302,0,1,0,0,1,1,1,1,1,1,0,1,0,1,0,1,1,1,1,0,1,1,0,0,1,0,1,1,0,0,0,0,1,0,1,1,1,1,0,0
3517,-0.465032318908626,1,0,0,1,1,1,0,1,1,0,1,0,0,0,1,1,0,1,1,0,1,1,0,0,1,0,1,0,1,0,0,0,0,1,1,0,1,1,1,0
3518,1.10421574817131,1,1,1,0,1,1,1,1,1,1,0,0,1,0,1,1,1,0,1,1,1,1,1,1,0,0,1,0,0,0,0,1,1,1,0,1,1,1,1,1
3519,-1.96032641776152,1,0,0,0,1,1,0,0,0,0,1,0,0,1,0,0,0,0,0,0,0,0,1,0,0,0,0,0,0,0,0,0,0,1,0,0,0,1,0,0
3520,-0.0908216445276323,0,1,0,0,0,1,0,0,1,0,1,0,0,1,0,1,0,0,1,1,1,1,1,0,0,1,1,1,1,1,1,0,1,1,0,0,0,1,0,0
3521,1.02770261918436,1,1,0,1,1,1,1,1,1,0,1,0,0,1,1,1,1,1,1,1,1,1,0,1,1,1,1,1,0,1,0,1,1,0,1,1,1,1,0,0
3522,0.498012901108579,1,0,1,0,1,1,1,0,1,0,0,1,0,0,1,1,0,0,1,1,0,1,1,0,1,1,1,0,0,0,0,0,0,0,1,0,0,1,1,0
3523,-0.089261278218974,0,1,1,0,0,1,0,1,1,1,1,1,0,1,1,1,1,0,1,1,1,1,1,0,1,0,0,0,0,1,0,0,0,0,0,1,1,1,0,0
3524,-0.668056586488963,0,1,0,1,1,1,1,1,0,1,0,1,0,0,0,1,1,0,1,0,1,1,1,1,0,0,0,0,1,0,0,0,0,0,1,0,0,1,1,0
3525,0.3658532903316,0,1,0,0,1,1,1,1,1,0,0,1,1,0,0,1,0,1,1,0,1,1,0,0,1,0,0,1,1,0,0,0,1,1,1,0,1,1,0,0
3526,-0.610107857680999,0,0,0,1,1,1,0,1,1,1,1,0,0,0,0,1,0,0,1,1,0,1,0,0,0,0,0,0,0,1,0,0,0,0,0,0,1,0,0,1
3527,0.753005056396072,0,1,0,1,1,1,1,1,1,1,1,0,0,1,1,1,1,0,1,1,1,1,1,1,1,0,0,1,1,0,1,0,0,0,1,1,1,1,0,0
3528,0.500105372589338,1,1,0,1,1,1,0,1,1,1,1,0,0,0,1,1,1,1,1,0,1,1,0,1,0,1,0,1,1,1,0,0,1,1,1,1,1,1,0,0
3529,-1.46925737951409,0,0,0,0,1,1,0,0,1,0,1,0,0,0,0,1,0,1,1,1,0,1,1,0,1,0,0,0,1,0,0,0,0,0,0,0,0,1,0,1
3530,0.801101799819151,1,1,1,1,1,1,1,0,1,0,1,0,0,0,0,1,1,1,1,0,1,1,0,1,1,0,0,0,1,1,0,0,1,1,1,0,0,1,1,0
3531,0.663841469566817,1,1,1,1,1,1,0,1,1,0,1,1,0,0,0,1,1,0,1,0,1,1,0,1,0,0,1,0,1,1,1,1,0,1,1,1,0,0,1,1
3532,-1.03942252519608,0,0,0,1,1,1,1,0,1,1,1,1,0,1,0,0,0,1,1,1,0,0,1,0,0,0,0,0,1,0,0,0,0,0,0,0,1,1,0,1
3533,0.670514481944872,0,1,1,0,0,1,1,1,1,1,0,1,1,0,1,1,1,0,1,0,1,1,1,1,1,1,0,0,0,1,0,1,1,1,1,0,1,1,1,0
3534,-1.22378829851055,0,1,0,0,1,1,0,0,1,0,1,1,0,1,0,0,1,0,0,0,1,1,1,0,0,0,0,0,1,0,1,0,0,0,0,0,0,0,1,0
3535,-1.06286750171561,1,1,0,1,1,1,0,0,1,0,1,0,0,0,1,0,0,0,0,0,0,0,0,0,0,0,0,0,0,1,0,0,0,0,0,0,1,0,0,0
3536,0.818958402492817,0,1,1,1,0,1,1,1,1,0,1,1,0,0,1,1,1,0,1,1,1,1,1,1,1,1,0,1,0,1,0,1,1,0,1,1,1,1,0,1
3537,0.462698039595636,0,0,1,1,0,1,1,0,1,1,1,1,1,0,1,1,1,1,1,1,1,1,1,0,1,1,1,1,0,0,1,0,0,1,0,0,1,1,1,0
3538,-0.94847678374525,0,0,0,1,0,1,1,1,0,1,1,1,1,0,0,0,0,0,0,1,0,1,1,0,1,1,0,0,0,0,0,0,0,1,0,1,0,1,1,1
3539,-0.903070307525152,0,0,0,0,1,1,1,0,1,0,1,1,0,0,1,1,0,0,1,1,0,1,1,0,1,0,1,1,1,0,0,0,1,0,0,1,0,1,1,0
3540,-0.696919041706344,0,1,1,1,0,1,1,1,0,0,1,1,1,1,0,1,0,0,1,0,1,1,1,1,0,0,1,0,0,1,0,0,0,0,0,0,1,0,0,0
3541,-1.22968397718341,0,1,0,0,1,1,1,1,0,0,0,0,1,0,0,1,0,0,0,0,1,1,1,0,1,0,0,0,0,0,1,0,0,0,0,0,0,1,0,0
3542,-0.075443708154195,0,1,1,0,1,1,1,1,1,1,0,1,0,0,0,1,1,0,1,0,1,1,0,1,1,1,1,0,0,0,1,0,1,1,1,1,1,1,1,0
3543,0.221731296981974,1,1,0,1,0,1,1,1,1,1,0,1,0,1,1,1,1,0,1,0,1,1,1,0,1,0,0,0,1,0,0,0,1,0,1,1,1,1,1,0
3544,-0.684217409157638,0,0,0,0,0,1,0,0,1,1,0,1,1,0,0,1,0,1,1,0,1,1,1,1,0,0,1,1,0,0,0,0,1,1,0,0,0,1,1,0
3545,-0.0499952492770862,0,1,0,0,1,1,1,0,1,0,0,1,0,0,1,1,1,1,1,0,1,1,1,0,1,1,1,1,1,0,0,0,0,0,1,1,1,1,1,1
3546,0.735581830888925,0,0,1,0,0,1,1,0,1,1,1,1,1,0,1,1,1,1,1,0,1,1,1,0,1,0,0,1,0,1,0,1,0,0,1,0,1,1,1,0
3547,1.2692163494504,1,0,1,1,1,1,1,1,1,1,0,1,0,0,1,1,1,0,1,0,1,1,1,0,1,0,0,1,0,1,0,1,0,1,1,1,1,1,1,1
3548,-1.08326115655314,0,0,0,0,1,1,1,0,0,1,0,1,1,0,0,1,0,1,0,1,0,1,1,0,1,0,0,0,1,0,0,0,0,0,0,0,1,0,0,0
3549,-0.494867052796229,0,0,1,1,0,1,0,1,1,1,1,0,0,1,1,1,0,1,1,0,1,1,0,0,0,0,0,1,0,0,0,0,0,0,0,0,1,0,1,0
3550,-0.168264250536319,0,1,0,0,1,1,1,1,1,0,1,1,1,1,0,1,1,0,1,0,1,1,0,1,1,0,1,1,0,0,0,0,0,1,1,1,1,1,1,0
3551,1.56060597916992,0,1,0,1,0,1,1,1,1,1,1,0,0,0,1,1,1,1,1,0,1,1,1,1,1,0,1,0,1,1,0,1,0,1,0,1,1,1,0,0
3552,2.46134324230352,1,1,0,1,1,1,1,1,1,0,1,0,0,1,1,1,1,1,1,0,1,1,1,1,1,1,1,1,1,1,0,1,0,0,0,1,1,1,0,1
3553,0.661914811548447,1,1,0,0,1,1,1,0,1,0,0,1,0,0,1,1,0,0,1,1,1,1,0,1,1,1,0,1,0,1,0,0,1,1,0,0,1,1,1,0
3554,0.428130796080544,0,0,0,0,0,1,1,1,1,1,1,1,0,1,1,1,1,1,0,0,1,1,0,1,1,1,0,0,1,1,1,1,0,1,0,1,0,1,1,0
3555,0.548287268397486,0,1,0,0,0,1,1,0,1,1,0,1,0,0,1,1,1,0,1,0,1,1,0,0,0,0,1,0,1,0,1,1,0,0,1,0,1,1,1,1
3556,-1.97692853485786,0,1,0,0,0,1,0,1,0,1,0,0,0,0,0,0,0,0,0,0,0,0,0,0,1,0,0,0,0,1,0,0,0,0,0,1,0,0,0,0
3557,-1.78176992680805,0,0,0,1,0,1,0,1,0,0,0,1,0,0,0,0,0,0,0,1,1,0,0,0,1,0,0,0,0,0,0,0,0,0,1,0,1,1,0,0
3558,1.89216238198745,1,1,0,1,1,1,0,1,1,1,0,0,1,0,1,1,1,1,1,0,1,1,1,1,1,0,1,1,1,1,0,1,1,1,1,1,1,1,1,0
3559,0.83118472908567,1,1,0,0,1,1,0,1,1,1,1,1,1,0,1,1,1,0,1,1,1,1,1,1,1,1,1,0,1,1,0,1,0,1,1,0,1,0,1,1
3560,-0.436153279750176,1,0,1,1,0,1,1,1,0,0,1,1,1,0,0,1,1,0,0,1,1,1,1,0,0,1,1,0,0,1,0,0,0,0,1,0,0,1,0,1
3561,-0.0600499246664112,1,0,1,0,1,1,0,0,1,0,1,0,0,0,1,0,1,0,0,0,1,1,0,1,1,0,1,0,0,1,1,0,1,0,1,1,1,0,1,0
3562,0.654994035733363,0,1,0,1,1,1,1,0,1,1,1,1,0,0,1,1,1,1,1,0,1,1,0,1,1,1,1,0,0,0,0,1,0,1,1,0,0,0,1,0
3563,-0.922920763923074,0,1,0,1,1,1,0,0,1,0,1,1,1,0,1,0,0,0,1,0,1,0,0,1,1,0,0,1,0,0,0,0,0,0,0,0,1,0,0,0
3564,0.838832352281667,1,1,1,0,1,1,1,0,1,0,1,0,0,0,1,1,1,0,1,1,1,1,0,1,1,1,0,1,0,1,0,0,0,0,0,1,1,1,0,0
3565,-1.32674891344064,1,1,1,0,0,1,0,1,1,1,1,0,1,1,0,1,0,0,1,1,0,1,0,0,1,1,1,0,1,1,0,0,0,0,0,0,1,1,1,0
3566,0.0264145274035946,0,1,0,0,0,1,1,1,1,1,0,0,0,1,0,1,1,0,1,1,1,1,1,0,0,0,1,1,1,1,0,0,1,0,1,0,0,1,0,0
3567,-1.49507876844631,0,0,0,0,0,1,0,0,0,0,1,1,0,0,1,0,0,0,0,1,1,0,0,0,0,0,0,0,0,0,0,0,1,1,1,0,1,0,0,0
3568,0.566714472382158,0,1,1,1,1,1,1,0,1,1,1,1,0,0,1,1,1,0,1,0,1,1,1,0,1,0,1,1,0,0,0,1,1,0,1,0,0,0,0,0
3569,0.315866284114283,1,1,1,1,0,1,0,0,1,1,0,0,0,0,1,1,1,1,1,0,1,1,1,1,0,1,1,0,1,1,0,0,0,1,1,0,1,1,0,0
3570,-1.31930492212967,0,1,0,0,0,1,1,1,0,0,1,1,1,0,1,0,0,1,0,0,1,0,0,0,1,1,0,1,0,1,0,0,0,0,0,1,0,1,0,0
3571,0.337561747551719,0,1,0,1,0,1,1,1,1,0,0,1,1,0,1,1,1,1,1,1,1,1,0,0,0,1,1,1,0,1,0,0,0,0,1,0,0,1,1,0
3572,-0.8676633021683,0,1,0,1,1,1,0,1,1,0,1,1,0,0,1,0,0,1,0,1,1,1,1,1,1,1,1,1,1,0,0,0,1,1,0,0,1,1,0,1
3573,0.69330571687843,1,0,1,1,1,1,1,1,1,1,1,1,1,0,1,1,1,1,1,0,1,1,1,1,1,1,1,1,1,1,1,0,0,1,1,0,0,1,0,1
3574,-0.250091887520022,1,1,1,1,1,1,1,0,1,1,0,0,0,0,0,1,0,0,1,1,1,1,1,1,0,0,0,0,0,1,0,0,1,0,1,0,0,1,0,0
3575,1.37733685064335,1,0,1,1,1,1,1,0,1,1,0,0,0,0,1,1,1,1,1,1,1,1,1,1,1,0,0,1,1,1,0,1,1,1,1,1,0,1,0,0
3576,-1.12472683103599,1,1,0,0,0,1,0,0,1,1,0,1,0,0,1,0,0,1,1,1,0,1,1,1,1,0,0,1,0,1,0,0,0,0,1,0,1,0,0,0
3577,0.69372490449115,0,1,1,0,1,1,1,0,1,0,0,0,0,0,1,1,1,1,1,0,1,1,1,0,0,0,1,1,1,1,1,0,1,0,1,1,1,1,1,0
3578,1.13051214303702,1,0,0,1,1,1,1,1,1,1,1,1,1,0,1,1,1,1,1,1,1,1,1,1,1,1,1,1,1,0,1,1,0,0,1,0,1,0,1,0
3579,0.226335572565975,0,1,0,1,1,1,0,1,1,0,1,1,0,1,0,1,0,0,1,0,1,1,0,1,1,0,1,0,0,0,0,0,1,0,0,1,1,1,0,0
3580,-0.461699391995749,0,0,1,1,1,1,0,0,1,1,0,1,0,1,1,1,1,1,1,0,1,1,0,1,0,0,1,1,0,0,0,0,0,1,0,0,0,1,0,0
3581,-0.48318024316002,1,1,0,0,1,1,0,0,1,0,1,1,0,0,1,1,1,0,1,0,1,1,1,1,0,0,1,1,1,0,0,0,0,1,0,1,0,0,0,0
3582,-0.272361497544808,0,1,1,0,0,1,1,0,1,0,0,0,0,0,1,1,1,0,1,0,0,1,0,1,1,0,0,0,1,1,0,0,1,1,0,1,1,0,1,0
3583,1.85900985508458,1,1,1,0,1,1,1,0,1,1,0,0,0,1,1,1,1,0,1,1,1,1,1,0,1,0,1,1,1,0,0,1,1,0,1,0,1,1,1,1
3584,0.204775988995964,0,1,0,0,1,1,1,0,1,0,0,1,0,1,1,1,1,0,1,1,1,1,1,1,1,0,1,1,0,1,0,0,0,0,1,0,1,0,1,1
3585,-2.09666536135957,0,0,0,1,0,0,0,0,0,1,1,0,0,0,0,0,0,1,0,0,0,0,1,0,0,0,0,0,0,0,0,0,1,0,1,0,0,0,1,0
3586,0.660748689340243,0,1,0,1,0,1,0,0,1,1,0,1,0,1,1,1,1,0,1,1,1,1,1,1,1,0,1,0,0,0,0,0,1,1,1,1,1,1,1,1
3587,-0.70202762482504,1,1,0,1,0,1,0,0,0,1,1,0,0,1,0,0,1,1,0,1,1,1,0,1,0,0,0,1,0,0,0,0,0,0,1,0,1,0,1,0
3588,-0.667244023329707,0,0,0,0,0,1,1,0,1,1,1,0,0,0,0,1,1,0,0,0,1,1,0,0,1,0,0,1,1,0,0,0,1,1,0,1,0,0,0,0
3589,0.551805362798924,1,1,0,1,1,1,1,1,1,1,1,1,0,1,1,1,1,0,1,0,1,1,1,1,1,1,1,1,1,1,0,0,0,0,0,0,1,1,0,1
3590,0.264046551054491,0,1,0,1,1,1,1,1,1,1,1,1,0,0,0,1,1,1,1,0,1,1,1,1,1,1,0,0,0,1,0,0,0,0,0,0,0,1,0,0
3591,0.996198687678077,1,0,1,1,1,1,1,1,1,1,0,0,1,0,1,1,1,0,1,1,1,1,1,0,1,0,0,1,0,0,0,1,0,1,0,1,1,0,1,0
3592,1.28841600161986,0,1,0,0,1,1,0,1,1,1,1,0,0,0,0,1,1,1,1,1,1,1,1,1,1,0,1,1,1,1,0,1,0,1,0,0,1,1,0,0
3593,0.205727818144977,1,1,1,1,1,1,0,0,1,0,1,0,0,0,1,1,1,1,1,1,1,1,0,0,1,0,1,1,1,0,1,1,1,1,0,0,1,1,1,0
3594,0.0474959460408835,0,1,0,0,1,1,1,1,1,1,1,1,0,0,0,1,1,0,0,1,1,1,0,1,1,0,0,1,0,1,1,0,1,0,1,0,0,0,1,0
3595,0.806473899831799,1,1,1,1,1,1,0,0,1,1,0,1,0,1,1,1,1,1,1,1,1,1,1,0,0,1,0,0,1,0,0,0,1,0,0,0,1,0,0,1
3596,-1.51552897427623,0,0,0,0,0,1,0,0,0,1,0,0,0,0,1,0,0,0,0,0,1,0,0,0,1,0,0,0,0,0,0,0,1,1,0,0,0,0,0,0
3597,-0.356983722705854,0,1,0,0,1,1,0,1,1,1,1,1,0,0,1,1,1,0,1,0,1,1,0,0,0,0,1,0,1,1,1,0,0,1,1,0,1,1,0,0
3598,-0.223774727549777,0,1,0,0,1,1,1,0,1,1,1,1,0,0,0,1,0,1,1,1,0,1,1,1,1,0,1,1,1,1,1,0,1,0,1,0,1,1,1,0
3599,-2.08019879318551,0,0,1,1,0,0,0,0,0,1,1,1,0,0,0,0,0,0,0,0,0,1,0,0,1,0,0,0,1,1,0,0,1,0,0,0,0,0,0,0
3600,0.114139824086473,0,1,0,0,0,1,1,0,1,0,1,1,0,0,1,1,0,0,1,1,1,1,1,1,0,0,1,1,0,1,0,1,0,0,0,0,0,1,1,0
3601,0.532259666675775,0,1,1,1,1,1,1,1,1,1,1,1,0,0,1,1,1,1,1,0,1,1,1,0,1,0,0,0,1,1,1,0,1,1,0,0,0,1,1,0
3602,0.578148531640287,1,1,0,0,1,1,1,1,1,1,1,1,0,0,0,1,1,1,1,1,1,1,1,1,0,0,0,0,1,0,0,0,0,0,1,0,0,0,0,1
3603,2.12526827714412,1,1,0,1,1,1,1,1,1,0,0,0,0,0,1,1,1,0,1,1,1,1,1,1,1,0,1,0,1,0,1,1,1,0,1,1,0,1,0,1
3604,-0.160356901251607,1,0,0,0,0,1,1,1,1,0,1,0,0,0,1,1,1,1,1,0,1,1,0,1,1,0,1,1,0,0,0,0,0,1,1,0,1,1,0,0
3605,-0.926471244330378,0,1,1,0,0,1,1,0,0,1,1,1,0,0,1,0,0,0,0,0,0,1,0,1,1,0,1,1,0,1,0,0,0,1,1,1,0,0,1,0
3606,-0.0786143964875476,0,1,0,0,0,1,1,0,1,1,0,0,0,0,1,1,1,1,1,0,1,1,1,1,1,0,0,0,0,1,0,0,1,0,0,1,1,0,1,1
3607,0.500431059340584,1,0,1,1,1,1,1,1,1,1,0,1,0,1,1,1,1,0,1,0,1,1,1,1,1,0,0,1,1,1,0,0,0,0,0,0,1,1,0,0
3608,1.19392009493552,1,0,1,0,0,1,1,1,1,1,0,1,1,1,1,1,1,0,1,1,1,1,1,1,1,0,1,1,1,1,0,1,0,0,1,0,1,1,0,1
3609,-0.547952337691976,0,1,0,0,1,1,1,0,1,0,1,1,0,1,0,1,1,0,1,0,0,1,0,0,1,0,0,1,0,1,0,0,0,0,0,0,1,0,0,0
3610,0.1078053293929,1,1,1,1,1,1,1,1,1,1,1,1,0,1,0,1,1,0,1,0,1,1,1,0,1,0,0,0,0,1,1,0,0,0,1,0,0,1,0,0
3611,0.160067394591773,0,0,0,0,1,1,1,1,1,0,1,0,0,0,0,1,1,1,1,1,1,1,0,0,1,0,1,0,1,0,0,0,0,0,1,0,1,0,1,1
3612,-0.691211306491523,1,1,0,1,1,1,0,0,1,1,0,1,0,0,1,1,0,0,0,0,1,1,0,1,1,0,1,0,0,0,0,0,1,1,1,0,1,1,0,0
3613,0.132638407403835,0,0,1,1,1,1,0,0,1,0,0,1,0,0,1,1,1,0,1,0,1,1,0,0,1,0,0,0,0,1,0,0,0,0,0,1,0,1,1,0
3614,-0.451671442298613,0,1,0,0,0,1,0,0,1,1,1,1,0,1,1,1,0,0,1,0,1,1,1,1,1,0,1,1,0,1,0,0,0,1,1,1,0,0,1,0
3615,-0.123794952604449,0,0,0,0,0,1,1,0,1,1,1,1,1,1,0,1,0,1,1,0,1,1,1,1,1,0,0,1,0,0,0,0,1,0,1,0,1,1,0,0
3616,-0.464429884490262,0,1,0,0,1,1,1,0,1,1,1,1,0,0,0,1,0,1,1,1,1,1,0,0,0,1,1,0,0,1,0,0,0,1,1,0,0,0,0,0
3617,-0.00813544876810476,1,1,0,0,1,1,1,0,1,1,1,1,1,0,1,1,1,0,1,0,1,1,1,1,1,1,0,0,0,0,0,0,1,0,1,0,1,1,0,1
3618,-1.04706432161886,0,0,0,0,0,1,1,0,0,1,1,0,0,1,1,0,0,1,0,0,1,0,1,0,1,0,1,0,0,0,0,0,0,0,0,0,1,0,0,1
3619,-0.102185007109218,0,0,0,1,0,1,0,1,1,1,1,1,0,1,1,0,1,0,1,1,1,1,1,0,1,0,1,1,1,0,0,0,1,0,0,0,0,1,0,0
3620,-1.80904828580311,0,1,0,0,0,0,0,0,1,1,0,0,0,0,1,0,0,0,0,1,1,0,0,0,0,0,0,0,0,1,0,0,0,0,0,1,1,1,0,0
3621,-0.132709020990432,1,1,0,1,0,1,1,1,1,0,1,1,1,0,1,1,0,0,1,0,1,1,1,1,1,0,1,1,0,1,0,0,1,0,0,0,0,1,0,0
3622,-1.12600861022562,0,0,0,0,1,0,0,0,1,1,1,1,1,0,0,0,0,0,0,0,1,1,0,0,1,0,0,0,1,1,0,0,1,0,0,0,1,1,0,0
3623,-0.392988516053545,0,1,1,0,0,1,0,0,1,1,0,0,0,1,1,1,0,0,0,0,0,1,1,1,1,0,1,1,1,0,0,0,0,0,0,0,1,0,0,0
3624,0.701028318442116,0,1,0,0,1,1,1,1,1,0,1,1,0,0,1,1,1,1,1,0,0,1,0,1,1,0,0,0,1,0,0,1,0,0,1,0,0,1,1,1
3625,-0.107479385175361,0,1,0,0,1,1,1,0,1,1,0,1,1,0,0,1,1,0,1,0,1,1,1,1,1,0,0,0,0,0,0,0,1,0,1,1,1,0,0,0
3626,-0.0793137701368657,1,1,0,0,0,1,0,0,1,1,0,0,1,0,1,1,0,1,1,1,1,1,1,1,0,0,0,0,1,0,0,0,1,1,1,0,0,1,0,0
3627,0.37854132530625,0,0,0,0,1,1,1,0,1,0,0,0,1,0,1,1,1,1,1,0,1,1,1,1,1,1,1,0,1,1,0,0,1,0,0,1,1,1,0,0
3628,-0.0385286330159353,0,1,1,1,0,1,0,1,1,0,1,0,0,1,0,0,1,1,1,1,1,1,1,1,1,0,1,1,0,1,0,0,0,0,1,0,1,1,0,0
3629,-1.33803122238499,0,0,0,0,0,1,1,0,0,1,0,0,0,0,0,0,0,0,0,0,0,1,1,1,0,0,0,0,0,0,0,0,1,0,1,0,0,1,0,0
3630,0.95466019321486,0,1,0,1,1,1,0,0,1,1,1,0,0,1,0,1,1,1,1,0,0,1,1,1,1,1,0,0,1,0,1,0,0,1,0,0,0,1,1,1
3631,0.951530011606855,1,1,0,0,0,1,1,0,1,1,0,1,1,1,1,1,1,0,1,1,0,1,0,1,1,1,1,1,1,0,1,0,1,0,1,1,0,1,0,0
3632,0.242723579655413,1,0,0,1,1,1,1,1,1,0,1,0,0,0,1,1,1,0,1,0,0,1,1,1,1,0,0,0,0,1,0,0,0,0,1,1,0,1,0,0
3633,1.44813985080974,0,1,1,1,1,1,0,1,1,1,0,0,1,1,1,1,1,0,1,1,1,1,1,1,1,1,0,1,1,0,1,0,1,1,1,0,1,1,0,1
3634,0.196217020047981,0,1,0,1,0,1,1,1,1,0,1,0,0,1,1,1,1,1,1,1,1,1,1,1,1,1,1,1,1,1,0,0,0,1,1,1,1,1,0,0
3635,0.967784159362191,1,1,0,0,0,1,1,0,1,1,1,0,0,0,1,1,1,0,1,0,1,1,1,1,0,1,0,0,0,1,0,0,0,0,0,1,0,1,0,1
3636,0.0629128820494512,1,1,1,0,1,1,1,1,1,1,1,1,0,0,1,1,1,1,1,0,1,1,1,1,1,1,0,1,0,0,0,0,1,1,1,0,0,1,0,0
3637,-0.160027586630207,0,0,1,0,1,1,1,1,1,1,1,1,0,0,1,1,1,0,1,0,0,1,1,1,1,0,0,0,0,0,0,0,1,1,0,0,1,0,1,1
3638,-0.221992919237339,0,0,0,1,1,1,1,0,0,0,1,1,1,0,0,1,0,0,1,0,1,1,1,0,1,1,0,1,0,0,0,0,0,0,1,0,1,1,0,0
3639,0.584972862549442,0,0,0,0,0,1,0,0,1,1,0,0,1,0,1,1,1,0,1,0,0,1,1,0,0,0,1,1,1,0,1,0,1,1,0,0,1,0,0,1
3640,0.444946538763469,0,1,0,0,1,1,1,1,1,1,1,0,0,0,1,1,1,1,1,0,0,1,0,1,1,1,1,0,0,0,0,0,0,1,1,1,0,0,0,0
3641,0.146895705816281,0,1,0,0,0,1,1,1,1,0,0,1,0,0,0,1,1,0,1,0,1,1,1,1,1,0,0,1,0,1,0,0,1,0,1,0,1,1,0,0
3642,0.752942292685723,0,1,0,0,1,1,0,0,1,0,1,0,1,0,0,1,1,1,1,0,1,1,1,0,1,0,1,1,0,1,0,0,1,0,1,0,1,1,0,0
3643,2.62533941669641,0,0,1,1,1,1,0,1,1,0,1,1,1,1,1,1,1,0,1,1,1,1,1,1,1,1,1,0,1,1,0,1,0,1,1,1,1,0,0,1
3644,2.05430610800242,1,0,0,0,1,1,0,1,1,1,1,1,0,0,1,1,1,1,1,1,1,1,1,0,1,1,1,1,1,1,0,1,1,1,0,0,1,1,1,0
3645,-0.317692971694187,0,0,1,0,0,1,1,1,1,0,0,1,0,0,1,1,1,1,0,0,1,1,0,1,1,0,0,0,0,1,0,0,1,0,1,0,1,0,1,0
3646,-1.91363369212934,0,1,0,1,0,1,1,1,0,1,0,0,0,0,0,0,0,0,1,0,1,1,0,0,0,0,0,0,0,0,0,0,0,0,1,0,1,0,0,1
3647,1.37670042844382,1,1,1,1,1,1,1,1,1,0,1,1,1,0,1,1,1,0,1,0,1,1,1,1,1,1,1,0,0,1,0,1,0,0,1,1,1,1,0,0
3648,-0.123505886788485,0,1,1,0,1,1,1,1,1,1,1,1,0,0,1,1,1,1,1,1,1,1,1,1,1,0,1,0,0,0,0,0,0,0,1,0,1,0,0,1
3649,1.01192229343046,0,1,0,1,1,1,1,0,1,1,1,1,1,0,1,1,1,0,1,1,1,1,0,1,1,1,1,1,0,0,0,0,1,0,1,1,1,1,1,1
3650,-2.08235215686374,0,0,0,0,0,1,0,0,0,1,0,1,0,1,1,0,0,0,0,0,1,0,0,0,0,0,0,0,0,0,0,0,0,0,1,0,0,1,0,0
3651,0.9803767785883,1,1,1,0,1,1,1,0,1,0,0,0,0,0,1,1,1,0,1,1,1,1,1,0,1,0,1,1,0,0,0,1,1,0,0,1,1,1,0,1
3652,1.53306497767455,1,0,0,0,1,1,1,1,1,1,1,1,0,1,0,1,1,0,1,0,1,1,1,0,1,1,1,0,1,1,1,1,0,0,0,0,1,1,1,1
3653,-1.80738092817706,0,1,0,0,0,0,1,1,0,1,0,1,0,0,0,0,0,1,0,0,0,0,0,1,0,0,1,0,0,1,0,0,0,0,0,0,0,0,0,0
3654,-0.647463545070878,0,1,1,1,1,1,1,0,1,0,1,0,0,0,0,1,1,0,0,1,0,1,0,1,1,0,0,1,0,0,0,0,1,0,1,0,0,1,1,0
3655,0.641754889930872,0,1,1,0,1,1,1,0,1,0,1,1,1,1,1,1,1,0,1,0,1,1,0,1,0,0,1,0,0,1,0,1,0,0,0,0,1,0,1,0
3656,-0.0151169200385599,1,0,0,1,0,1,0,1,1,1,1,1,1,0,1,0,1,0,1,0,1,1,1,1,1,0,1,1,1,1,0,0,0,0,0,0,0,1,0,0
3657,-0.966351603213548,1,1,0,0,0,1,0,1,1,1,1,0,0,0,0,1,1,1,1,0,0,0,1,1,0,0,0,0,1,0,0,0,1,0,0,1,0,1,0,0
3658,-0.937295362225913,0,0,0,1,1,1,0,0,1,1,1,0,1,0,0,1,1,1,1,1,1,0,0,1,0,0,1,0,1,0,0,0,1,1,1,0,1,1,1,0
3659,3.30736764127332,1,1,1,1,0,1,1,1,1,1,1,1,0,1,1,1,1,1,1,1,1,1,1,1,1,1,1,0,1,0,1,1,1,0,1,1,1,1,1,0
3660,0.656108324197987,0,1,0,1,1,1,1,0,1,0,0,0,1,1,1,1,1,1,1,0,1,1,0,1,0,0,1,0,1,0,0,0,1,0,1,1,1,1,0,0
3661,2.07491133562466,0,1,0,0,1,1,1,1,1,0,1,1,0,0,0,1,1,1,1,0,1,1,1,0,1,0,0,1,1,0,0,1,0,0,0,1,1,1,1,1
3662,-0.516172539263868,1,1,0,1,1,1,0,1,1,0,0,0,0,0,0,1,0,0,0,0,0,1,0,1,1,0,1,0,0,1,1,0,0,1,0,0,1,1,0,0
3663,0.169810654609526,1,1,0,0,0,1,1,0,1,0,1,1,0,0,1,1,1,0,1,1,1,1,1,1,1,0,0,1,1,0,1,0,0,0,1,0,0,0,1,0
3664,0.780172574693327,0,1,0,1,1,1,1,1,1,1,1,1,0,0,0,1,1,0,1,0,1,1,1,1,1,1,1,1,0,0,1,0,1,0,1,0,0,1,1,0
3665,-0.606905834789946,0,0,0,1,0,1,0,0,0,0,0,1,1,0,1,1,1,0,1,0,0,1,0,1,1,0,0,1,1,0,0,0,1,0,0,0,0,1,0,0
3666,-0.29116432228859,0,1,0,1,0,1,1,0,0,1,0,1,1,1,1,1,0,0,1,0,1,1,1,0,0,1,1,1,0,1,0,0,0,1,1,0,1,1,0,0
3667,-0.327465457814286,0,0,0,1,1,1,0,0,0,0,0,1,0,0,1,0,1,0,0,0,1,1,1,1,1,0,1,0,1,0,0,0,1,0,0,1,1,1,0,1
3668,0.0700651492895259,0,1,0,0,0,1,1,1,1,1,0,1,0,1,1,1,1,0,1,0,1,1,0,0,0,0,1,1,1,1,0,0,0,1,1,0,0,1,0,1
3669,-0.226663457684097,1,1,0,0,1,1,1,1,1,1,0,0,1,1,1,1,1,1,1,0,1,1,1,0,1,1,0,0,1,1,0,0,1,0,0,1,0,1,0,0
3670,-1.05468281150867,0,1,0,1,1,1,0,0,1,1,1,0,0,0,1,0,0,0,1,0,0,0,0,1,0,0,1,0,1,0,0,0,0,1,1,1,0,0,0,1
3671,-0.87854574283552,0,0,0,0,1,1,0,0,1,0,0,1,0,0,1,1,1,0,0,0,1,1,1,1,1,0,1,1,0,0,0,0,0,1,0,0,0,0,0,0
3672,0.567176902729761,0,1,0,1,1,1,1,0,1,0,1,0,0,0,0,1,1,0,1,1,1,1,1,1,1,0,1,1,1,0,1,0,0,1,0,0,1,1,1,1
3673,0.701246581213551,0,0,0,0,0,1,1,1,1,1,1,0,0,0,1,1,1,0,1,1,1,1,1,1,0,0,0,0,1,0,0,1,0,0,0,0,0,1,0,1
3674,0.425799797161563,0,1,0,1,1,1,1,1,1,0,1,0,0,0,1,1,1,1,1,0,1,1,1,0,1,1,1,0,1,1,0,1,0,1,0,0,1,0,0,1
3675,0.414207993978897,1,1,0,1,0,1,0,0,1,1,1,0,0,1,1,1,1,1,1,0,1,1,1,1,1,1,1,0,0,0,0,0,0,0,0,1,0,0,0,0
3676,-1.08850955541226,0,0,0,0,0,0,1,0,1,0,1,1,0,0,1,1,0,0,1,1,0,1,0,1,1,1,1,0,0,0,0,0,0,1,1,0,0,1,0,0
3677,-0.352252909854721,1,1,1,0,0,1,1,0,1,1,0,1,0,0,1,1,1,0,1,0,1,1,1,0,1,0,1,0,0,0,0,0,0,0,1,0,0,0,0,0
3678,-1.07556670224229,0,0,0,0,1,0,0,0,0,0,1,1,0,0,1,0,0,0,0,0,1,1,1,0,1,0,1,0,0,1,0,0,1,0,1,0,1,0,0,0
3679,0.78465675494424,0,1,0,1,1,1,1,1,1,1,1,1,0,0,0,1,1,0,1,1,0,1,1,0,1,1,1,1,0,1,1,1,0,0,1,0,1,1,0,0
3680,-0.0550048745172329,0,1,0,1,1,1,1,1,1,1,1,1,0,0,0,1,1,0,0,0,1,1,1,0,1,0,0,1,1,1,0,0,1,0,0,0,0,0,0,0
3681,1.07666103630047,0,1,0,0,1,1,1,0,1,0,1,1,0,0,0,1,1,0,1,1,1,1,1,1,1,1,1,0,1,1,1,1,1,1,1,0,0,1,0,1
3682,-0.307637124791892,0,1,0,1,0,1,1,1,1,0,1,1,0,0,1,1,1,0,1,0,1,1,1,0,0,0,0,1,0,1,0,0,0,1,1,0,1,1,1,1
3683,-1.80569569431561,0,0,1,1,1,1,0,0,0,0,0,0,1,0,0,0,0,0,0,0,0,0,1,0,0,1,0,0,1,0,0,0,0,1,1,0,0,1,1,0
3684,0.993194780461325,1,1,1,1,1,1,1,0,1,0,1,0,1,0,1,1,1,0,1,1,0,1,0,1,1,1,1,0,0,1,0,1,1,0,1,1,1,1,0,0
3685,-0.365591471618353,0,1,0,1,1,1,1,0,1,1,0,1,0,0,1,0,1,0,1,0,1,1,0,1,1,0,0,0,0,0,0,0,0,0,1,0,0,0,0,1
3686,0.714077400894123,1,1,1,1,1,1,1,0,1,1,0,1,0,0,1,1,1,1,1,1,0,1,1,0,1,0,0,1,1,1,0,1,1,1,0,0,1,1,1,1
3687,0.075773799539932,1,1,1,0,1,1,1,0,1,0,0,1,1,0,0,1,1,0,1,0,1,1,0,1,0,0,1,0,0,0,1,0,1,0,1,0,1,1,0,1
3688,-0.0651384251551672,0,1,0,0,1,1,0,1,0,1,0,0,0,1,1,1,0,1,1,0,1,1,1,1,0,1,0,0,1,0,0,0,0,0,1,0,0,0,0,1
3689,-0.585697578669266,0,0,0,0,1,1,1,1,1,0,1,1,0,0,1,1,1,0,1,1,1,1,1,0,1,0,1,0,1,0,0,0,0,1,0,0,1,0,0,0
3690,-1.73319786485378,0,1,0,0,0,1,1,0,0,0,1,1,1,0,0,0,0,0,0,1,0,0,0,1,1,0,0,1,0,1,0,0,1,1,1,0,0,1,0,0
3691,0.421320506254157,0,1,0,0,1,1,1,0,1,1,1,1,0,0,1,1,1,0,1,1,1,1,1,1,1,0,0,0,1,0,0,0,0,0,1,1,0,1,0,0
3692,0.285782474944894,0,0,0,0,1,1,1,0,1,0,1,1,0,0,1,1,1,0,1,1,1,1,0,1,1,0,0,0,1,1,0,0,0,0,0,0,0,1,0,0
3693,0.202281372451755,0,1,0,1,0,1,1,0,1,1,1,0,0,1,0,1,1,0,1,0,1,1,1,0,0,1,1,1,1,1,0,0,1,0,1,0,1,1,1,0
3694,-0.516544008941784,1,0,0,0,1,1,0,1,1,1,1,0,0,1,1,0,1,0,1,0,1,1,0,1,1,0,1,0,1,0,0,0,1,1,0,1,1,1,0,0
3695,0.952432609101983,0,0,1,1,0,1,1,1,1,0,0,0,1,0,1,1,1,0,1,0,1,1,1,1,0,1,1,0,1,0,0,0,1,0,1,1,0,1,1,0
3696,-1.19777633595694,0,1,0,1,0,0,0,0,0,0,0,1,0,0,1,0,0,0,0,0,1,1,0,1,1,0,1,0,0,1,0,0,1,0,0,0,1,0,1,0
3697,1.07827791527207,1,1,0,1,1,1,1,1,1,1,0,0,1,1,1,1,1,0,1,0,0,1,1,1,1,0,1,0,1,1,0,1,0,0,1,1,1,1,1,0
3698,-0.737695694282588,0,1,0,0,1,1,0,1,1,1,1,0,1,0,1,1,0,0,1,0,1,0,1,0,0,0,1,0,0,0,0,0,1,1,1,0,0,1,0,0
3699,1.15515388086431,0,1,0,0,1,1,1,1,1,1,1,1,1,0,1,1,1,0,1,0,1,1,1,0,1,1,1,0,0,1,1,1,0,1,1,1,1,0,0,0
3700,-0.226957798351304,0,1,0,1,1,0,1,0,1,1,0,0,0,0,0,1,1,0,0,0,1,1,0,1,1,0,1,0,0,0,0,0,0,1,0,0,0,0,0,0
3701,-0.869143371163468,0,0,0,0,1,1,1,1,1,0,0,1,0,0,0,1,0,1,0,0,1,1,0,0,0,1,0,0,1,0,0,0,0,0,0,1,0,0,1,0
3702,1.14968896421858,1,0,1,1,1,1,1,0,1,1,0,1,0,0,1,1,1,0,1,1,1,1,1,1,1,0,1,1,1,1,1,0,0,1,1,0,1,1,0,1
3703,0.24007121061226,1,0,1,0,1,1,1,1,1,0,1,0,0,0,1,1,0,0,1,1,1,1,1,0,1,0,1,0,0,1,0,1,1,0,1,1,1,0,0,0
3704,-1.03670739115481,0,0,0,0,0,1,1,1,1,1,1,0,0,0,1,1,0,0,0,0,1,1,0,0,0,0,0,0,0,1,0,0,0,0,1,0,0,1,0,0
3705,1.60702954251586,0,1,1,1,1,1,1,1,1,1,1,0,0,0,1,1,1,1,1,1,1,1,1,1,1,0,1,0,0,1,1,1,0,0,1,1,1,1,1,0
3706,-2.38825408793717,0,0,0,0,1,1,0,1,0,0,0,1,0,0,0,0,0,0,0,0,1,1,0,0,0,0,0,0,0,1,0,0,0,1,0,0,0,0,0,0
3707,-0.305462425517451,1,1,0,0,1,1,1,1,1,1,0,0,1,0,1,1,0,1,0,0,1,1,1,1,0,0,1,1,0,0,0,0,1,0,0,0,1,1,0,0
3708,0.314886126624266,1,0,1,1,1,1,0,0,1,1,1,1,0,0,1,1,1,1,1,0,1,1,0,0,1,0,1,0,0,0,0,0,0,0,1,0,1,1,1,1
3709,0.797279232170266,1,0,0,1,1,1,1,1,1,1,0,0,1,0,1,1,1,0,1,1,1,1,0,0,1,1,0,0,0,0,1,0,0,1,1,0,0,1,0,0
3710,1.0831272480059,1,0,0,0,1,1,1,0,1,0,1,0,0,1,1,1,1,0,1,0,1,1,1,1,1,1,0,1,0,1,1,1,1,1,1,1,1,1,0,1
3711,-1.03580246231038,0,0,0,0,1,1,0,0,1,0,1,1,0,0,1,0,0,0,0,0,0,0,1,0,1,0,0,0,0,1,0,0,1,1,0,0,0,0,0,1
3712,0.442039468785621,1,0,0,1,0,1,0,0,1,1,1,1,1,0,1,1,1,1,1,1,0,1,1,1,1,1,0,1,0,1,0,1,1,0,1,0,1,1,0,0
3713,0.259290444270698,1,0,0,1,1,1,1,1,1,0,1,1,1,0,1,1,1,0,1,0,1,1,1,1,1,0,1,0,1,0,1,0,1,0,1,0,1,0,1,0
3714,-1.81641768917369,0,1,1,0,0,1,0,1,0,0,0,1,0,0,0,0,0,0,0,0,1,0,0,1,0,0,0,0,0,0,0,0,0,0,0,0,1,0,0,0
3715,1.07665300675928,1,1,0,1,0,1,1,1,1,1,1,0,1,1,1,1,1,0,1,1,1,1,0,0,1,0,0,1,0,0,0,0,1,1,1,1,1,1,0,1
3716,0.644514454927205,0,1,1,0,1,1,1,0,1,1,0,0,0,0,1,1,1,0,1,0,1,1,0,1,0,0,0,0,1,1,0,0,0,1,0,0,1,1,0,0
3717,0.408069512812472,1,1,1,0,0,1,1,0,1,0,1,1,0,1,1,1,1,0,1,0,1,1,1,1,1,1,0,0,1,0,0,0,1,0,1,1,0,0,1,1
3718,-0.105315800856267,0,1,0,1,0,1,1,1,1,0,1,0,0,0,0,1,1,0,1,1,1,1,1,1,1,0,0,0,0,0,0,0,0,0,1,0,0,1,1,0
3719,-1.75026742079083,0,1,0,0,0,0,0,1,0,0,1,1,0,0,0,0,0,0,0,0,0,1,1,0,0,0,1,0,0,0,1,0,1,0,0,1,0,0,0,0
3720,1.20371103617588,0,1,0,0,1,1,1,1,1,1,1,1,1,0,0,1,1,0,1,1,1,1,0,1,0,0,1,1,1,1,0,1,0,1,0,0,1,1,1,0
3721,0.258833191500378,1,1,0,0,1,1,1,0,1,0,1,1,1,0,1,1,1,0,1,0,1,1,1,1,1,0,1,1,1,1,0,0,1,0,1,0,0,1,0,0
3722,-1.71799813015927,1,1,0,0,0,0,1,0,0,0,1,0,1,0,0,0,0,0,1,0,0,0,1,0,0,0,1,0,0,0,0,0,0,0,1,1,1,0,1,0
3723,0.694177024354404,1,0,1,1,1,1,0,0,1,0,0,0,1,1,0,1,1,0,1,1,1,1,0,1,1,0,1,1,1,1,0,1,0,0,1,0,1,1,0,1
3724,-0.459022664416364,1,1,0,1,0,1,1,0,1,1,1,0,0,0,1,1,0,0,1,1,1,1,1,0,0,0,1,1,0,0,0,0,0,0,1,0,1,1,1,0
3725,-0.594446437533224,0,0,1,0,1,1,0,1,1,1,1,1,0,1,1,0,0,0,1,1,0,1,0,0,0,0,1,0,0,0,0,0,1,1,1,1,1,0,0,0
3726,-0.670973151972462,1,0,1,0,1,1,1,0,1,0,1,1,0,0,1,1,0,1,1,0,1,1,1,0,1,0,1,0,0,1,0,0,0,0,0,1,1,1,1,0
3727,1.46222059843674,0,1,0,1,0,1,1,1,1,1,0,1,0,1,1,1,1,1,1,0,1,1,1,1,1,0,1,0,1,1,0,1,1,1,1,0,1,1,0,0
3728,0.35155280606111,0,1,0,1,1,1,1,0,1,1,1,0,1,0,1,1,1,0,1,0,0,1,1,0,1,0,0,1,1,0,0,0,1,1,1,1,0,1,0,1
3729,-0.488833010239656,0,0,0,1,1,1,1,1,1,0,0,0,0,0,1,0,0,0,1,0,1,0,0,1,0,0,1,0,0,1,0,0,0,1,1,0,0,0,0,0
3730,-0.233741477551085,0,1,0,0,1,1,1,0,1,1,1,1,0,0,0,0,1,1,0,1,0,1,1,1,0,0,0,0,0,1,0,0,0,0,0,0,1,0,0,1
3731,0.687273102210003,0,1,0,1,0,1,1,1,1,1,0,1,0,1,0,1,1,1,1,0,1,1,1,0,1,0,1,1,0,1,0,1,1,0,1,1,0,0,0,1
3732,-0.398585941092114,1,1,0,1,1,1,1,0,1,1,1,0,0,0,1,1,0,0,0,0,1,1,1,1,1,1,1,0,1,1,0,0,1,0,0,0,1,0,0,1
3733,0.266418179461064,1,0,0,1,0,1,1,1,1,0,1,1,0,0,1,1,1,0,1,1,1,1,0,1,1,0,1,1,0,0,1,0,0,1,0,0,0,1,0,0
3734,0.172756362569437,0,0,0,0,1,1,1,0,1,0,0,0,0,1,0,1,1,0,1,0,1,1,0,1,1,0,0,1,1,1,0,0,0,0,1,0,1,1,0,0
3735,-0.30759788780938,1,1,0,0,1,1,1,1,1,1,1,1,1,0,1,0,1,1,1,0,1,1,0,1,1,1,0,0,1,0,0,0,1,1,1,0,1,1,1,0
3736,-0.99679333167406,0,0,0,0,0,0,1,1,1,1,0,1,0,0,1,0,1,1,1,0,1,1,1,1,1,0,1,1,0,0,0,0,1,0,1,0,0,0,0,0
3737,-1.25665978251352,1,0,0,0,0,1,0,0,1,1,1,0,0,1,0,1,1,0,0,0,1,1,1,1,0,1,1,0,1,0,0,0,0,0,0,0,0,1,0,0
3738,1.38234995352939,1,1,0,0,1,1,1,1,1,1,0,1,0,0,0,1,1,0,1,1,0,1,1,1,0,1,0,0,0,1,0,1,0,1,1,0,1,0,1,0
3739,-0.898867105267355,0,0,0,1,1,1,0,0,1,1,0,1,1,0,0,0,0,0,0,0,1,1,1,0,1,1,0,0,1,1,0,0,0,0,0,0,0,1,0,1
3740,-0.102506707991755,0,1,0,0,1,1,1,1,1,0,0,1,1,0,1,1,1,0,1,1,0,1,1,1,0,1,0,1,1,0,0,0,0,0,1,0,0,0,1,1
3741,-0.132890270637668,0,1,0,0,0,1,1,1,1,1,1,1,0,1,1,1,0,0,0,0,1,1,0,1,1,0,0,0,0,0,0,0,0,1,0,1,1,1,0,1
3742,-0.67789045793504,1,1,0,1,1,1,0,0,1,1,1,0,0,0,1,1,0,0,0,1,1,1,1,1,1,1,0,1,1,1,1,0,0,0,1,0,0,1,0,0
3743,0.796484123545386,0,1,0,0,0,1,0,0,1,1,1,1,0,0,0,1,1,0,1,1,1,1,1,1,1,0,1,0,0,1,0,1,0,1,1,0,1,0,1,1
3744,1.04027184928659,0,1,0,1,1,1,1,0,1,0,0,1,1,1,1,1,1,0,1,1,0,1,1,0,1,1,1,1,0,0,0,1,1,0,1,1,1,1,1,1
3745,-0.958425163705263,1,1,1,1,0,1,1,0,1,0,0,0,0,0,1,1,0,0,0,0,1,1,1,1,0,0,1,1,0,0,0,0,0,0,0,0,1,1,1,0
3746,-1.13863661587359,1,0,0,0,1,1,1,0,1,0,1,1,0,0,1,0,0,1,0,0,1,1,0,1,0,0,0,0,0,1,1,0,0,0,1,0,0,1,0,0
3747,0.214965004516488,1,0,1,0,1,1,1,1,1,1,0,0,1,0,0,1,1,1,1,1,1,1,1,0,0,1,1,1,1,1,0,0,0,1,1,0,1,0,0,0
3748,1.06322382609606,1,1,0,0,0,1,0,1,1,0,1,0,0,0,0,1,1,0,1,0,0,1,0,1,0,0,1,1,1,1,1,1,0,1,1,1,1,0,0,0
3749,1.08318997508513,1,1,0,0,1,1,1,0,1,0,0,1,1,0,1,1,1,0,1,0,1,1,0,1,0,0,1,0,1,0,1,1,0,1,1,0,1,1,0,0
3750,-0.875215129502601,0,1,0,0,1,1,0,0,1,0,0,1,1,0,0,0,0,1,1,1,1,1,1,1,1,1,0,0,0,0,0,0,0,0,1,0,0,1,0,0
3751,-1.06379377501327,1,0,1,0,0,1,1,1,0,1,1,1,1,0,1,1,0,0,0,0,0,1,0,0,1,0,0,0,1,0,0,0,0,1,0,0,0,0,0,0
3752,1.62448549743262,1,0,1,1,1,1,1,1,1,1,1,1,1,0,0,1,1,1,1,0,1,1,1,1,1,0,1,0,0,0,0,1,0,0,1,1,1,1,1,1
3753,0.43611467972157,0,1,0,1,1,1,1,0,1,1,1,0,1,1,0,1,1,0,1,0,1,1,1,1,1,1,0,1,0,0,0,0,0,0,1,0,0,1,0,1
3754,0.532254510892555,1,1,0,1,0,1,1,1,1,1,1,0,1,1,1,1,1,1,1,0,1,1,1,0,1,0,1,0,1,1,0,1,0,1,0,1,1,0,0,0
3755,0.591241521058729,0,1,0,1,0,1,0,1,1,0,1,1,1,0,1,1,1,0,0,1,1,1,0,0,1,0,0,0,1,1,1,0,0,0,1,0,0,0,0,0
3756,1.38348022921675,1,1,1,0,0,1,1,1,1,1,0,1,1,0,0,1,1,1,1,1,1,1,1,1,1,1,1,1,1,1,0,1,1,1,1,0,1,1,0,1
3757,0.459339926591682,1,1,0,1,0,1,1,0,1,1,1,0,0,1,1,1,1,0,1,0,1,1,0,0,1,0,1,1,0,1,0,0,1,1,0,0,1,0,1,1
3758,1.63578041935148,1,0,0,0,1,1,1,1,1,1,1,1,0,1,1,1,1,0,1,0,1,1,0,1,1,1,1,1,1,1,0,0,1,0,0,1,1,0,1,0
3759,0.980561497228668,1,1,0,1,1,1,0,1,1,0,1,1,0,0,1,1,1,1,1,1,1,1,0,1,1,1,1,0,1,0,1,1,1,0,0,0,0,1,1,0
3760,0.959058340934809,1,1,0,0,1,1,1,1,1,1,1,1,0,0,1,1,1,1,1,1,0,1,0,1,1,0,1,0,1,0,0,0,1,0,1,1,0,1,1,1
3761,0.251055304034871,0,1,0,1,1,1,1,1,1,1,1,0,0,0,1,1,1,0,1,1,1,1,1,0,0,0,0,1,0,0,0,0,1,1,0,0,0,1,1,0
3762,-0.680749485644554,0,1,0,0,0,1,0,0,1,1,0,0,0,1,0,1,0,0,0,0,1,1,0,0,1,0,0,0,0,0,0,0,0,1,1,1,1,1,1,0
3763,0.518123194589967,1,0,1,1,1,1,1,0,1,1,1,1,0,1,0,1,1,1,1,0,1,1,0,1,1,0,0,0,1,1,0,1,1,0,1,0,1,1,0,1
3764,-0.868195139562361,1,1,0,0,0,0,1,0,1,1,1,0,0,0,0,1,0,0,0,0,1,1,1,0,0,1,0,0,1,0,1,0,1,0,1,0,1,0,0,0
3765,0.231339195778863,1,1,0,0,0,1,0,1,1,1,1,1,1,0,1,1,1,0,1,1,1,1,0,1,1,0,0,0,0,0,0,1,1,1,0,0,1,1,0,0
3766,0.701711299870222,1,0,0,0,1,1,0,1,1,1,0,0,0,0,1,1,1,1,1,0,0,1,0,1,1,0,1,0,1,0,0,0,1,1,1,1,1,1,0,1
3767,-1.53760809414272,1,1,0,0,1,0,0,0,0,1,1,0,0,1,1,0,0,0,0,0,1,1,0,0,0,0,1,0,1,1,0,0,1,0,1,0,1,0,1,0
3768,0.578911195412049,1,0,1,0,0,1,1,1,1,1,1,1,0,0,1,1,1,1,0,0,1,1,1,1,1,0,1,1,0,0,0,0,0,1,1,0,1,1,0,0
3769,0.0357642796794605,0,0,0,0,0,1,0,1,1,0,1,0,0,0,0,1,0,0,1,1,0,1,1,1,1,0,1,0,0,0,0,0,1,0,1,0,1,1,1,1
3770,-1.39554808738211,0,0,0,0,0,1,1,0,0,0,0,1,0,0,0,0,0,0,0,0,1,1,0,0,0,0,0,0,0,0,0,0,1,0,0,0,0,0,1,0
3771,1.60792069251486,1,1,0,1,1,1,0,1,1,0,1,1,0,1,0,1,1,1,1,0,1,1,1,1,1,1,0,0,0,1,0,1,0,1,1,0,1,0,0,1
3772,0.39629205494128,1,0,0,1,1,1,0,1,1,1,1,1,0,0,1,1,1,0,1,0,0,1,1,1,1,0,1,0,1,1,0,0,1,1,0,1,1,1,0,1
3773,0.263744888052488,0,1,1,1,1,1,0,0,1,1,1,1,1,0,1,1,1,0,1,1,1,1,1,1,0,1,1,1,0,1,1,0,0,1,1,0,1,1,0,0
3774,-0.974396048251637,1,1,0,0,1,0,1,1,1,1,0,0,0,1,0,1,0,0,0,0,1,0,1,0,1,0,0,0,0,0,0,0,1,0,0,0,1,1,0,0
3775,0.116897454339318,0,0,1,0,1,1,1,1,1,0,1,1,0,0,1,1,1,0,1,0,1,1,1,1,1,0,0,0,0,0,1,0,0,0,0,0,0,1,0,0
3776,-0.226548263229427,0,0,0,0,0,1,0,1,1,1,0,1,0,0,1,1,0,1,1,0,1,1,1,1,1,1,0,0,1,1,1,0,0,1,0,1,1,1,0,0
3777,-0.572625058878363,1,0,0,1,0,1,1,0,1,1,0,1,1,0,1,0,1,0,0,1,1,1,0,1,0,0,1,1,0,1,0,0,1,1,0,1,0,1,0,0
3778,1.52515463715398,0,1,0,0,1,1,1,1,1,1,0,0,1,0,1,1,1,0,1,1,1,1,0,1,1,0,1,0,1,1,0,1,1,1,1,0,0,1,1,1
3779,0.354218524740858,0,1,0,1,1,1,1,0,1,1,1,1,1,0,1,1,1,0,1,0,1,1,0,1,1,0,1,0,0,1,1,0,0,0,0,1,0,1,0,0
3780,-0.91335598950023,1,0,0,0,1,1,0,0,1,1,1,1,0,0,1,0,0,1,0,0,1,1,0,1,1,0,1,0,0,0,0,0,1,0,0,1,1,0,0,0
3781,-0.566801943373512,0,1,0,0,0,1,1,0,1,0,0,0,0,0,1,1,0,0,1,0,0,1,1,0,1,1,1,0,1,1,0,0,0,0,0,0,0,1,0,0
3782,-0.856647065593721,0,0,0,1,1,0,1,1,1,1,0,0,0,0,1,0,0,1,1,1,1,1,0,0,1,0,1,1,0,0,0,0,0,0,1,0,1,0,0,1
3783,1.4535363448763,1,0,0,1,1,1,1,1,1,1,1,0,1,1,0,1,1,0,1,1,1,1,1,1,1,1,1,1,0,1,0,0,0,0,1,0,1,1,1,0
3784,-1.40819505398483,1,0,0,1,1,1,1,1,1,0,1,0,0,0,0,0,1,0,0,0,0,0,0,0,1,0,0,0,0,0,0,0,0,1,0,1,0,1,0,0
3785,-1.63468423281303,1,1,0,0,0,0,1,0,0,0,1,0,0,0,1,0,0,1,0,0,0,0,0,0,1,0,1,0,0,1,0,0,0,0,0,0,1,1,0,0
3786,-0.85183395478002,0,1,1,0,1,1,0,0,0,1,1,1,0,1,0,1,0,1,1,0,1,1,1,1,0,0,1,0,1,1,0,0,0,1,1,0,0,0,1,1
3787,1.75059061045292,1,1,0,1,1,1,1,1,1,1,1,0,1,1,0,1,1,0,1,1,1,1,0,1,1,1,0,1,1,1,0,1,1,1,0,0,1,1,0,0
3788,0.536805766325352,0,1,0,1,1,1,0,0,1,1,1,0,0,0,1,1,1,0,0,1,1,1,1,1,1,0,0,1,1,0,1,0,1,0,0,1,1,1,1,1
3789,-0.711821910151086,1,1,0,1,0,1,1,0,1,1,0,1,0,1,0,1,0,1,1,0,1,1,0,1,1,1,1,0,1,1,1,0,0,1,1,0,0,1,0,0
3790,-1.06437474475747,0,1,0,0,1,1,1,0,0,1,0,1,0,1,1,0,0,1,1,1,1,1,1,0,0,0,1,0,1,0,0,0,1,1,0,0,0,0,1,0
3791,0.572148712555388,0,1,1,1,1,1,1,0,1,1,0,0,0,0,0,1,1,0,1,0,1,1,0,1,1,0,1,0,0,1,0,0,1,0,1,1,1,1,0,1
3792,0.575691963194906,0,1,0,1,0,1,1,1,1,1,1,1,0,1,0,1,1,0,1,0,1,1,1,1,1,0,0,1,1,0,0,0,0,1,1,1,1,1,1,1
3793,0.0235314298751707,0,0,1,0,1,1,1,0,1,1,0,1,0,0,1,1,1,1,1,1,1,1,0,0,1,0,1,0,0,0,0,0,1,0,1,0,1,0,0,0
3794,-0.694496148694479,1,1,0,0,0,1,1,0,1,1,0,1,0,1,0,1,0,1,1,0,1,1,0,1,0,1,0,0,1,1,0,0,1,0,0,0,0,1,0,1
3795,1.84340208054136,1,1,1,1,0,1,1,0,1,1,1,0,1,1,1,1,1,1,1,0,1,1,1,1,1,1,0,1,1,0,0,1,1,1,1,1,1,1,0,0
3796,-0.696364959101692,1,0,0,1,1,1,0,0,1,0,1,1,0,1,0,0,0,1,0,0,1,1,0,1,1,0,0,1,0,0,0,0,0,1,0,0,1,0,1,0
3797,-1.15103782753552,0,1,0,0,1,1,1,0,0,0,1,0,1,0,0,1,0,1,0,1,1,1,1,0,1,0,1,0,1,1,0,0,0,0,1,0,0,1,1,0
3798,-0.146940551509851,0,1,1,1,1,1,1,1,1,1,1,0,0,0,0,1,0,1,1,0,1,1,1,0,0,0,1,1,0,1,0,0,0,1,0,1,0,1,0,0
3799,0.288305888080894,0,0,0,1,1,1,1,0,1,1,1,1,0,0,1,1,1,0,1,0,1,1,0,0,0,0,1,0,1,0,0,0,0,1,0,0,1,0,0,0
3800,0.0360093923938512,0,1,0,1,0,1,1,1,1,1,0,1,0,0,0,1,1,0,1,0,1,1,0,1,1,0,0,0,0,1,0,0,1,0,1,0,0,1,1,1
3801,0.343902699706012,0,1,0,1,1,1,1,1,1,1,0,1,0,1,1,1,1,1,1,1,1,1,0,0,1,0,0,0,0,1,0,0,0,1,1,0,0,1,0,0
3802,-0.501166026730185,1,1,0,0,1,1,0,0,1,0,1,1,0,0,1,1,1,1,0,1,1,1,0,0,0,0,0,1,0,1,0,0,0,1,0,1,1,0,0,0
3803,0.480133970429003,1,0,1,1,1,1,1,0,1,1,0,1,1,1,1,1,1,1,1,0,0,1,1,1,1,0,1,1,1,1,0,0,1,0,1,0,0,1,1,1
3804,1.11764023767769,1,1,1,1,1,1,1,0,1,1,1,1,0,0,1,1,1,0,1,1,1,1,1,0,1,1,1,1,0,1,0,1,0,0,1,0,1,1,1,0
3805,-0.524322034845709,1,1,0,1,1,1,1,1,1,0,1,1,0,1,1,1,0,1,1,0,1,1,0,0,0,0,1,1,1,0,0,1,0,0,0,1,0,0,1,1
3806,-0.445941651080204,1,1,1,0,0,1,1,1,1,1,1,1,0,1,0,1,0,0,1,0,1,1,1,1,0,0,1,0,0,0,0,0,0,1,1,0,0,0,0,0
3807,-1.22906639176943,1,1,0,0,1,1,1,1,0,0,0,1,1,0,0,0,0,0,0,0,1,1,1,0,1,0,1,1,0,0,0,0,0,0,1,0,0,0,0,0
3808,-0.378496866388109,1,0,1,0,1,1,0,0,1,0,0,1,0,0,1,1,1,0,1,1,1,1,1,0,0,0,0,0,0,0,0,0,1,0,1,0,0,1,0,0
3809,-0.69085354569342,0,1,0,0,0,1,1,1,1,1,0,1,1,0,1,1,0,0,1,0,1,1,0,1,1,1,1,0,0,1,0,0,0,0,0,1,0,1,0,1
3810,-0.416492114904047,0,1,0,1,1,1,1,1,1,1,1,0,1,0,1,1,0,1,1,0,1,1,0,0,1,0,0,0,0,0,1,0,1,0,1,0,1,0,0,0
3811,-0.714869051065557,1,0,0,1,1,1,1,0,1,1,0,1,0,0,1,1,0,0,0,0,1,1,0,1,1,0,0,0,1,0,0,0,0,0,0,1,0,1,0,0
3812,1.15223338139372,1,1,0,1,1,1,1,1,1,1,1,1,0,1,1,1,1,1,1,1,1,1,1,1,1,1,1,0,1,1,0,1,1,0,0,1,1,1,1,0
3813,0.049594873370027,0,0,0,1,1,1,1,1,1,0,1,1,0,0,0,1,1,1,1,1,0,1,1,1,0,1,0,0,1,1,0,0,0,0,1,1,1,0,0,0
3814,-1.19266463914859,0,0,0,0,0,1,0,0,0,0,0,0,0,0,1,0,1,1,0,0,1,1,0,0,1,1,0,1,0,1,0,0,0,0,0,0,0,1,1,0
3815,0.469341395777131,1,1,0,0,1,1,1,0,1,1,0,1,1,0,1,1,1,0,1,0,0,1,1,1,1,0,0,1,0,0,0,0,1,0,1,0,1,0,0,0
3816,0.408459584833106,1,0,0,0,1,1,0,1,1,0,1,0,0,0,1,1,1,0,1,0,0,1,0,1,0,0,1,0,0,0,0,1,1,1,0,1,1,1,1,0
3817,-2.21754076789868,0,0,0,1,0,1,1,0,0,0,0,0,0,1,0,0,0,0,0,0,1,0,0,0,1,0,0,0,0,0,0,0,0,0,0,1,0,1,0,0
3818,0.641760403708794,0,0,0,0,1,1,1,0,1,1,0,0,0,0,1,1,1,0,1,1,1,1,0,1,1,1,1,1,1,0,0,0,1,0,1,0,1,1,1,0
3819,-0.879383407192874,0,1,0,0,1,1,1,0,1,1,0,1,0,1,1,1,0,0,0,0,1,1,0,0,0,0,1,0,1,0,0,0,1,0,0,0,1,0,0,0
3820,-0.613076897533804,1,1,0,1,1,1,1,1,1,0,1,0,0,0,1,1,0,0,1,0,1,1,0,1,1,1,0,1,1,0,1,0,1,0,1,1,0,1,0,0
3821,-0.947128252089513,0,0,0,0,0,1,1,1,1,1,0,1,0,0,1,1,0,0,1,1,1,1,1,0,0,0,1,1,0,1,0,0,1,0,0,1,0,1,0,0
3822,0.210170729918958,1,0,1,0,1,1,1,0,1,1,1,1,0,1,1,1,1,0,1,0,1,1,1,1,1,1,1,0,0,1,0,0,1,1,1,0,1,1,1,1
3823,-0.902033118901774,0,0,0,1,1,1,1,1,0,0,1,1,1,1,0,0,1,1,0,1,1,1,1,1,1,0,1,0,1,0,0,0,0,1,0,0,0,0,1,0
3824,-2.30544835953601,0,1,0,0,0,1,1,0,0,1,1,0,0,0,0,0,0,0,0,0,1,0,1,1,1,0,0,1,1,0,0,0,0,0,0,0,0,1,0,1
3825,-0.2524811814558,0,0,0,0,1,1,0,0,1,0,0,1,0,0,0,1,0,0,1,0,1,1,0,0,1,1,0,0,1,1,0,0,0,0,1,0,1,1,1,0
3826,-0.321474605248462,0,0,1,0,0,1,1,1,1,0,1,1,1,0,0,0,0,0,1,0,1,1,0,1,1,0,0,0,0,0,0,0,0,0,1,0,1,1,1,0
3827,-0.204851895312052,1,1,1,1,0,1,1,1,1,0,0,1,1,1,0,1,0,1,1,0,1,1,0,0,1,0,1,0,0,1,0,1,0,0,1,0,0,0,0,0
3828,0.617032787833588,1,1,1,0,1,1,1,1,1,0,0,1,0,1,1,1,1,0,1,0,1,1,1,1,0,0,0,0,1,1,0,0,0,0,0,0,0,1,0,0
3829,-0.351296706063554,0,0,0,1,1,1,0,0,0,0,1,1,0,1,1,1,0,0,1,0,1,1,0,1,1,1,0,0,1,0,1,0,0,1,0,0,0,1,0,1
3830,0.431026469084247,1,1,0,1,1,1,1,1,1,0,1,1,0,0,1,1,1,0,1,0,1,1,1,1,1,0,0,0,1,0,0,1,0,0,1,1,0,1,0,0
3831,0.0843264413308028,1,0,0,1,0,1,1,1,1,1,1,1,1,0,1,1,1,0,1,1,1,1,0,1,1,0,1,1,0,0,0,0,1,1,1,0,0,1,0,0
3832,0.427904602485548,0,0,0,1,1,1,1,0,1,1,1,0,0,0,1,1,1,0,1,0,1,1,1,1,0,0,0,1,0,1,0,0,0,0,1,1,1,1,0,1
3833,-0.31283230794913,1,0,1,1,1,1,0,0,1,1,1,1,0,0,0,1,1,0,1,0,1,1,0,0,1,0,0,0,1,0,0,0,0,0,0,0,1,1,0,0
3834,-0.532208879273102,0,0,0,0,1,1,1,0,1,0,1,0,0,0,1,1,0,0,1,0,0,1,1,1,1,1,0,1,0,0,0,0,0,0,0,0,0,0,0,0
3835,-1.19384422100513,1,0,0,1,0,1,1,1,1,0,0,1,0,1,1,0,0,0,0,1,1,1,0,0,1,0,1,1,1,1,0,0,0,0,0,0,1,1,0,0
3836,1.62661897170946,0,1,1,0,1,1,0,1,1,0,1,1,0,0,1,1,1,1,1,1,1,1,1,1,1,0,1,0,1,1,0,1,1,0,1,0,0,1,1,0
3837,-0.283141112782045,1,1,1,1,1,1,1,0,1,1,0,1,1,0,0,1,0,0,1,0,1,0,0,1,1,1,0,1,1,0,0,0,0,0,0,1,0,1,0,0
3838,-0.812505293411425,0,0,0,1,0,1,1,1,0,0,0,1,0,0,1,1,0,1,1,0,0,1,1,1,1,0,0,0,1,1,0,0,0,0,0,0,1,1,1,0
3839,1.12038178941383,0,1,1,1,1,1,1,1,1,0,0,1,1,1,0,1,1,1,1,1,1,1,1,1,1,0,0,0,0,1,0,1,0,1,0,1,1,1,1,0
3840,0.75921776238767,0,1,1,0,0,1,1,0,1,1,1,0,0,0,1,1,1,1,1,1,1,1,1,1,1,0,1,0,0,1,1,0,0,1,0,0,0,1,1,1
3841,0.0958637009300005,1,1,0,0,1,1,1,1,1,0,1,1,0,0,1,1,1,1,1,0,0,1,0,1,1,1,1,1,0,1,0,0,0,0,0,0,1,1,1,1
3842,0.195968084854437,0,1,0,0,0,1,1,0,1,1,0,1,1,0,1,1,1,0,1,0,1,1,1,1,0,1,1,1,0,0,0,0,0,1,1,1,1,1,0,0
3843,-1.31614887920883,0,0,0,0,1,1,0,1,0,1,1,1,0,0,0,0,0,1,1,0,0,1,0,0,1,0,1,0,1,0,0,0,0,0,0,1,1,1,0,1
3844,-0.126252334435878,1,1,0,0,1,1,0,1,1,1,0,1,0,0,1,1,1,0,1,0,1,1,1,1,0,0,0,1,1,1,0,0,1,1,0,1,1,1,1,1
3845,2.1252196716246,1,1,0,1,1,1,1,1,1,1,1,1,1,1,1,1,1,1,1,1,1,1,0,1,1,0,1,0,1,1,1,1,0,1,0,1,1,1,1,0
3846,0.0772985554110997,0,1,1,1,1,1,1,1,1,1,1,0,1,1,1,1,1,1,1,0,1,1,1,0,0,0,0,1,0,1,0,0,0,0,1,0,1,1,1,0
3847,1.35445352138289,1,1,0,1,0,1,1,0,1,1,1,1,0,0,0,1,1,0,1,0,1,1,1,1,1,0,0,0,1,1,1,1,1,0,1,1,0,1,0,1
3848,0.487795301416803,0,1,0,1,1,1,1,1,1,1,1,0,1,0,1,1,1,0,1,1,1,1,0,0,1,0,0,0,1,0,0,1,0,1,0,0,0,1,0,0
3849,0.558328501413717,0,1,0,1,1,1,1,0,1,0,0,1,0,1,1,1,1,1,1,0,1,1,1,0,1,0,0,1,0,1,0,0,0,0,1,1,0,1,0,0
3850,1.84359702954392,1,1,1,0,1,1,0,1,1,1,1,1,1,0,1,1,1,1,1,0,1,1,1,1,1,0,0,0,1,1,0,1,1,1,1,1,1,1,1,0
3851,0.183875124256455,1,1,0,0,1,1,0,0,1,1,1,1,0,1,0,1,0,0,1,0,1,1,1,0,0,0,1,0,0,0,0,1,0,1,0,0,0,1,0,1
3852,-0.36558604260795,0,1,1,1,1,1,0,0,1,1,0,0,0,0,0,1,1,1,1,1,1,1,1,1,0,0,0,1,0,1,0,0,1,0,1,1,0,0,0,0
3853,-0.793474033885747,0,0,0,1,0,1,0,1,0,0,1,1,0,0,0,1,0,0,1,0,1,0,0,0,0,0,1,1,1,1,0,0,1,0,0,0,0,0,0,0
3854,0.0549676134804617,0,1,0,0,1,1,1,1,1,1,1,1,0,0,1,1,0,1,1,0,1,1,1,0,1,0,0,1,0,1,0,0,1,1,1,1,0,1,0,1
3855,0.278202456637097,1,1,1,0,1,1,0,0,1,1,0,0,0,0,1,1,1,0,1,0,1,1,0,1,1,0,0,0,1,0,0,0,0,0,0,0,1,1,0,0
3856,1.22838889543828,1,0,0,1,1,1,1,1,1,0,0,0,0,1,1,1,1,0,1,0,1,1,1,1,1,0,1,1,1,1,0,0,0,0,1,0,1,1,1,0
3857,-1.17671385299217,0,0,0,0,1,1,1,1,0,0,1,1,0,0,1,1,0,0,0,0,1,0,0,0,0,0,0,1,0,0,0,0,0,0,0,0,0,0,0,0
3858,0.46161654151364,1,1,1,0,1,1,1,0,1,1,0,1,0,0,0,1,1,1,1,0,1,1,0,1,1,0,1,1,1,0,0,1,0,0,0,1,1,1,0,0
3859,-1.17932987065867,0,1,0,0,1,1,0,0,1,0,1,0,0,0,0,0,0,1,0,1,1,0,1,1,0,0,0,0,1,0,0,0,0,0,1,1,0,0,0,0
3860,2.44157708856177,1,1,1,1,1,1,1,1,1,1,1,1,1,1,0,1,1,0,1,0,1,1,1,1,1,0,1,1,1,1,1,1,1,0,1,1,0,1,1,1
3861,0.283223452619989,0,0,1,0,1,1,1,1,1,0,0,0,0,0,1,1,1,0,1,0,1,1,1,1,1,0,1,1,0,1,0,0,1,1,0,0,1,0,0,0
3862,-0.665011671989158,0,0,0,1,1,1,0,1,1,1,0,0,0,1,0,1,0,0,0,0,1,1,1,1,1,0,0,0,0,0,0,0,0,0,0,0,0,0,0,1
3863,0.512916332640703,1,1,0,1,1,1,0,1,1,1,1,1,1,1,0,1,1,0,1,1,1,1,1,0,1,0,1,1,0,0,0,0,1,0,1,1,0,0,1,1
3864,-2.16498604111521,0,1,0,0,0,0,0,0,1,0,1,1,0,0,0,0,0,0,0,0,1,0,0,0,0,0,0,0,0,0,0,0,0,0,0,0,1,0,0,0
3865,-0.697602726388216,1,1,0,0,0,1,1,0,1,0,0,0,0,0,1,0,1,0,0,0,0,1,0,1,1,0,0,0,1,0,0,0,0,0,1,0,0,0,0,1
3866,-1.43377567645831,1,0,0,0,1,1,0,1,0,1,0,1,0,0,1,0,0,0,0,0,0,1,0,1,1,0,0,1,0,0,0,0,0,0,1,1,1,0,0,0
3867,0.420970876381029,1,1,1,0,1,1,0,1,1,1,0,1,1,0,1,1,1,1,0,0,1,1,1,1,1,0,1,0,1,1,0,1,0,0,0,0,1,1,1,1
3868,-1.07213430692223,0,1,0,1,0,1,0,0,0,1,1,1,0,0,1,0,0,0,0,0,0,0,1,1,0,0,1,0,1,1,0,0,1,1,0,0,0,1,0,0
3869,0.542675110093266,1,1,0,0,0,1,1,1,1,0,0,1,1,0,1,1,1,1,1,0,1,1,1,1,0,1,1,0,0,0,0,0,0,1,1,0,1,1,1,0
3870,-0.264802446405835,0,1,0,0,0,1,0,0,1,1,1,1,1,1,1,0,1,0,1,0,1,1,1,1,0,0,1,0,0,0,0,0,1,0,0,1,0,1,1,1
3871,-0.484811817321049,0,1,0,0,0,1,1,1,1,0,1,1,0,0,1,0,0,0,1,0,1,1,1,0,1,0,1,1,1,1,0,0,1,1,1,0,0,0,0,0
3872,-0.768218027649651,0,1,0,0,1,1,1,0,0,0,0,0,0,0,1,1,0,0,1,0,0,1,1,1,0,0,1,1,0,1,0,0,0,0,0,0,0,0,1,0
3873,1.68775423043577,1,1,0,0,1,1,1,1,1,1,1,1,0,0,1,1,1,1,1,1,1,1,0,0,1,0,1,0,1,1,0,1,0,1,0,1,1,1,1,0
3874,0.296490301319022,0,1,1,0,0,1,0,1,1,1,0,1,0,0,1,1,1,1,1,1,1,1,1,1,1,0,0,0,1,1,0,0,0,1,1,0,1,1,0,0
3875,1.39684512720835,1,1,1,1,1,1,1,1,1,1,1,1,0,0,1,1,1,0,1,0,1,1,1,1,1,1,0,0,1,1,0,1,0,1,1,0,1,0,1,1
3876,-0.787433549814347,0,0,1,0,0,1,1,0,0,0,1,0,0,1,0,1,0,0,1,0,1,1,1,0,1,0,0,1,1,0,0,0,0,0,1,0,1,1,0,0
3877,0.52185090074376,0,0,0,1,0,1,1,1,1,1,1,1,1,0,1,1,1,0,1,0,1,1,0,1,1,1,1,1,1,1,0,0,0,0,0,1,0,0,1,0
3878,-0.675132637010422,1,1,1,0,1,1,0,0,1,0,0,0,0,0,0,1,1,0,0,1,1,1,0,1,1,0,0,0,0,0,0,0,1,0,0,0,0,1,0,1
3879,0.203276574599185,0,1,1,0,1,1,1,1,1,1,0,1,0,0,1,1,1,0,1,1,1,1,1,0,0,0,1,1,0,0,0,0,1,1,1,0,0,1,1,1
3880,0.0550847012546548,0,0,0,1,1,1,1,1,1,0,0,1,0,0,1,1,1,1,1,0,0,1,1,1,1,1,0,0,1,1,0,0,0,0,0,0,1,1,0,0
3881,-1.41799092326775,1,1,0,1,0,1,1,1,0,1,0,0,0,0,0,1,0,1,1,0,1,1,0,0,0,1,1,1,0,1,0,0,0,0,0,1,1,0,0,0
3882,1.56694580814444,1,1,0,0,0,1,1,0,1,1,1,0,0,1,1,1,1,0,1,1,1,1,1,0,1,0,1,1,0,1,1,1,1,1,1,1,0,1,0,0
3883,-0.899900670361622,1,1,0,1,0,1,0,0,1,1,0,0,0,0,1,0,0,0,1,1,1,1,0,0,1,0,0,0,1,1,0,0,0,1,1,0,1,0,0,1
3884,0.860449945583384,0,1,0,1,1,1,1,0,1,1,1,0,0,1,1,1,1,1,1,0,1,1,1,1,1,0,1,0,1,1,0,0,0,0,0,1,1,1,1,0
3885,-0.996597533490731,0,0,0,1,1,1,0,1,0,1,1,1,0,0,1,0,0,0,1,1,1,1,0,0,1,0,0,0,0,1,1,0,0,0,0,0,1,0,0,1
3886,-1.17614080728495,0,1,0,0,1,1,1,1,1,1,1,1,0,1,1,1,0,0,0,1,1,1,0,0,0,0,0,0,0,0,1,0,0,0,1,0,0,0,0,0
3887,-0.542967510168606,1,0,0,1,1,1,1,0,1,1,0,0,0,0,1,1,0,0,0,0,1,1,0,1,1,1,0,1,1,0,0,0,1,0,1,0,1,0,0,1
3888,0.240066594407692,1,0,0,1,1,1,1,0,1,0,1,1,1,0,1,1,1,1,1,0,1,1,1,1,1,0,1,1,1,0,0,0,0,1,1,1,0,0,0,0
3889,0.0288371738932793,1,1,0,1,0,1,0,1,1,1,1,1,0,1,1,1,1,1,0,0,0,1,1,1,1,1,1,1,0,1,0,0,1,0,1,1,1,0,0,0
3890,0.626952165219512,0,1,0,1,1,1,0,1,1,1,0,1,0,0,1,1,1,1,1,0,1,1,0,1,1,0,0,1,0,1,0,0,0,1,0,1,1,1,0,0
3891,-0.0390627876819315,0,0,0,1,0,1,1,0,1,1,1,1,1,1,0,1,0,1,1,0,1,1,0,0,1,0,0,0,1,0,1,0,0,1,1,1,1,0,0,0
3892,-0.349367333972626,0,0,0,1,1,1,1,0,1,1,1,1,1,1,0,0,1,0,0,0,1,1,1,0,1,0,0,0,0,0,0,0,1,0,1,1,1,1,0,0
3893,-0.934112885838765,0,1,1,0,1,1,0,1,0,1,0,0,0,0,1,1,0,0,0,0,1,1,0,0,1,0,1,1,0,1,1,0,0,1,0,0,0,1,0,1
3894,-0.70743077425245,0,1,0,0,1,1,1,0,0,0,0,1,0,0,1,0,0,0,0,0,1,1,1,1,1,1,1,1,1,0,0,0,0,0,1,1,0,1,0,0
3895,0.334359267058268,0,1,1,1,1,1,1,1,1,0,1,1,0,0,0,1,1,1,1,0,1,1,0,1,0,0,0,0,0,1,1,0,0,1,0,1,1,1,0,1
3896,-1.10594829716905,0,1,0,1,1,0,0,0,0,1,1,1,0,0,1,1,0,0,0,1,1,1,0,0,1,0,1,1,1,1,0,0,1,1,1,0,0,1,1,0
3897,-0.223476014884933,1,0,0,0,1,1,1,1,1,1,1,1,0,0,1,1,1,0,1,1,1,1,1,0,1,0,0,1,1,0,0,0,0,0,1,0,0,0,0,0
3898,-0.756295782841443,0,1,0,0,1,1,0,1,1,1,1,0,0,0,1,1,1,0,1,0,1,1,1,1,1,1,1,1,1,1,0,0,0,0,1,1,0,0,0,0
3899,1.23083972396851,1,0,0,0,1,1,1,1,1,1,1,1,0,0,0,1,1,0,1,0,0,1,1,0,1,1,1,0,1,1,0,1,0,0,1,1,1,1,1,1
3900,-0.110004212739645,0,1,0,0,0,1,0,0,1,0,0,1,0,0,1,1,0,0,1,0,0,1,0,0,0,0,0,0,0,1,0,0,0,1,1,1,1,1,0,1
3901,1.86271142640227,0,1,0,0,1,1,1,0,1,1,1,1,1,0,1,1,1,0,1,1,1,1,1,1,1,1,0,0,1,1,0,1,0,1,1,1,1,0,0,0
3902,-1.80842510854666,1,1,0,0,0,0,1,0,0,0,1,1,0,0,1,0,0,0,0,0,0,1,1,0,0,1,1,0,1,0,0,0,1,0,0,0,0,0,0,0
3903,-0.272398628136497,1,1,1,0,1,1,0,0,1,0,1,0,0,0,1,0,1,0,0,0,1,1,1,1,1,0,1,1,0,0,0,0,0,0,1,0,1,1,0,1
3904,0.104525511314087,0,1,0,0,1,1,1,0,1,0,1,1,0,0,1,1,1,0,1,1,1,1,1,0,1,0,1,0,1,0,1,1,0,1,0,0,1,0,0,0
3905,0.131211940423008,1,0,0,1,1,1,1,0,1,1,1,0,0,1,1,1,1,1,0,0,1,1,1,1,1,0,1,1,0,1,0,0,0,1,0,0,0,0,1,0
3906,-0.529379777021819,0,0,0,0,1,1,1,1,1,0,1,1,1,0,1,1,1,1,1,0,1,1,0,0,0,0,1,0,0,1,0,0,0,1,0,0,0,1,0,1
3907,0.26446683840753,1,1,1,1,0,1,1,1,1,0,0,1,0,1,1,1,1,0,1,0,0,1,1,0,1,0,1,0,1,1,0,0,0,0,0,0,1,1,1,1
3908,-1.02757607722113,0,1,0,0,0,1,1,0,1,0,1,1,0,0,1,0,0,0,0,0,0,1,1,0,0,0,0,0,0,0,0,0,1,1,0,0,0,1,1,0
3909,1.41614436334196,0,1,0,1,1,1,1,1,1,1,0,1,0,0,1,1,1,0,1,1,0,1,1,1,1,0,0,0,1,1,0,0,1,1,1,1,1,1,0,0
3910,0.0424385897434849,0,1,1,1,1,1,0,1,1,1,1,0,1,0,0,1,1,0,1,0,1,1,1,1,1,0,0,1,0,0,0,0,0,1,0,0,0,1,0,0
3911,-0.903441550733657,0,1,0,0,0,1,0,1,1,1,0,0,0,0,0,0,0,0,1,1,1,1,0,0,1,1,1,1,1,0,0,0,0,0,0,0,0,0,1,0
3912,0.430632697570916,1,1,1,1,0,1,1,1,1,0,1,1,0,1,0,1,1,1,1,0,1,1,1,1,1,1,0,0,0,0,0,0,1,1,1,0,1,1,1,0
3913,-0.41857549853476,0,1,1,0,0,1,0,1,0,0,1,0,0,0,1,0,0,0,1,1,1,1,1,1,0,0,0,0,1,0,0,0,1,0,1,1,1,1,1,0
3914,-0.41377263871577,0,0,0,0,0,1,0,1,1,0,1,1,0,1,0,1,0,0,0,0,1,1,1,0,0,0,1,0,1,1,1,0,0,0,1,0,0,0,0,1
3915,0.903388759184271,1,0,1,1,1,1,1,1,1,1,0,1,1,0,1,1,1,0,1,0,1,1,0,1,1,0,1,0,1,0,0,0,1,1,1,1,1,1,0,1
3916,0.0999615520451711,0,1,0,0,0,1,1,0,0,1,0,1,0,0,1,1,1,0,1,0,1,1,0,0,1,0,1,0,0,0,1,0,0,1,1,1,0,1,0,0
3917,0.368606659371943,1,0,0,1,1,1,0,1,1,0,1,1,0,0,1,1,1,0,1,0,1,1,1,0,1,1,1,0,1,0,0,0,1,1,0,1,1,0,0,0
3918,0.879695646238101,0,0,1,1,1,1,1,1,1,1,0,0,0,1,1,1,1,0,1,1,1,1,1,1,0,1,0,0,0,1,0,1,1,1,0,0,1,0,0,0
3919,-2.15305370850191,0,1,1,0,0,0,0,0,0,1,0,1,1,0,1,0,0,0,0,0,1,0,1,0,1,0,0,0,0,0,0,0,1,0,1,0,0,1,0,1
3920,-0.848891797821505,0,1,0,0,0,1,0,0,1,1,0,1,0,0,1,0,0,1,0,0,1,1,1,1,0,0,1,1,1,1,0,0,0,0,0,0,0,0,1,0
3921,1.83467880194178,1,1,1,0,1,1,1,0,1,1,0,1,1,1,1,1,1,1,1,1,1,1,1,1,1,1,1,1,1,1,0,1,1,1,0,1,0,1,0,1
3922,-0.252654781827372,1,1,0,0,1,1,1,0,1,1,1,1,0,0,0,1,1,1,1,0,1,1,0,0,1,0,1,0,0,1,0,0,0,0,0,0,0,0,1,1
3923,-0.801211664208052,0,1,0,0,0,1,0,0,1,1,0,0,0,0,1,0,0,0,1,0,0,0,0,0,0,0,1,1,0,0,0,0,0,0,1,0,0,1,1,0
3924,0.329008836813791,0,1,1,0,0,1,1,0,1,1,1,0,0,1,0,1,1,0,1,0,1,1,1,0,1,1,0,1,0,1,1,0,1,0,0,0,0,1,1,0
3925,0.830031697100929,0,1,1,1,1,1,1,1,1,1,1,1,0,1,1,1,1,1,1,1,1,1,0,0,1,1,1,1,1,0,0,0,0,0,1,1,1,1,1,0
3926,-0.288601341728292,0,0,0,0,0,1,1,1,1,1,1,1,0,1,1,1,1,1,1,1,0,1,0,1,1,1,1,0,0,0,0,0,1,0,0,0,0,1,0,0
3927,0.644161415734878,1,0,1,1,1,1,1,0,1,1,0,1,0,0,0,1,1,1,1,1,1,1,0,1,1,0,1,1,1,1,0,0,1,0,1,1,1,1,1,0
3928,1.26221356736096,0,1,1,0,0,1,0,0,1,0,1,1,1,0,0,1,1,1,1,0,0,1,1,1,1,0,0,0,1,1,0,1,1,1,0,0,0,0,0,1
3929,-0.0837163568395366,0,1,0,1,0,1,1,1,1,1,0,1,0,1,1,1,1,1,1,1,1,1,1,1,0,0,0,0,0,0,0,0,1,0,1,0,1,0,0,0
3930,-0.259588210475377,1,0,0,0,1,1,0,0,1,0,0,1,0,1,0,1,0,0,1,0,1,1,0,0,1,1,0,0,1,0,0,0,0,0,0,0,0,1,0,0
3931,0.786753012093937,0,0,0,0,0,1,1,1,1,1,1,1,1,1,0,1,1,0,1,0,1,1,0,1,1,0,0,0,1,1,0,0,0,1,1,0,0,1,1,0
3932,-0.106902369079623,0,1,0,0,1,1,1,1,1,1,1,1,1,0,1,1,0,1,1,1,1,1,1,1,1,1,1,0,1,1,1,0,0,0,0,1,0,1,1,0
3933,1.67348250983385,0,1,0,0,1,1,0,1,1,1,1,1,0,1,1,1,1,1,1,1,1,1,1,1,1,1,0,1,1,1,0,1,1,1,1,1,1,0,1,0
3934,0.353826816916718,0,1,0,0,1,1,1,0,1,0,1,0,1,0,1,1,1,0,1,0,1,1,1,0,1,0,1,1,1,0,1,0,0,0,0,0,1,0,0,0
3935,1.05831878255427,1,1,0,0,1,1,1,0,1,0,0,0,0,1,1,1,1,1,1,1,1,1,1,1,1,0,1,0,0,1,0,1,1,0,1,0,1,1,0,1
3936,-1.79156248024338,0,1,0,0,0,0,1,0,0,0,1,1,0,0,0,0,0,0,0,0,1,1,0,0,1,0,1,0,1,1,0,0,0,0,1,0,0,1,1,0
3937,-0.980040922655913,0,0,0,0,0,1,1,0,0,0,1,0,0,0,0,0,1,1,1,1,0,1,1,1,1,0,0,1,1,0,1,0,0,0,1,1,0,1,0,0
3938,-0.61301965480467,0,1,0,1,1,1,1,0,0,1,0,1,0,1,0,1,0,1,1,0,0,1,1,0,1,1,0,0,0,1,0,0,0,1,0,0,1,0,1,0
3939,1.17549984685229,0,1,0,0,1,1,1,1,1,0,0,1,0,1,1,1,1,1,1,0,1,1,0,1,1,1,1,0,0,0,0,1,0,0,0,0,1,1,0,0
3940,-0.946127712304042,0,1,0,0,0,1,1,0,1,1,1,0,0,0,1,1,0,0,1,1,0,1,1,0,1,1,0,1,1,0,0,0,0,1,0,0,1,1,1,0
3941,0.421278774354887,1,1,0,1,1,1,1,0,1,0,1,1,0,0,1,1,1,0,1,0,1,1,1,1,1,0,0,1,0,0,0,1,1,1,0,1,1,1,0,1
3942,-0.250312254605984,0,0,0,0,1,1,0,0,1,1,0,1,0,1,1,1,0,0,1,0,1,1,1,1,1,0,1,0,1,0,0,0,0,1,1,0,0,1,0,1
3943,0.945172822228226,0,1,0,1,1,1,1,0,1,0,0,0,1,1,1,1,1,0,1,0,1,1,0,1,1,0,1,0,1,1,1,1,0,0,1,0,0,1,0,1
3944,0.793419803463908,1,1,1,0,1,1,0,0,1,1,0,1,0,0,1,1,1,1,1,1,1,1,1,1,0,1,0,0,1,1,0,1,1,0,1,1,0,1,0,1
3945,2.10221907520925,0,0,0,1,1,1,0,0,1,1,1,1,0,0,1,1,1,0,1,0,1,1,1,1,1,0,1,1,1,1,1,1,0,1,1,1,1,1,1,1
3946,2.03627364994623,0,0,0,0,1,1,1,0,1,0,1,1,0,0,1,1,1,1,1,0,1,1,1,1,1,0,1,1,0,1,1,1,1,1,1,0,1,0,0,1
3947,0.425443873989118,1,1,1,1,0,1,1,0,1,1,1,1,0,0,1,1,1,0,1,0,1,1,1,1,1,0,1,0,1,1,0,1,0,0,1,1,0,1,0,0
3948,1.15032746441129,0,1,1,0,1,1,0,0,1,1,0,1,0,0,1,1,1,0,1,1,1,1,0,1,0,0,1,1,1,0,0,1,1,1,0,1,1,1,0,0
3949,1.26848919167936,0,1,0,0,0,1,1,1,1,0,1,1,0,0,1,1,1,0,1,0,1,1,1,0,1,0,1,1,0,1,0,1,0,1,0,1,0,1,0,1
3950,0.622557903576932,1,0,0,0,1,1,1,0,1,1,0,1,0,0,1,1,1,1,1,0,1,1,1,1,0,1,1,1,0,1,1,1,0,0,0,0,0,1,0,0
3951,0.583378224416614,1,0,1,1,0,1,0,1,1,1,0,0,1,1,1,1,1,0,1,1,1,1,1,1,1,0,1,1,1,0,0,0,0,1,1,1,1,1,0,0
3952,-1.92504792241065,0,0,0,1,0,0,0,0,1,0,1,0,0,0,0,0,0,1,0,0,0,0,0,0,0,0,0,1,0,0,0,0,1,0,1,0,0,1,0,0
3953,1.01988175548559,0,1,0,1,1,1,1,0,1,1,1,1,1,1,1,1,1,0,1,0,1,1,1,0,1,1,1,0,1,1,0,1,1,1,1,0,1,1,0,0
3954,0.0219543429183159,0,1,1,1,0,1,1,0,1,1,1,0,0,1,0,1,1,0,1,0,0,1,1,1,1,0,1,0,1,0,1,0,0,0,0,0,1,1,1,0
3955,-0.33765086141221,0,1,0,1,0,1,0,0,1,1,1,0,1,0,1,1,1,1,1,0,0,1,1,1,0,0,1,1,1,1,1,0,1,0,1,0,0,0,1,0
3956,-1.22853744202827,0,0,0,0,0,1,1,1,0,1,1,1,0,0,0,0,0,0,0,0,1,1,1,0,1,0,0,0,0,0,0,0,0,0,1,0,1,0,1,1
3957,0.0103237212430114,0,1,0,0,1,1,1,0,1,1,1,1,0,0,1,1,0,0,1,1,1,1,0,0,1,0,1,1,0,1,0,0,0,1,0,0,0,1,0,0
3958,2.01602619118724,1,0,0,1,1,1,0,1,1,1,1,1,0,0,1,1,1,0,1,1,1,1,1,1,1,0,1,1,1,1,0,1,0,1,1,1,1,1,0,0
3959,0.121227804654519,1,1,1,1,1,1,0,1,1,0,1,1,0,0,1,1,1,1,1,0,1,1,0,1,1,0,1,1,0,1,0,0,0,0,1,0,0,1,0,0
3960,-0.585357081820645,1,0,1,0,0,1,1,0,1,1,1,1,1,0,1,1,1,0,1,1,0,1,1,1,0,0,1,1,0,0,0,0,0,0,1,0,0,0,0,0
3961,0.398504971326077,0,1,0,1,0,1,1,1,1,1,1,1,0,0,1,1,1,0,1,0,1,1,1,1,1,1,1,1,1,0,0,0,0,0,1,0,0,0,1,0
3962,0.603934837515984,1,0,0,1,1,1,1,0,1,1,1,1,0,1,0,1,1,1,1,0,1,1,1,1,1,1,1,0,1,1,1,0,0,0,0,0,1,1,0,1
3963,0.482485380009244,0,1,1,0,0,1,1,0,1,1,1,1,1,0,0,1,1,0,1,0,1,1,1,1,0,0,0,1,1,1,0,1,1,1,0,1,0,1,0,0
3964,-1.04040774263019,0,1,0,1,0,1,1,0,0,1,1,1,0,1,0,0,0,0,0,0,0,1,0,0,0,0,0,1,1,1,0,0,0,1,0,0,0,1,0,1
3965,-0.474996263609301,0,0,0,0,1,1,1,1,1,0,0,1,1,0,0,1,0,0,1,0,1,1,0,1,1,0,1,0,1,1,0,0,0,0,0,1,1,0,0,0
3966,-1.2769013595367,0,0,0,1,1,1,0,0,0,1,0,1,1,0,0,0,0,0,0,0,1,0,1,0,0,0,0,0,0,0,0,0,1,0,0,0,0,0,1,0
3967,-0.564547372672512,0,1,1,0,0,1,1,0,1,1,1,1,0,0,1,1,1,0,1,0,1,1,0,0,1,0,1,0,0,0,0,0,0,0,0,0,0,1,0,1
3968,0.207298337021427,1,1,0,1,0,1,0,1,1,1,1,0,0,1,1,0,1,0,0,0,1,1,1,1,0,0,0,0,0,1,0,0,1,0,1,0,1,1,0,0
3969,1.72918029295085,1,1,1,0,1,1,1,1,1,0,1,1,0,0,1,1,1,1,1,1,1,1,0,1,1,1,1,1,1,1,0,1,1,0,0,0,1,0,0,0
3970,-0.291469296373341,1,1,0,1,0,1,1,0,1,0,0,0,0,0,0,1,1,0,1,1,0,1,0,0,0,1,0,1,0,1,0,0,0,0,0,0,1,1,0,0
3971,0.346296352762018,0,1,0,1,1,1,0,0,1,1,0,0,0,1,1,1,1,0,1,0,1,1,0,1,0,0,1,1,1,1,0,0,0,0,1,0,0,1,1,0
3972,-0.160321405230818,0,1,0,0,1,1,1,1,1,0,0,1,0,0,1,1,0,0,1,0,1,1,1,0,1,0,1,1,0,1,0,0,0,0,0,1,1,0,1,0
3973,0.385234590428631,0,0,0,1,1,1,1,1,1,0,1,0,0,0,1,1,1,0,1,0,1,1,1,1,1,0,1,1,1,0,1,0,1,1,1,0,0,0,1,0
3974,0.759277446964305,0,0,1,1,1,1,1,1,1,1,1,1,1,1,1,1,0,1,1,1,1,1,1,1,0,0,1,0,1,1,0,0,1,1,0,1,1,1,1,0
3975,-0.396683674043148,0,1,1,0,1,1,1,1,0,1,0,1,1,0,1,1,1,0,0,0,0,1,0,1,1,0,1,1,1,1,1,1,1,0,1,0,1,0,0,0
3976,-0.237242006315746,1,0,0,0,1,1,1,0,1,1,0,1,0,1,1,1,1,1,1,0,1,1,1,0,0,0,1,1,1,0,0,0,0,0,1,1,1,0,1,0
3977,1.51566889042234,1,1,0,1,1,1,1,1,1,1,0,1,1,0,1,1,1,1,1,0,1,1,1,1,1,0,1,0,0,0,1,1,1,1,0,1,1,1,1,0
3978,-0.673191275103501,1,1,0,0,1,1,1,0,1,0,0,1,0,0,1,1,0,0,1,0,1,1,0,1,0,0,0,1,1,1,0,0,0,0,1,1,1,1,1,0
3979,-1.08209274752369,0,0,0,0,0,1,1,0,0,1,1,1,1,0,1,1,0,0,1,0,1,1,0,1,0,0,1,0,0,0,0,0,1,1,0,0,0,1,0,0
3980,-0.323874253735667,0,1,0,1,1,1,0,0,1,0,0,1,0,0,1,1,0,1,1,0,1,1,1,1,1,0,0,1,1,0,0,0,0,1,0,1,1,1,0,1
3981,-0.245276125875124,1,0,0,0,0,1,1,0,1,1,1,0,1,0,1,0,1,1,0,0,1,1,0,0,1,0,0,1,0,0,0,0,0,1,0,0,1,0,1,0
3982,-0.420930542215519,0,1,0,1,0,1,1,0,1,1,1,0,0,0,1,1,1,0,1,0,1,1,1,0,0,0,1,0,1,0,1,0,1,0,1,1,0,1,0,0
3983,1.70732961107998,1,1,1,0,1,1,0,1,1,1,1,1,1,0,1,1,1,0,1,0,1,1,1,1,0,1,1,1,1,1,0,1,0,1,1,1,1,1,1,1
3984,-0.229448155878633,0,1,0,0,1,1,1,1,1,1,1,0,0,0,1,1,1,0,1,1,1,1,1,1,0,0,1,1,0,1,0,1,1,0,1,0,1,1,0,0
3985,0.547620612955306,0,1,1,1,1,1,1,1,1,1,1,1,1,1,1,1,1,0,1,0,0,1,0,1,1,1,0,1,0,0,0,1,0,0,1,0,1,1,1,1
3986,-1.3055304964905,1,1,1,0,0,0,0,0,0,0,0,1,1,0,1,0,0,0,0,0,0,0,0,0,0,0,1,0,0,0,0,0,0,0,0,0,1,0,1,1
3987,-0.37631126964873,0,1,1,0,0,1,1,0,1,1,0,0,0,1,0,1,0,0,1,0,1,1,0,1,1,1,0,0,1,0,0,0,1,0,1,0,1,0,0,0
3988,-1.4794513964824,1,1,0,0,1,1,0,0,0,0,0,1,0,0,1,0,0,1,0,0,0,0,0,1,1,0,0,1,0,1,0,0,0,0,1,0,0,0,0,0
3989,0.569644327108118,1,1,1,1,1,1,1,0,1,0,1,0,0,1,1,1,1,0,1,0,1,1,1,1,1,0,0,0,1,1,0,0,0,0,0,1,1,1,0,0
3990,1.58745718839842,1,0,0,1,0,1,1,1,1,0,1,1,0,0,1,1,1,0,1,1,1,1,1,1,1,1,1,0,1,0,1,1,1,1,1,1,1,1,0,1
3991,-0.0996722021775217,1,0,0,1,1,1,0,1,1,1,0,1,0,1,1,1,1,0,0,0,1,1,1,0,0,1,1,0,1,1,1,0,0,0,0,0,0,1,0,0
3992,-1.35668655298032,0,0,0,0,0,1,1,1,1,0,0,1,0,1,1,0,0,0,0,0,0,1,0,0,0,0,0,0,0,0,0,0,1,1,0,0,0,0,0,0
3993,0.123834540620881,0,1,1,0,0,1,1,1,1,1,1,1,0,1,1,1,1,1,1,0,1,1,1,1,0,1,1,0,0,1,0,0,0,1,0,1,1,1,0,1
3994,-0.723839988249141,1,0,0,1,1,0,1,1,1,0,1,0,0,0,1,1,1,1,0,0,1,1,0,1,0,1,1,0,1,1,0,0,1,0,1,1,0,0,1,0
3995,0.261350832139418,0,1,0,1,0,1,1,0,1,1,1,0,0,1,1,1,1,1,1,0,0,1,1,1,1,0,0,0,1,1,0,0,1,0,1,0,1,0,1,0
3996,-0.753274189551812,0,0,0,0,1,1,0,0,1,1,1,1,0,0,1,1,1,1,1,0,1,0,1,0,1,0,0,1,0,0,0,0,0,1,1,0,0,1,0,0
3997,-2.05369334217374,0,1,0,1,0,0,1,0,0,1,0,1,0,1,0,0,0,0,0,0,1,0,0,0,1,0,1,1,0,0,0,0,0,1,1,1,1,0,0,0
3998,-0.639051417409044,0,1,1,1,0,1,0,0,0,1,1,0,0,0,0,1,1,1,1,0,0,1,1,0,1,0,1,0,0,1,1,0,0,0,1,0,1,0,0,1
3999,-0.469247407576718,1,1,0,0,1,1,0,0,1,1,1,1,0,0,0,1,1,0,1,0,1,1,0,0,1,0,1,0,1,0,0,0,0,0,0,0,0,1,0,0
4000,0.694035488266221,0,0,1,0,1,1,1,1,1,1,0,1,0,1,1,1,1,1,1,1,0,1,0,0,1,0,1,0,0,1,0,0,0,0,1,1,1,0,0,0
4001,1.49486523609658,1,1,1,1,1,1,0,1,1,1,1,0,1,0,1,1,1,0,1,1,1,1,1,1,1,1,0,0,1,1,0,1,0,1,1,0,1,1,0,1
4002,0.0934188661445756,1,1,1,0,1,1,1,0,1,1,1,0,0,0,0,1,1,0,1,1,1,1,0,1,0,0,0,0,0,0,0,0,0,1,0,0,0,1,1,0
4003,0.0781167003391532,1,0,1,0,1,1,1,1,1,0,0,1,1,0,0,0,0,0,1,0,1,1,0,0,1,0,0,1,1,0,0,1,1,0,0,0,0,1,0,1
4004,1.16083929639286,1,1,0,1,1,1,1,0,1,1,1,1,1,0,1,1,1,0,1,0,1,1,1,1,1,0,1,1,0,0,0,0,0,1,0,1,1,1,0,0
4005,0.914287158203318,1,1,1,0,1,1,1,1,1,1,0,1,0,1,1,1,1,1,1,0,1,1,0,1,1,0,0,0,1,0,0,1,1,1,1,1,0,1,0,0
4006,0.174897953424156,0,0,0,0,1,1,0,0,1,0,1,0,0,1,1,1,1,1,1,0,0,1,1,1,1,0,1,0,0,0,0,0,0,0,1,0,1,0,0,0
4007,-0.841460881664457,1,1,0,0,1,1,1,1,1,1,1,1,0,1,1,0,0,0,1,1,0,1,0,0,0,0,1,1,1,0,0,0,0,1,1,0,1,1,0,0
4008,0.312417578920938,0,0,1,0,1,1,1,1,1,1,1,1,0,0,1,1,1,0,1,0,1,1,1,0,1,0,1,0,0,1,0,0,0,1,1,0,1,1,1,1
4009,-0.72571013637302,0,1,1,0,1,1,1,0,0,0,1,0,0,1,0,0,0,0,1,0,0,1,0,0,0,1,0,0,0,0,0,0,1,0,0,0,1,1,0,1
4010,-0.0541855747593356,1,0,1,1,1,1,1,1,1,1,1,1,1,0,0,1,1,1,1,0,1,1,1,0,1,0,1,1,1,1,1,0,1,1,1,0,1,1,0,1
4011,-0.0466328354171463,0,0,0,1,1,1,1,1,1,0,1,1,1,1,1,1,0,0,1,1,1,1,0,1,1,0,0,0,0,0,0,0,1,0,0,0,1,1,1,0
4012,-0.118137309893673,1,0,0,1,1,1,1,0,1,1,1,1,0,0,0,1,0,0,1,0,1,1,1,1,1,0,0,0,1,1,1,0,1,0,1,0,1,1,0,1
4013,1.1345662286603,0,0,1,0,1,1,1,1,1,1,0,0,1,1,1,1,1,1,1,1,1,1,1,1,1,1,0,1,0,0,1,1,0,1,0,0,0,1,0,0
4014,-0.0330670177406096,1,1,1,1,1,1,1,1,1,1,0,1,1,1,1,0,1,1,1,0,1,1,0,0,0,1,1,0,1,0,0,0,0,1,0,0,1,1,0,1
4015,0.162588265644795,0,1,0,1,1,1,1,1,1,1,1,1,0,1,1,1,1,0,1,0,1,1,1,1,1,1,0,0,1,1,0,0,1,0,1,1,0,1,1,0
4016,-0.494872792517208,1,1,0,0,1,1,1,0,1,0,0,1,0,0,1,0,1,0,0,1,1,1,0,1,0,0,0,0,0,0,0,0,0,0,1,1,0,1,0,0
4017,-0.321772201717831,0,1,0,0,1,1,1,0,1,0,1,1,0,0,1,1,0,0,1,0,1,1,1,1,1,1,0,0,0,1,0,0,0,0,0,0,0,0,0,0
4018,-0.218901500310556,0,1,0,1,1,1,1,1,1,1,1,0,1,0,1,1,1,0,1,0,1,1,1,1,1,0,0,1,0,0,0,0,0,0,0,1,1,0,0,0
4019,-0.743755487955909,0,1,1,0,0,1,1,0,1,1,1,1,0,0,1,0,1,1,1,0,1,0,1,0,1,0,0,0,0,0,1,0,0,0,0,0,1,0,0,0
4020,-1.37798791429643,0,0,0,0,1,1,0,0,0,1,0,1,1,0,0,0,0,0,0,1,1,0,0,0,1,0,0,0,0,0,0,0,0,0,0,1,1,0,0,1
4021,-0.35447505727305,0,0,1,1,0,1,1,1,1,0,0,1,0,0,1,1,1,1,1,0,1,1,0,1,0,1,1,0,1,0,0,0,1,0,1,0,1,1,1,0
4022,0.34702198543614,0,1,1,1,1,1,1,0,1,0,1,0,0,1,1,1,1,1,1,0,1,1,1,1,1,1,1,1,0,1,0,0,1,0,1,1,1,1,0,0
4023,1.08719079802972,1,1,0,1,1,1,1,1,1,0,1,1,0,1,1,1,1,0,1,1,1,1,1,0,1,1,0,0,0,1,0,1,0,0,0,1,0,0,1,0
4024,1.07879107599928,1,1,0,0,1,1,1,0,1,1,1,1,0,1,1,1,1,1,1,0,1,1,1,1,1,1,1,1,0,1,0,0,1,0,1,1,0,1,1,0
4025,1.31760283369289,1,1,1,0,1,1,1,1,1,1,0,0,1,0,1,1,1,0,1,1,1,1,0,1,0,0,0,1,1,1,0,1,1,0,1,0,0,1,1,0
4026,0.12599826342596,0,1,1,0,1,1,1,0,1,1,0,1,0,1,1,0,1,1,1,1,1,1,1,1,1,0,1,1,0,0,0,1,0,0,1,0,1,0,1,1
4027,-1.61580084604905,1,0,0,0,1,0,1,0,1,0,1,0,0,0,1,1,0,0,1,0,0,0,1,0,0,0,1,0,1,0,0,0,0,1,0,0,1,1,0,1
4028,-0.0731273846174933,0,0,0,1,1,1,0,1,1,1,1,1,1,0,1,1,1,0,1,1,1,1,1,1,0,0,1,0,0,1,1,0,0,1,1,0,0,1,0,0
4029,0.666925154622673,0,1,0,0,1,1,0,0,0,1,0,0,0,0,0,1,1,0,1,0,1,1,0,0,1,0,1,0,0,1,0,0,1,0,0,1,1,0,0,1
4030,0.826595416820932,0,1,1,1,1,1,1,0,1,1,0,0,1,1,1,1,1,0,1,0,1,1,1,1,1,1,1,0,1,0,1,1,0,0,0,1,0,1,0,0
4031,-0.9383667469357,1,0,0,0,0,1,1,0,0,1,0,1,0,0,0,0,0,0,0,0,0,0,0,1,0,1,0,0,0,0,0,0,1,0,0,1,1,0,0,0
4032,0.912922807032448,0,1,1,1,1,1,1,0,1,1,1,0,0,0,1,1,1,0,1,0,1,1,0,0,0,0,0,1,0,0,1,1,0,1,0,1,0,0,1,0
4033,-1.4620032685692,0,1,1,1,1,1,1,0,1,1,0,1,0,0,1,0,0,1,0,0,0,0,0,0,1,0,0,0,1,0,0,0,1,1,0,0,0,0,0,0
4034,1.0279999815957,1,1,1,0,1,1,1,1,1,1,0,1,0,0,1,1,1,1,1,1,1,1,1,1,1,0,1,1,0,0,1,0,1,0,1,0,1,1,1,0
4035,1.52475914971407,0,1,0,0,1,1,1,1,1,1,0,1,0,0,1,1,1,1,1,1,1,1,0,0,1,0,0,0,1,0,0,1,0,0,1,1,0,1,1,1
4036,-1.74371197004591,0,1,1,0,0,1,0,0,1,1,1,0,0,0,0,0,0,0,0,0,0,0,1,0,1,0,0,0,0,0,0,0,1,0,0,0,0,1,0,0
4037,-0.731212578420148,0,1,0,0,1,1,1,0,1,0,1,1,0,0,0,1,1,0,1,0,0,1,0,1,1,1,0,1,0,0,1,0,0,0,1,0,1,0,0,0
4038,-0.85658592255005,0,0,0,1,0,1,1,0,1,1,0,0,0,0,1,1,0,1,0,0,1,1,0,1,0,0,0,0,0,1,0,0,0,1,0,0,0,1,1,0
4039,0.980964510409512,1,0,0,0,1,1,1,1,1,1,1,1,1,0,0,1,1,1,1,1,1,1,1,1,1,0,0,0,1,1,1,1,1,0,0,1,1,0,1,0
4040,0.0624798705878569,1,1,1,0,1,1,0,0,1,1,1,0,0,0,0,1,1,0,1,0,1,1,1,0,0,0,1,1,0,1,0,0,1,1,0,1,1,0,1,0
4041,0.557702749151451,1,0,0,0,0,1,0,0,1,1,1,1,0,1,1,1,1,0,1,0,1,1,1,1,1,1,1,1,1,1,0,0,0,1,0,1,0,1,1,1
4042,-0.374491880186193,1,0,0,0,1,1,0,0,1,1,0,1,1,0,1,1,1,0,1,1,1,1,1,0,1,0,0,0,0,1,0,0,1,1,0,0,0,0,1,1
4043,-0.343291947140238,0,1,0,0,1,1,1,0,1,0,0,1,0,0,1,1,1,0,1,0,1,1,1,1,1,0,0,0,1,1,0,0,0,0,0,0,0,1,0,0
4044,-1.36217737710037,0,1,1,0,0,0,1,0,0,1,0,1,0,0,1,0,0,0,0,0,1,0,0,1,1,0,1,0,1,1,0,0,1,1,1,0,1,1,1,0
4045,-0.920259026556937,1,1,0,0,1,1,0,0,0,1,1,1,1,0,1,0,1,0,1,1,1,0,1,1,1,0,0,0,0,1,1,0,1,0,1,0,0,0,1,0
4046,1.18012194358942,1,1,1,1,1,1,1,0,1,1,1,1,0,0,1,1,1,0,1,0,1,1,0,1,1,1,1,1,1,1,0,1,1,1,1,0,1,0,1,0
4047,-0.35482127520894,0,1,0,0,1,1,1,0,1,1,0,1,1,0,0,0,1,0,1,0,0,1,0,1,1,1,0,1,0,1,0,0,1,1,1,0,1,0,0,0
4048,0.0130062823517337,0,0,1,0,0,1,1,1,1,1,1,1,0,0,1,1,1,0,1,0,1,1,1,1,1,0,1,1,0,1,0,0,1,1,1,1,0,0,0,0
4049,0.243393291918927,0,0,0,0,1,1,1,1,1,1,0,0,0,0,1,1,1,0,1,0,1,1,1,0,1,0,1,1,0,1,1,0,1,1,0,0,0,0,1,1
4050,-0.647604777531141,0,1,1,0,0,1,1,0,0,1,0,1,1,0,1,0,0,0,0,0,1,1,1,0,1,1,0,0,1,1,0,0,0,1,1,0,0,0,0,1
4051,-0.993072576476289,0,0,0,0,0,1,1,0,0,1,0,1,1,0,1,1,0,0,0,0,1,1,0,0,0,0,0,1,1,1,0,0,0,1,1,0,0,1,0,0
4052,-0.591152100498091,0,1,1,1,0,1,0,0,0,0,1,0,0,1,0,1,1,1,1,0,0,1,0,0,1,0,1,1,0,0,0,0,0,0,0,0,0,1,0,0
4053,1.31156307134001,0,0,0,1,0,1,1,0,1,0,0,1,1,1,1,1,1,0,1,0,1,1,1,1,1,0,1,1,1,1,0,1,0,1,1,0,1,1,1,0
4054,0.191979606272233,0,0,0,1,0,1,0,1,1,0,1,1,0,0,1,1,1,0,1,0,1,1,1,1,1,1,0,1,1,0,1,0,1,1,0,0,1,0,0,0
4055,0.319530542691631,1,1,0,1,0,1,1,1,1,1,1,1,1,1,1,1,0,0,1,1,1,1,1,0,0,0,0,0,0,0,0,1,1,1,0,0,1,0,0,0
4056,-1.61581740828575,0,1,0,0,1,0,1,0,1,0,1,1,0,0,1,0,0,0,0,0,0,0,0,1,1,0,0,0,0,0,1,0,1,0,0,0,0,0,1,0
4057,0.580088071805341,0,1,1,1,1,1,0,0,1,1,1,1,0,0,1,1,1,1,1,1,1,1,1,0,0,1,1,0,0,0,1,1,1,0,0,0,1,1,1,0
4058,0.332538300441147,0,1,0,0,0,1,1,1,1,1,1,1,1,0,1,1,1,0,1,1,1,1,1,1,0,1,1,1,1,0,0,0,0,0,1,1,0,1,1,0
4059,-1.39706885793444,0,1,0,0,0,1,0,1,0,0,0,1,0,0,1,0,0,0,0,0,1,1,1,1,0,0,1,1,0,0,0,0,0,0,1,1,1,0,1,0
4060,-0.141784499241242,0,0,1,1,0,1,1,1,1,0,1,1,0,1,1,1,1,0,1,0,0,1,1,1,1,0,0,1,0,1,0,0,0,1,0,0,1,1,0,0
4061,1.06760369520003,1,1,0,0,1,1,1,1,1,0,1,1,1,0,1,1,1,0,1,0,1,1,1,1,1,0,1,1,0,1,0,1,1,1,1,0,1,0,0,1
4062,-0.307336379975612,1,0,0,1,1,1,0,1,1,0,0,0,1,1,0,1,0,0,1,1,1,1,0,0,1,0,0,1,0,1,0,0,0,0,0,0,0,0,0,0
4063,0.453378478516408,0,1,0,1,0,1,1,0,1,1,1,0,1,0,1,1,1,1,1,1,1,1,1,1,1,0,1,0,1,0,0,0,1,1,1,1,1,1,0,0
4064,-0.00540519616583721,1,1,1,0,1,1,0,0,1,1,0,1,0,0,1,1,1,0,1,1,1,1,0,1,1,0,1,0,0,1,0,0,0,0,1,0,1,1,0,1
4065,-0.93025235119088,0,0,0,1,1,1,1,1,0,0,1,1,0,1,0,0,0,0,0,0,1,1,0,0,0,0,0,1,0,0,0,0,0,0,1,0,1,1,0,0
4066,0.95608593148353,1,1,0,1,1,1,1,1,1,1,1,1,1,0,1,1,1,1,1,1,0,1,0,1,1,1,1,0,0,0,0,0,0,0,0,0,1,1,0,0
4067,1.23697529170742,1,1,0,0,1,1,1,0,1,0,0,0,1,1,1,1,1,1,1,0,1,1,1,1,1,0,1,1,0,0,1,1,1,1,0,0,1,0,1,1
4068,-1.69948239605767,0,0,0,1,0,0,0,1,0,0,0,0,0,0,1,0,0,0,0,0,1,1,1,0,1,0,1,0,0,1,0,0,0,0,0,0,1,0,0,0
4069,-0.967267140009051,0,1,0,1,0,1,1,0,0,0,1,1,1,0,0,0,0,0,1,0,0,1,0,0,1,0,0,0,1,0,0,0,0,0,0,0,1,1,1,0
4070,-0.39408797591074,1,1,0,1,1,1,1,1,1,1,1,1,0,0,1,1,1,1,1,0,1,1,0,1,1,0,0,0,1,0,0,0,0,1,0,1,1,1,0,0
4071,0.849253656481301,1,1,0,0,1,1,1,0,1,0,0,1,0,0,0,1,1,0,1,1,1,1,1,1,1,0,0,0,0,1,1,1,0,1,0,1,1,1,1,0
4072,0.459828023656332,1,1,0,1,0,1,1,1,1,0,1,1,0,0,1,1,1,0,1,1,1,1,1,1,0,1,0,1,1,0,1,0,0,0,0,0,0,1,1,1
4073,-1.63687065189905,0,1,0,0,0,1,1,1,0,0,1,0,0,0,0,0,0,0,0,1,1,0,1,0,0,0,1,0,0,0,0,0,0,0,0,0,0,0,0,0
4074,-0.34664299652332,0,1,0,1,0,1,1,1,1,1,0,0,0,0,0,1,1,1,1,0,1,1,0,1,0,0,0,1,1,0,0,0,0,0,0,0,0,1,0,1
4075,0.78749363904811,0,1,1,0,0,1,1,0,1,0,0,1,0,0,1,1,1,1,1,1,1,1,1,1,1,0,1,0,1,0,0,0,1,1,1,1,1,0,0,0
4076,2.00482000274313,1,1,0,0,1,1,1,1,1,1,0,0,0,0,1,1,1,0,1,0,1,1,1,1,1,1,1,0,0,0,0,1,0,1,1,0,1,1,1,1
4077,0.13296541996118,1,1,0,1,1,1,0,1,1,1,0,1,1,0,1,1,0,1,1,0,1,1,1,1,1,1,1,0,1,1,0,0,1,1,1,1,1,1,0,0
4078,1.09181130749205,0,1,0,0,1,1,1,1,1,1,0,1,1,0,1,1,1,0,1,0,1,1,1,0,1,1,1,1,1,0,1,1,0,1,1,0,1,1,0,1
4079,0.0546758377719339,1,0,0,1,0,1,0,0,1,0,0,1,0,1,1,0,1,1,1,0,1,1,0,1,1,0,1,1,0,1,1,0,0,1,1,0,0,0,1,0
4080,-0.560471784121198,0,1,0,0,1,1,1,1,1,1,0,0,0,0,0,0,0,0,1,0,1,1,0,0,1,0,0,0,1,0,0,0,1,0,1,0,0,0,0,1
4081,0.443996623244176,1,0,0,0,0,1,0,0,1,0,0,0,0,1,1,1,1,0,1,0,0,1,0,1,1,0,1,0,0,0,0,0,1,0,1,0,0,1,0,0
4082,0.188617533917938,1,1,0,1,0,1,0,1,1,0,1,0,0,1,0,1,1,0,1,0,1,1,0,0,1,0,0,1,1,1,0,0,1,1,1,0,1,1,0,0
4083,-0.790366860395872,0,1,0,1,1,1,1,1,1,1,0,1,0,0,1,0,0,1,0,0,1,1,0,1,1,1,0,0,1,1,0,0,1,1,1,0,1,1,0,1
4084,2.55798815593945,1,1,1,1,1,1,1,1,1,1,1,1,1,0,1,1,1,1,1,1,1,1,1,1,1,1,1,1,1,1,1,1,1,1,1,1,1,1,0,1
4085,1.85718290306966,0,1,0,1,1,1,1,1,1,1,1,1,1,0,1,1,1,0,1,0,1,1,1,1,1,0,1,0,1,0,1,1,1,1,0,1,1,1,1,1
4086,-0.359538570271448,0,1,0,0,0,1,1,0,1,1,1,0,0,1,0,1,1,0,1,0,1,1,1,0,1,0,1,0,1,0,0,0,0,1,0,0,0,1,1,0
4087,-0.0102799528454129,1,0,0,0,0,1,1,1,1,1,1,0,1,0,0,1,1,0,1,0,0,1,1,1,1,0,0,0,0,0,0,0,0,1,0,0,1,0,0,0
4088,-0.313059116305606,0,0,1,1,0,1,1,0,1,1,0,0,0,0,1,1,0,0,1,0,0,1,0,1,1,0,0,0,0,0,1,0,1,1,0,1,0,1,0,0
4089,0.502849219164745,0,0,0,0,1,1,0,1,1,1,1,1,0,1,1,1,1,1,1,0,1,1,1,1,1,0,0,0,1,1,0,0,0,1,0,1,1,1,0,0
4090,-1.83427560830682,0,1,1,1,0,0,0,0,0,0,0,0,0,0,0,0,0,0,0,0,1,1,0,0,0,0,0,0,0,0,0,0,0,0,0,0,0,0,0,0
4091,-0.938750270365097,0,1,0,0,0,1,0,0,0,0,0,0,0,0,0,0,0,0,0,1,0,1,0,1,0,1,1,0,0,0,0,0,0,0,0,1,0,0,1,0
4092,0.62538718822846,1,0,1,0,1,1,1,0,1,0,1,1,0,1,1,1,0,1,1,1,1,1,1,1,1,1,1,1,0,1,1,0,1,0,1,0,0,0,1,1
4093,0.335387588987079,1,0,0,1,0,1,1,0,1,1,1,1,1,0,1,1,0,0,1,0,1,1,1,1,1,0,0,0,0,0,1,1,1,1,1,1,0,1,0,1
4094,1.03629540292932,0,1,0,1,1,1,1,1,1,0,1,1,1,1,1,1,1,1,1,1,1,1,1,1,1,0,1,1,1,1,0,1,0,0,1,1,1,1,0,0
4095,-0.448070029923503,1,0,0,0,1,1,1,0,1,0,1,0,1,0,1,0,0,1,1,0,1,1,1,0,1,0,0,1,1,0,0,0,1,0,0,0,1,1,0,0
4096,-0.321469893670921,1,1,0,0,1,1,0,1,1,1,0,1,0,0,1,0,1,1,1,0,1,1,0,0,1,0,1,1,0,1,0,0,0,0,1,0,1,0,0,0
4097,0.170676901991932,1,1,0,0,1,1,1,0,1,1,1,0,1,0,1,1,0,0,1,0,1,1,0,1,0,1,1,1,1,1,0,0,1,1,1,1,1,1,0,1
4098,0.351206994395804,1,0,0,0,1,1,0,0,1,0,0,1,1,0,1,1,1,0,1,0,1,1,0,0,1,1,0,0,1,1,1,0,1,0,0,1,1,0,0,0
4099,-0.319230079625955,1,0,0,0,1,1,1,0,1,1,0,1,0,0,1,1,1,0,1,0,1,1,1,1,1,0,1,1,0,1,0,0,0,0,1,0,1,0,0,0
4100,-1.15104765766027,0,1,0,1,0,1,0,0,0,0,0,1,0,0,0,0,0,1,0,0,1,0,0,0,1,0,1,0,0,1,0,0,1,1,1,0,1,1,0,1
4101,-1.55852043179303,0,1,0,0,1,1,1,0,0,0,0,0,1,0,1,0,0,0,0,1,1,0,0,1,1,0,1,0,0,0,0,0,1,0,1,1,0,1,0,0
4102,-0.92981338387839,0,0,1,0,0,1,1,0,1,1,1,1,0,0,0,0,0,0,1,1,1,1,0,1,0,0,1,0,1,1,0,0,0,1,0,0,1,0,0,0
4103,-0.405576647163878,1,1,0,1,1,1,0,0,1,0,0,0,1,0,1,1,1,0,1,1,0,1,1,0,1,0,0,1,0,1,0,0,1,0,0,0,0,0,0,0
4104,3.31638112851519,1,1,0,1,1,1,1,1,1,1,0,1,0,1,0,1,1,0,1,0,1,1,1,1,1,1,1,1,1,1,0,1,0,1,1,1,1,1,0,1
4105,-0.639045190535515,0,0,1,0,1,1,0,1,1,1,0,1,0,0,0,1,0,0,1,0,1,1,0,1,1,1,0,0,1,1,0,0,0,1,1,1,1,1,0,1
4106,-0.923989122560407,1,1,0,0,1,1,1,0,1,0,1,1,0,0,0,1,0,1,0,1,0,1,0,1,0,0,0,0,1,1,0,0,0,1,0,0,1,1,1,0
4107,-0.844611191459831,0,1,0,0,1,1,0,0,1,1,0,1,0,0,0,0,0,1,1,0,0,1,0,1,1,0,1,1,1,1,0,0,0,0,0,1,0,0,0,0
4108,-1.10867487817502,0,1,0,0,1,0,0,0,1,0,1,1,0,0,1,1,0,0,1,0,1,0,1,1,1,0,0,0,1,1,0,0,0,0,1,0,0,1,0,0
4109,1.26994418908614,0,1,1,0,1,1,0,1,1,1,1,0,1,0,0,1,1,1,1,1,1,1,0,1,1,1,0,1,1,0,0,1,1,1,0,1,1,1,1,1
4110,1.47847779087872,0,1,0,0,1,1,1,0,1,1,1,1,0,1,1,1,1,1,1,1,1,1,1,1,1,1,0,1,1,1,0,1,1,0,0,0,1,1,0,0
4111,0.394133354561452,1,0,1,0,0,1,1,1,1,0,1,0,1,1,0,1,1,0,1,1,1,1,1,1,1,0,0,0,0,0,0,0,1,1,1,0,1,1,0,1
4112,1.73925472341954,1,0,1,0,1,1,1,1,1,1,1,1,0,1,1,1,1,1,1,1,1,1,1,1,1,0,1,1,1,1,1,0,0,1,0,1,1,0,1,1
4113,-0.173044734452761,1,0,0,1,1,1,1,1,1,1,1,1,1,0,1,1,1,1,0,1,1,1,0,1,0,1,1,1,1,1,0,0,1,0,0,0,0,0,0,0
4114,-1.41711876754435,0,1,0,1,0,1,0,0,0,1,0,0,0,0,1,0,0,0,0,0,1,0,0,0,1,1,1,0,1,0,0,0,1,1,1,0,1,1,0,0
4115,0.701389401084342,0,1,1,1,1,1,1,1,1,1,1,0,0,1,1,1,1,1,1,0,1,1,1,1,1,1,0,1,1,0,0,0,0,1,1,1,1,0,1,0
4116,-1.26857703996653,0,1,0,0,0,1,1,0,0,1,1,0,0,0,0,0,0,1,1,1,0,0,0,0,0,1,0,0,1,1,0,0,0,1,0,0,1,0,0,0
4117,0.271427347430823,1,1,1,0,1,1,1,0,1,1,1,0,0,0,1,1,1,0,1,0,0,1,0,0,1,1,0,0,0,0,1,1,0,0,0,0,1,1,1,0
4118,0.563956562487631,1,1,1,1,0,1,1,1,1,1,1,1,0,0,1,1,1,1,1,1,1,1,1,1,1,0,1,0,0,0,1,0,0,0,0,0,0,1,0,0
4119,-1.48684668397791,0,1,1,1,1,1,0,0,0,0,1,0,0,0,1,1,0,0,0,0,0,1,1,0,0,0,0,1,0,0,0,0,0,1,0,1,0,1,0,1
4120,1.23574322576129,0,0,1,1,1,1,1,0,1,1,1,1,0,1,1,1,1,0,0,1,0,1,1,1,0,0,1,0,0,1,0,1,1,0,1,0,1,1,1,1
4121,0.898492023645885,1,1,0,1,0,1,1,1,1,1,0,1,0,0,0,1,1,1,0,1,1,1,1,0,1,0,1,1,0,1,0,1,0,0,0,0,1,1,1,0
4122,-0.368260152075809,1,0,0,0,0,1,0,0,1,1,1,1,0,0,1,1,1,1,1,1,1,1,0,1,1,0,1,0,1,1,0,0,0,0,1,0,1,1,1,0
4123,1.07775594829061,0,1,1,1,1,1,1,1,1,1,1,1,0,0,1,1,1,1,1,0,1,1,0,1,1,0,0,0,1,0,0,1,0,0,1,1,0,1,1,1
4124,-0.830885385480602,0,1,1,0,0,1,0,0,0,1,1,1,0,0,1,1,0,0,1,0,1,1,0,0,1,0,0,0,1,1,0,0,1,0,0,0,1,0,0,1
4125,-0.133541164508687,1,0,1,0,1,1,1,0,1,1,0,0,0,0,0,1,1,1,1,1,1,1,0,1,1,0,0,0,1,0,0,0,0,0,0,1,0,1,0,1
4126,-0.221399713422162,0,0,0,1,1,1,1,0,1,1,0,1,0,1,1,1,0,0,1,0,1,1,0,1,1,0,1,1,0,1,1,0,0,0,0,0,0,0,0,0
4127,-0.401253389708481,0,1,0,0,1,1,0,1,1,1,0,0,0,0,0,1,1,0,1,1,1,1,1,1,1,1,0,0,0,0,1,0,0,0,1,0,1,1,1,1
4128,1.4932070342044,1,1,0,0,1,1,1,1,1,1,1,1,0,1,0,1,1,0,1,0,1,1,1,1,1,0,1,0,1,1,1,1,1,0,1,1,1,1,1,1
4129,1.3493436693406,1,1,0,1,0,1,1,1,1,1,0,1,1,0,1,1,1,0,1,0,1,1,0,1,1,0,1,1,1,1,0,1,0,1,1,0,1,0,0,0
4130,-0.156363192536695,0,0,1,1,0,1,1,0,1,1,1,1,0,0,0,1,0,1,1,0,1,0,0,1,0,0,0,0,1,0,0,0,0,0,0,0,1,1,0,0
4131,0.414086622095922,1,1,0,0,0,1,1,1,0,1,0,1,1,0,0,1,1,1,1,0,0,1,1,1,1,0,1,1,1,1,0,1,1,0,1,1,1,1,0,0
4132,-0.578478514982292,0,0,1,0,1,1,0,1,1,1,1,0,1,0,1,0,1,0,1,0,1,1,0,1,0,0,0,1,1,1,0,0,0,0,0,0,1,1,0,0
4133,-1.84693308581054,0,0,0,1,0,0,1,0,0,1,1,1,0,0,1,0,0,0,0,0,1,0,0,0,0,0,0,0,0,0,0,0,0,0,1,0,0,0,0,1
4134,-1.32450502275365,0,1,0,0,1,1,1,0,0,1,1,0,0,1,1,1,0,0,0,0,1,0,1,0,1,0,0,0,0,0,0,0,1,1,1,1,0,1,0,0
4135,-0.952046315145414,0,1,1,0,1,1,0,0,0,1,1,1,0,0,0,0,0,0,0,0,1,1,0,1,0,0,0,0,0,0,0,0,0,0,0,0,0,0,1,0
4136,1.00068489630412,1,1,0,0,1,1,1,1,1,1,1,0,0,0,1,1,1,1,1,1,0,1,1,1,1,0,0,1,1,1,1,1,1,0,1,0,1,1,1,1
4137,-1.55375344176565,1,0,0,1,0,1,1,1,0,0,0,1,0,0,0,1,0,1,0,0,0,1,1,1,1,0,0,1,1,0,0,0,0,0,1,0,0,1,0,0
4138,-1.34952951960685,0,1,0,0,0,1,1,1,0,1,1,1,0,0,0,1,0,0,0,0,0,0,1,0,1,0,1,1,1,1,0,0,0,0,0,0,1,1,0,0
4139,-0.205144834972846,0,1,1,1,0,1,0,0,1,0,1,0,0,0,1,0,1,0,1,0,1,1,1,0,1,0,1,1,1,1,0,0,1,0,1,1,1,1,0,0
4140,-0.569597764566825,0,1,0,0,0,1,1,1,1,0,0,1,0,0,0,1,1,0,1,0,0,1,1,0,1,1,1,0,1,1,0,0,0,0,1,1,0,1,1,0
4141,-0.356943517291414,0,1,1,1,1,1,0,1,0,1,1,1,1,0,0,1,0,0,0,0,1,1,0,1,0,0,1,0,0,0,0,0,0,0,1,1,1,0,0,0
4142,-0.165693010671234,0,1,0,0,1,1,1,0,1,1,1,1,0,1,1,1,1,0,1,0,0,1,1,0,0,0,0,0,1,1,0,0,1,1,1,0,1,1,1,0
4143,0.633128713031322,1,0,0,1,0,1,0,0,1,1,1,1,0,0,1,1,1,0,1,0,1,1,1,1,1,1,1,0,0,1,0,0,0,0,0,1,0,1,1,0
4144,1.37596078619886,1,1,0,0,1,1,0,1,1,1,1,1,1,0,1,1,1,0,1,0,1,1,1,0,1,0,0,0,1,1,1,1,1,1,0,0,1,1,1,1
4145,-0.319788965295851,1,1,0,1,1,1,1,1,1,0,1,0,0,1,0,0,0,0,1,1,0,1,0,1,0,1,1,1,0,1,0,0,0,0,1,0,1,0,0,1
4146,2.55505989775438,1,1,1,0,1,1,1,1,1,1,1,1,1,0,0,1,1,1,1,1,1,1,1,1,1,1,1,1,0,1,0,1,0,1,1,1,1,1,1,1
4147,0.797272262745746,1,0,0,0,1,1,1,0,1,1,0,0,1,0,1,1,1,1,1,0,1,1,0,1,1,1,1,0,0,1,0,0,1,0,1,0,1,1,0,0
4148,0.340627948929795,0,0,0,1,0,1,0,1,1,1,1,0,0,1,1,1,1,1,1,0,1,1,1,1,1,0,0,0,0,1,0,0,0,0,0,0,0,1,0,0
4149,-1.92869150452853,0,0,0,1,0,1,1,0,0,1,1,0,0,0,0,1,0,0,0,0,0,1,0,1,1,0,0,0,0,1,0,0,0,0,1,0,0,1,0,1
4150,-0.934495130849351,0,1,0,0,0,1,1,1,0,1,1,1,0,0,0,0,0,0,0,0,1,1,0,0,0,0,1,0,0,1,0,0,1,0,0,0,1,0,1,0
4151,1.05118729245948,0,0,0,1,1,1,1,1,1,1,1,0,1,1,1,1,1,0,1,1,1,1,1,0,1,0,1,0,0,0,0,1,0,0,1,0,1,1,1,1
4152,0.54766652153989,1,1,0,1,1,1,1,0,1,0,1,0,0,0,1,1,1,1,1,1,1,1,1,1,1,0,0,1,0,1,0,0,0,1,1,0,1,0,1,0
4153,-1.83079003043671,0,1,0,1,0,1,0,0,0,0,1,0,1,1,0,1,0,0,0,0,0,0,0,0,0,0,0,0,0,0,0,0,0,0,1,0,0,0,0,0
4154,0.197806777763597,1,0,0,1,0,1,1,1,1,1,0,0,0,0,0,0,1,1,1,1,1,1,0,1,1,1,0,0,1,0,0,0,0,1,1,1,1,1,0,1
4155,-0.393695876585865,1,0,0,1,0,0,1,1,1,0,1,0,0,0,0,1,0,0,1,0,1,1,0,1,0,0,0,1,0,1,0,0,1,0,0,0,0,0,0,0
4156,0.158465434038682,0,1,1,0,1,1,1,1,1,1,0,0,0,0,0,1,0,0,1,0,1,1,0,1,1,0,1,1,1,0,0,0,1,1,1,0,1,1,1,0
4157,-0.566757812931571,0,1,0,1,1,0,1,0,1,1,1,1,0,0,1,0,1,0,1,0,1,0,1,1,1,0,1,0,1,1,1,0,0,0,1,0,0,1,0,0
4158,0.967334158527021,1,0,1,0,1,1,1,0,1,0,1,1,1,0,0,1,1,0,1,1,1,1,0,1,1,1,1,0,1,1,0,0,1,1,1,1,1,1,0,0
4159,-1.12151789834517,1,0,1,0,1,1,1,1,0,1,1,1,0,0,0,0,1,0,0,0,0,1,0,0,1,0,1,1,0,0,0,0,0,1,1,1,0,0,1,0
4160,0.485367833064854,1,1,0,1,1,1,0,0,1,1,1,1,1,1,1,1,1,0,1,1,1,1,1,1,0,1,0,1,1,1,0,1,1,0,1,0,1,1,0,0
4161,-0.725494655504535,1,1,0,0,0,1,1,0,1,0,0,0,1,0,1,1,0,0,0,0,0,1,1,0,1,0,0,0,1,1,0,0,0,0,0,1,1,1,0,0
4162,-0.775912678365169,1,1,0,0,0,1,1,0,1,0,0,0,0,0,1,1,1,0,1,0,1,1,1,1,1,0,1,1,0,1,0,0,1,1,1,0,1,1,0,0
4163,0.625032247046489,0,1,1,0,1,1,1,1,1,1,1,0,0,1,1,1,1,0,1,0,1,1,1,1,0,1,1,1,0,0,0,1,1,0,0,1,0,1,1,0
4164,0.578092647313543,0,1,0,0,1,1,1,1,1,0,1,1,0,1,0,1,0,0,1,1,1,1,0,1,1,0,0,1,1,1,0,0,1,1,0,1,1,1,0,0
4165,-0.677830767113972,0,1,0,0,1,1,1,1,1,1,1,0,0,1,1,1,1,1,0,1,0,1,0,0,1,0,0,0,1,0,0,0,0,1,1,0,0,0,0,0
4166,-1.41956057755961,0,1,0,1,0,1,1,1,0,1,0,0,0,0,1,0,0,1,1,0,0,1,1,0,0,0,0,1,0,1,0,0,1,1,0,1,1,0,0,1
4167,-1.73014820043256,0,0,0,0,1,1,1,1,0,1,1,1,1,0,1,0,0,0,0,0,0,1,0,0,1,0,0,0,0,1,0,0,1,0,0,0,0,1,0,0
4168,0.860295158679611,0,0,0,1,1,1,1,1,1,1,0,0,0,1,0,1,1,0,1,0,1,1,0,1,1,0,0,1,1,0,0,0,0,0,1,0,1,1,1,1
4169,1.75061408446289,1,0,1,1,1,1,1,1,1,1,0,0,0,1,1,1,1,1,1,0,1,1,1,1,1,0,1,0,0,1,1,1,0,1,1,1,1,1,1,1
4170,-0.448028305663986,0,1,0,1,0,1,0,1,1,0,1,1,0,0,1,1,0,0,0,0,1,1,1,1,0,0,0,0,1,0,0,0,0,1,1,1,0,0,1,0
4171,1.78156317888495,1,1,1,1,1,1,1,0,1,1,0,1,0,1,1,1,1,1,1,0,1,1,0,0,1,1,1,1,0,0,0,1,1,1,1,0,1,1,0,0
4172,1.3896207872861,0,0,0,1,1,1,1,1,1,0,1,0,1,0,1,1,1,1,1,1,1,1,1,1,1,1,0,0,1,0,1,1,1,0,1,0,0,1,0,1
4173,0.418308213345325,0,1,0,1,1,1,1,1,1,1,0,1,0,0,0,1,1,0,1,0,1,1,0,0,0,0,0,1,0,1,1,0,0,0,1,1,1,1,1,0
4174,0.156325534455894,0,0,0,1,1,1,1,1,1,0,1,0,0,0,1,1,1,0,1,0,1,1,0,1,1,1,0,1,1,1,0,0,1,0,0,0,1,0,0,1
4175,-1.31988892258933,0,0,0,0,1,1,1,0,0,0,0,0,0,1,0,0,0,0,0,0,0,1,0,1,0,0,0,1,0,0,0,0,0,0,0,0,0,0,0,0
4176,1.25115441875809,1,0,0,1,1,1,1,0,1,1,1,1,1,0,1,1,1,1,1,1,1,1,1,1,0,1,1,0,1,1,0,1,0,1,1,0,0,0,1,0
4177,-1.35454067079587,0,0,0,1,0,1,1,0,0,0,1,1,0,1,1,0,0,1,0,0,0,1,0,1,0,1,0,0,0,0,0,0,0,0,0,0,1,1,0,0
4178,0.181909967996724,1,1,1,0,1,1,1,0,1,1,1,0,0,0,0,1,1,0,1,1,1,1,0,1,1,0,1,0,1,1,0,0,1,0,1,0,0,0,0,0
4179,-0.812211765012576,0,0,0,0,1,1,1,0,1,0,1,0,0,0,1,0,0,0,0,1,1,1,1,1,1,0,1,1,0,0,1,0,1,1,0,0,1,1,0,0
4180,-0.0796399118189794,1,0,1,1,1,1,0,0,1,1,0,1,1,0,0,1,1,0,1,0,1,1,1,1,1,0,1,0,1,1,0,0,0,0,0,0,1,0,0,0
4181,0.761786817000519,0,0,0,1,1,1,1,1,1,0,0,1,0,1,1,1,1,1,1,0,1,1,1,1,1,0,1,0,0,1,0,0,0,1,1,0,1,0,1,0
4182,-0.6194039778495,1,1,0,0,1,1,1,1,1,0,1,1,0,0,1,1,1,0,0,0,1,1,1,0,0,1,0,0,0,0,0,0,0,1,0,0,1,1,0,1
4183,-0.398775615351717,1,1,0,0,0,1,0,1,1,0,0,1,0,0,0,1,0,0,1,0,1,1,1,1,1,1,1,1,0,1,0,0,1,1,1,1,0,0,0,0
4184,0.237538152971184,0,0,0,0,0,1,1,1,1,1,0,0,1,0,1,1,0,0,1,1,1,1,1,0,1,1,0,0,1,1,1,0,1,1,0,1,0,1,0,0
4185,0.812108188644015,1,1,0,1,1,1,1,1,1,1,1,0,0,1,1,1,1,1,1,0,1,1,1,1,0,0,0,0,1,1,1,1,1,0,0,0,1,1,0,0
4186,0.0382043348344656,0,1,1,1,1,1,1,1,1,1,1,1,0,0,1,0,1,1,1,1,1,1,1,1,1,0,1,0,0,0,0,0,0,0,1,1,1,0,0,0
4187,-1.10169538685716,0,1,0,0,0,1,1,0,1,1,1,0,0,0,0,0,0,0,0,0,0,1,0,1,1,0,0,1,0,1,0,0,0,0,0,1,0,0,0,0
4188,0.0260203238779343,0,1,1,1,1,1,1,1,1,0,1,0,0,0,1,1,1,1,1,1,1,1,1,1,1,0,1,1,1,0,0,0,0,0,1,1,0,0,1,0
4189,-0.324596160351227,0,0,0,0,1,1,1,1,1,1,0,1,0,0,0,1,1,0,1,0,1,1,1,1,1,0,0,0,1,0,0,0,0,0,0,1,1,1,1,1
4190,1.45552370805556,1,1,0,0,1,1,1,1,1,1,0,1,1,1,1,1,1,0,1,1,1,1,1,1,1,1,0,0,1,1,0,1,1,0,1,0,1,0,1,1
4191,0.558758360912458,0,0,1,0,0,1,0,0,1,1,0,1,0,1,1,1,1,1,1,0,0,1,1,1,1,1,1,1,1,1,0,1,0,1,0,1,0,1,1,0
4192,3.5470730891875,1,1,1,0,1,1,1,1,1,1,1,0,1,1,1,1,1,1,1,0,0,1,0,1,1,0,1,1,1,1,0,1,1,1,1,1,1,1,1,1
4193,0.988084207129009,0,1,0,0,0,1,1,1,1,1,1,0,0,1,1,1,1,0,1,0,1,1,0,1,1,0,1,1,0,1,0,1,1,0,1,1,1,1,1,0
4194,1.89482763330024,1,1,1,1,1,1,1,1,1,1,1,0,1,1,1,1,1,0,1,0,1,1,0,1,1,1,1,0,1,1,1,1,1,1,1,0,1,1,1,0
4195,-0.956141362615889,0,0,0,0,0,1,1,0,1,0,1,1,0,1,1,1,0,0,0,0,1,1,0,1,1,0,1,0,0,0,0,0,1,0,0,1,0,0,0,0
4196,1.66138745029559,1,1,0,1,1,1,0,0,1,1,1,1,1,1,1,1,1,1,1,0,1,1,1,1,1,0,0,0,1,0,1,1,0,1,1,1,1,1,0,0
4197,2.44964921632446,0,1,0,1,1,1,0,1,1,1,1,1,1,1,1,1,1,0,1,0,1,1,0,1,1,1,1,1,1,1,1,1,1,1,1,1,1,1,1,1
4198,-0.149307493683356,0,1,0,0,0,1,1,0,1,0,1,1,0,0,1,1,1,0,1,0,0,1,0,0,0,0,0,1,0,0,1,0,1,0,0,0,1,1,0,0
4199,1.53467994954722,0,1,1,1,1,1,1,1,1,0,1,0,0,0,1,1,1,1,1,0,1,1,1,1,1,0,1,1,1,1,0,0,1,1,0,1,1,0,1,0
4200,0.495605378091982,0,0,0,1,1,1,1,0,1,1,1,0,0,0,0,1,1,0,1,1,1,1,0,0,1,0,0,1,0,0,0,0,0,1,0,0,0,0,1,0
4201,0.441327586287996,1,0,0,1,1,1,1,1,1,0,1,1,1,1,1,1,1,1,1,1,1,1,1,0,1,0,0,0,0,1,0,0,0,0,1,0,1,1,1,1
4202,-0.508945882679444,1,0,0,1,1,1,1,0,1,0,1,0,0,0,1,1,1,0,0,1,1,1,0,1,0,0,0,0,0,0,0,0,0,0,1,1,0,1,0,0
4203,1.42046101572744,0,1,0,0,1,1,1,1,1,0,1,1,0,1,1,1,1,1,1,1,1,1,1,1,1,0,1,1,1,1,1,1,0,0,1,1,1,0,0,1
4204,0.25527486957505,1,1,1,0,1,1,0,1,1,1,1,0,0,1,0,1,1,0,1,0,0,1,1,1,1,1,1,1,0,0,0,0,0,0,0,1,1,1,1,1
4205,-0.296032974983055,0,1,1,0,1,1,1,1,1,0,1,1,0,0,1,1,1,1,1,0,1,1,1,0,1,0,1,1,0,1,0,0,0,0,0,0,0,1,1,1
4206,-0.619010179668,0,1,1,1,1,1,1,0,1,1,1,1,0,0,1,1,0,1,1,1,0,1,0,1,1,0,0,1,0,0,0,0,0,0,1,0,0,1,1,0
4207,0.758939833926088,0,1,0,1,1,1,1,0,1,1,1,1,0,0,1,1,1,1,1,1,1,1,0,1,0,0,1,1,1,1,0,0,1,1,1,1,1,0,0,1
4208,-2.08270164889928,0,1,0,0,0,0,0,0,0,0,0,0,0,0,1,0,0,0,0,0,1,0,0,0,0,1,0,0,1,1,0,0,0,0,0,1,0,0,1,0
4209,1.12594862155139,1,1,0,0,1,1,1,0,1,1,1,0,1,0,1,1,1,0,1,0,1,1,1,1,1,0,0,0,1,1,0,1,0,1,0,0,1,1,0,0
4210,0.188576852113221,0,1,0,0,1,1,1,0,1,1,1,1,0,0,1,1,1,0,1,0,1,1,1,0,1,0,1,0,1,1,1,0,1,0,1,0,1,0,1,0
4211,-0.431297823291737,0,1,0,0,1,1,1,0,0,1,1,1,0,0,1,1,0,0,1,1,0,1,0,0,0,0,1,0,1,1,0,0,0,0,0,0,0,1,0,0
4212,0.534095936819825,0,1,0,0,1,1,1,1,1,1,0,1,0,1,1,1,1,0,0,0,1,1,1,1,1,1,1,0,1,1,0,1,1,0,1,0,0,0,1,1
4213,2.30432162394308,0,1,0,0,1,1,1,1,1,1,1,0,0,1,1,1,1,1,1,0,1,1,1,1,1,1,0,1,1,1,1,1,1,0,1,0,1,0,0,0
4214,0.92348209552731,1,1,0,1,1,1,1,1,1,1,0,1,1,1,0,1,1,0,1,0,1,1,0,1,1,0,1,1,1,1,0,0,1,1,1,1,1,0,0,0
4215,1.24107908789092,1,1,0,0,1,1,1,1,1,1,1,0,1,0,1,1,1,0,1,0,1,1,0,1,1,0,1,0,1,1,0,1,0,1,0,0,1,0,1,1
4216,-1.41724741411229,0,0,0,1,1,1,0,0,0,0,0,1,0,0,1,0,0,0,0,0,1,1,1,1,0,1,0,0,0,0,0,0,1,0,0,0,0,1,0,0
4217,-0.0210486574499038,0,1,0,1,0,1,1,0,0,0,0,0,0,1,1,1,0,0,0,1,1,1,0,0,1,1,0,0,0,1,0,0,0,0,0,1,1,1,0,0
4218,1.02232693165705,1,1,0,1,1,1,1,0,1,1,1,0,0,0,1,1,1,1,1,1,1,1,1,1,1,0,1,1,1,1,0,1,0,0,0,1,0,1,1,0
4219,1.03608341075163,0,1,1,1,1,1,0,1,1,0,0,1,0,1,1,1,1,1,1,0,0,1,1,1,0,1,1,0,1,1,0,1,0,1,0,0,1,1,1,1
4220,1.80885723920455,0,1,0,1,0,1,1,1,1,1,1,1,0,0,1,1,1,1,1,0,1,1,1,1,1,0,1,1,1,1,1,1,0,1,0,0,1,1,1,1
4221,1.66497120158656,1,1,1,1,1,1,1,1,1,1,1,0,0,1,1,1,1,1,1,1,1,1,1,1,1,0,1,0,1,0,1,1,1,1,1,1,1,1,1,0
4222,-0.9932596221568,0,0,0,0,0,1,0,0,0,1,0,0,0,0,0,0,0,1,0,0,0,1,1,1,1,0,1,0,0,1,0,0,0,1,1,0,0,1,1,0
4223,-0.57979171375206,0,1,0,1,1,1,1,0,1,0,1,1,0,0,1,1,0,1,0,0,1,1,0,0,1,0,1,0,0,1,0,0,1,0,1,0,0,1,0,0
4224,-0.860396493686399,1,1,0,1,0,1,0,1,0,1,0,0,0,0,0,0,0,0,1,0,1,1,0,1,0,0,1,0,0,1,0,0,1,0,1,1,0,1,0,0
4225,-0.786702742276121,0,1,1,0,1,1,1,1,1,0,0,1,0,0,1,1,0,0,0,1,0,1,1,0,1,0,0,0,0,0,0,0,0,0,1,0,1,0,1,0
4226,-1.08306413125862,0,0,0,0,1,1,0,0,0,1,0,1,0,0,1,1,0,0,1,0,0,1,1,1,1,1,0,0,1,0,0,0,1,0,0,0,1,0,0,0
4227,0.454008754112354,0,1,1,1,1,1,0,1,1,1,1,0,0,0,1,1,1,1,1,0,1,1,1,1,1,1,1,1,0,1,0,0,0,0,0,1,1,1,1,0
4228,0.0493459635399982,1,0,0,1,1,1,1,1,1,1,0,1,0,0,1,1,1,1,1,0,0,1,1,1,1,0,1,0,1,1,0,0,0,0,0,1,0,1,0,0
4229,-1.1254055650357,0,0,1,0,0,1,1,0,1,1,1,0,0,0,1,0,0,1,0,1,0,1,0,1,1,0,0,0,0,0,0,0,1,1,0,0,0,0,0,1
4230,-0.359583754066855,0,1,0,1,1,1,0,0,1,1,0,0,0,1,1,1,1,0,1,0,1,1,1,1,0,0,1,0,0,1,0,0,0,1,0,0,0,0,0,0
4231,-0.439068291287081,1,1,0,1,1,1,1,1,1,1,1,0,0,0,1,1,1,0,1,1,1,1,1,1,1,1,0,0,0,1,0,0,0,0,0,0,1,0,0,0
4232,2.49269687768202,1,0,0,1,1,1,1,0,1,1,0,1,1,1,1,1,1,1,1,0,1,1,1,1,1,1,1,1,0,0,1,1,0,0,0,1,0,1,1,1
4233,-2.9759248953627,0,1,1,1,0,0,1,0,0,0,0,0,0,0,1,0,0,0,0,1,1,0,1,0,0,0,0,1,0,1,0,0,1,0,0,0,1,1,0,0
4234,-0.0751611429844128,0,1,0,1,1,1,1,1,1,1,0,1,0,0,0,1,1,0,1,1,1,1,1,0,1,1,0,1,1,1,0,0,0,0,1,0,1,1,0,0
4235,0.532920812323255,0,1,0,1,1,1,1,1,1,1,0,1,0,0,0,1,1,0,1,0,1,1,1,1,1,1,1,0,1,1,1,1,0,0,1,0,0,0,1,0
4236,1.33811131306621,1,1,0,0,0,1,0,0,1,1,1,1,0,0,0,1,1,0,1,1,1,1,1,1,1,1,1,0,1,1,1,1,0,1,0,1,1,1,1,1
4237,0.236751391824284,1,1,0,1,1,1,1,0,1,0,1,1,0,1,1,1,1,0,1,0,1,1,0,0,1,1,1,1,1,1,0,0,1,1,1,0,0,0,0,0
4238,0.62212234754349,1,1,0,1,1,1,1,1,1,1,1,1,0,0,1,1,1,1,1,1,1,1,1,1,1,0,0,1,1,0,1,1,0,1,1,0,1,1,1,1
4239,-1.10437065664775,0,0,1,0,0,1,1,1,1,0,0,0,1,0,0,0,0,1,1,0,1,1,1,0,1,0,0,0,1,1,0,0,1,0,1,0,1,1,0,0
4240,0.36088198397643,0,0,1,0,1,1,1,0,1,1,0,1,1,0,0,1,1,1,1,0,1,1,1,1,1,0,1,1,1,0,0,0,0,1,1,0,1,0,1,0
4241,0.841928342335165,0,0,0,1,1,1,1,0,1,1,1,1,0,1,1,1,1,1,1,1,1,1,1,1,1,1,1,0,1,1,0,0,0,1,1,1,0,1,1,1
4242,1.77141766148831,0,0,0,1,0,1,1,1,1,0,1,1,1,0,1,1,1,0,1,1,0,1,1,1,1,0,1,0,1,1,1,1,1,1,1,0,1,1,1,1
4243,-1.32999344329731,0,1,0,1,1,1,0,1,1,0,0,0,0,0,1,0,0,0,0,0,1,0,1,0,1,0,0,0,0,1,0,0,1,0,0,0,0,0,0,0
4244,-1.08202526589219,1,1,0,1,0,1,1,0,1,0,0,1,1,0,1,0,1,0,0,0,1,1,0,1,0,1,0,1,0,0,0,0,0,0,0,0,0,1,0,1
4245,0.00820991614951176,1,1,1,1,0,1,1,1,1,1,0,1,1,1,1,1,1,1,0,1,1,1,1,1,1,0,1,1,1,1,1,1,0,1,1,0,0,1,1,0
4246,0.617038939434867,0,1,1,0,1,1,0,1,1,0,1,0,0,1,1,1,1,1,1,1,1,1,1,0,1,1,1,0,0,0,0,0,0,0,1,0,0,1,1,1
4247,1.48534184231146,1,1,1,1,0,1,0,1,1,0,0,1,1,1,1,1,1,0,1,1,1,1,1,1,1,0,1,0,0,1,0,1,0,1,0,1,1,1,0,1
4248,0.283102394327098,1,1,1,0,1,1,1,1,1,0,1,1,1,0,1,1,0,1,1,0,1,1,1,1,1,1,0,0,0,1,0,0,0,1,0,1,0,1,1,0
4249,0.541921880133643,1,1,0,1,0,1,0,1,1,1,1,1,0,0,0,1,1,1,1,0,1,1,1,1,1,0,0,1,1,1,1,0,1,0,0,0,1,1,1,1
4250,0.775087848150642,1,0,1,0,0,1,1,1,1,1,1,1,0,1,1,1,1,1,1,1,1,1,0,0,1,0,0,1,0,1,0,0,1,0,1,1,1,0,0,1
4251,0.937359572180946,0,1,1,1,1,1,1,1,1,1,1,0,0,0,1,1,1,0,1,0,1,1,1,0,0,0,1,1,1,1,0,1,0,0,0,1,1,1,1,0
4252,-0.663934312584098,0,1,1,1,0,1,1,0,1,1,0,1,0,0,1,1,1,0,0,0,1,1,1,1,1,0,0,0,1,0,0,0,1,0,1,1,1,1,1,0
4253,0.796995848527522,1,1,0,0,1,1,0,1,1,1,0,0,1,1,1,1,1,1,1,1,1,1,0,1,1,0,1,1,1,0,0,0,0,1,0,1,1,1,0,1
4254,-0.11033581283007,0,1,0,1,1,1,1,0,1,1,0,1,0,1,1,1,0,0,1,0,1,1,0,0,1,0,1,1,1,1,0,0,0,1,0,1,0,0,1,1
4255,0.0653865236057752,1,0,1,0,1,1,0,0,1,0,0,1,0,0,0,1,1,1,1,1,1,1,0,1,1,1,0,1,0,1,0,0,1,0,1,1,1,1,1,0
4256,1.68728979271647,1,1,1,1,0,1,1,1,1,1,1,0,1,0,1,1,1,0,1,0,1,1,1,0,1,0,1,1,1,1,1,1,0,1,1,0,1,1,1,0
4257,0.393036139092978,0,1,1,0,1,1,1,1,1,0,0,1,1,0,1,1,1,0,1,1,1,1,0,1,1,0,0,1,1,1,0,0,0,0,1,0,0,1,0,1
4258,-1.79503363847833,0,0,0,0,1,1,0,0,0,0,0,0,0,0,1,0,0,0,0,0,0,0,1,0,1,1,0,0,0,0,0,0,0,0,1,0,0,1,0,0
4259,1.89632660997945,0,1,0,1,1,1,0,1,1,1,0,1,1,1,1,1,1,0,1,0,1,1,1,1,1,0,1,0,0,1,1,1,1,1,1,0,1,1,1,1
4260,-0.122927801235725,1,1,0,0,0,1,1,0,1,0,1,1,0,1,0,1,1,0,1,0,1,1,1,0,1,1,0,0,1,1,0,0,1,1,0,0,1,0,0,0
4261,1.50712972577519,1,0,0,0,1,1,1,0,1,1,1,1,1,1,1,1,1,0,1,0,1,1,1,1,1,0,1,1,1,1,1,1,0,1,0,1,1,0,0,1
4262,0.191431239542963,1,1,0,0,1,1,1,0,1,0,1,0,0,1,1,1,0,1,1,1,0,1,0,0,1,0,1,1,1,0,0,0,0,0,1,1,0,1,1,0
4263,-1.18553446888417,0,0,1,0,1,1,1,0,1,1,1,0,0,0,0,1,0,1,0,1,1,1,0,0,1,0,0,0,0,0,0,0,0,0,0,0,1,0,1,0
4264,-0.848133406900333,1,0,0,1,1,1,1,0,1,1,0,1,0,0,0,1,1,1,0,1,0,1,0,1,1,1,1,1,0,1,0,0,1,1,1,0,0,1,0,0
4265,-0.670105786101555,0,1,0,0,0,1,0,0,1,1,1,0,0,0,1,1,0,0,0,0,1,1,0,1,0,0,1,0,1,1,1,0,1,0,0,0,1,1,1,1
4266,1.44138486458456,0,0,1,0,1,1,0,1,1,1,1,1,0,0,1,1,1,0,1,0,1,1,1,1,1,1,0,1,1,1,0,1,1,1,1,0,1,1,1,1
4267,0.540183939228834,0,1,1,1,0,1,0,1,1,0,0,1,0,0,1,1,1,1,1,0,1,1,1,1,0,0,0,1,1,1,0,0,1,0,0,1,0,1,1,1
4268,-0.773053432772791,0,0,0,0,1,1,1,1,1,1,0,1,1,0,0,0,0,1,0,0,1,1,1,0,1,0,0,0,1,0,0,0,0,0,0,0,0,1,1,1
4269,1.94501285503117,1,1,1,1,1,1,1,1,1,0,1,1,1,0,1,1,1,0,1,0,1,1,1,1,1,0,1,1,1,1,0,1,0,1,1,1,0,0,1,1
4270,-0.399523345087334,0,0,1,0,0,1,1,1,1,0,1,0,0,0,0,1,1,1,1,0,1,1,0,1,1,0,1,0,0,1,0,0,0,0,0,0,1,0,1,0
4271,-1.29342423592535,0,0,0,1,1,1,0,0,1,1,0,0,0,1,1,0,0,0,0,0,0,0,0,1,1,1,0,0,0,0,0,0,0,0,1,0,0,0,0,1
4272,0.321733336488367,1,0,0,1,1,1,1,0,1,1,1,0,1,1,1,1,1,0,1,1,1,1,1,1,1,0,1,1,1,1,0,0,1,0,1,0,0,0,1,0
4273,-0.057197273303919,0,1,0,1,1,1,0,0,1,1,1,1,0,0,1,1,0,0,1,0,1,0,1,0,1,1,0,0,1,1,0,0,0,0,0,0,0,1,1,0
4274,-2.14971311145088,0,1,0,0,1,1,0,0,0,1,1,0,0,0,1,0,0,0,0,0,0,0,0,0,1,0,0,0,0,1,0,0,0,0,0,0,0,1,0,0
4275,-1.43345604179101,1,1,0,1,0,1,0,1,1,0,1,0,0,0,0,0,0,0,0,0,0,0,1,1,0,1,1,0,0,0,0,0,0,0,0,0,1,1,1,0
4276,0.582998161239937,0,0,1,0,0,1,0,1,1,1,1,1,0,0,1,1,1,1,1,0,1,1,1,1,1,0,1,0,1,0,0,0,1,1,0,0,1,1,1,0
4277,0.268883140357762,1,0,1,0,1,1,1,1,1,1,1,0,1,1,1,1,1,0,1,0,0,1,0,1,1,0,1,0,0,0,0,1,1,0,0,0,1,0,0,0
4278,0.237542761941569,0,1,1,1,1,1,1,0,1,1,0,1,0,0,1,1,1,0,1,1,1,1,1,1,1,0,0,0,1,1,0,0,0,0,1,0,1,1,1,0
4279,0.629619576609222,1,1,1,1,0,1,1,0,1,1,1,1,1,0,1,1,1,0,1,0,1,1,0,1,1,0,0,1,1,1,1,0,0,1,1,0,1,1,0,0
4280,0.446349470786586,0,0,0,1,1,1,1,1,1,1,1,1,1,1,1,1,1,0,1,1,1,1,0,1,0,0,1,1,0,1,1,0,0,0,1,0,0,0,0,0
4281,-0.78427526706069,0,0,0,0,0,1,0,0,1,1,0,1,1,0,1,1,1,1,1,0,0,1,1,1,1,0,0,1,0,1,0,0,0,0,0,0,1,1,0,0
4282,-1.01831748998947,0,1,0,0,1,1,0,0,1,0,0,0,1,0,1,1,0,1,0,0,0,1,0,1,0,0,1,0,0,1,0,0,0,1,1,0,0,0,0,0
4283,-0.135188542821303,0,1,1,1,0,1,1,1,1,1,0,0,1,1,1,0,1,0,1,0,1,1,1,1,1,0,1,1,0,0,0,1,0,0,0,1,1,1,0,0
4284,0.776839128198896,0,1,0,1,1,1,1,1,1,1,0,1,0,0,1,1,1,0,1,0,1,1,1,1,1,0,0,0,1,1,0,1,1,1,1,0,1,1,1,0
4285,0.135697042086653,1,0,0,0,1,1,1,1,1,0,1,1,1,0,1,1,1,1,1,0,1,1,0,0,1,0,1,0,0,0,0,0,1,0,0,0,1,1,1,0
4286,-2.75048561845946,0,1,0,1,1,0,1,0,0,0,0,0,0,0,1,0,0,0,0,0,1,0,0,0,1,0,1,0,0,1,0,0,0,0,1,0,0,1,1,0
4287,-0.181985693930294,0,1,0,1,0,1,1,0,1,1,1,1,0,0,0,1,1,0,0,0,1,1,0,1,1,0,1,0,1,0,0,0,0,1,1,1,1,0,0,0
4288,-0.143752340092647,1,1,0,0,1,1,0,1,1,0,0,1,0,0,0,1,0,0,1,1,1,1,1,0,1,1,1,1,0,0,0,0,1,0,0,0,1,0,0,0
4289,-0.139978492664515,1,1,0,0,0,1,1,1,1,1,0,0,0,0,1,1,1,1,1,0,1,1,0,1,1,0,1,0,1,0,1,0,0,1,1,0,0,1,0,0
4290,-0.226000983930729,0,0,0,0,0,1,1,0,0,0,1,1,0,1,1,1,0,0,0,0,0,1,1,0,1,0,1,0,0,0,0,0,1,0,0,0,1,1,1,0
4291,1.1501026720705,1,1,0,0,1,1,1,0,1,1,1,1,0,1,1,1,1,1,1,1,1,1,1,1,1,0,1,1,1,0,0,0,0,1,1,0,1,1,0,0
4292,-0.283562981045288,1,1,1,1,1,1,1,0,1,1,1,1,0,0,1,0,0,1,1,1,0,1,1,0,1,1,0,0,0,1,0,0,0,0,1,1,1,1,0,0
4293,-1.14850730308238,0,0,0,0,0,1,1,1,0,0,0,1,0,0,1,0,0,0,0,1,0,1,1,0,1,0,0,1,0,0,0,0,1,0,1,0,0,1,0,0
4294,-0.406050932553559,0,1,0,0,0,1,0,0,0,1,0,1,0,0,1,1,1,0,0,0,1,1,0,0,1,0,0,0,1,0,0,0,1,0,1,0,0,0,0,0
4295,0.780665279317749,1,1,0,1,0,1,0,0,1,1,1,0,1,1,1,1,1,1,1,1,1,1,0,1,1,0,1,0,0,1,0,0,0,0,1,0,1,0,0,0
4296,-1.02354223734484,1,0,0,1,0,1,0,0,0,0,1,1,1,1,1,1,0,0,0,1,0,1,0,0,1,0,1,0,0,1,0,0,0,1,0,0,1,1,0,1
4297,0.797889445589587,1,1,0,0,0,1,1,0,1,1,1,1,1,1,1,1,1,1,1,1,1,1,0,0,1,0,1,1,1,0,0,1,0,1,0,0,1,0,0,0
4298,-0.759598695078055,0,0,1,1,1,1,0,0,1,1,0,1,0,0,0,1,0,1,1,0,1,1,0,0,0,0,0,0,1,1,0,0,1,0,1,0,1,1,0,1
4299,1.21202876853075,1,1,0,1,1,1,1,0,1,1,1,1,0,0,1,1,1,1,1,1,1,1,1,0,1,1,1,0,1,1,1,0,0,0,0,0,0,0,1,0
4300,0.708163673433666,1,0,1,0,1,1,1,1,1,1,1,1,0,0,0,1,1,0,1,1,1,1,0,1,1,0,1,1,1,1,0,1,0,1,0,1,0,1,1,0
4301,1.82945762466432,1,1,1,1,1,1,1,1,1,1,1,1,1,0,0,1,1,0,1,0,1,1,1,1,1,1,1,0,1,0,0,1,1,1,1,0,1,1,1,0
4302,-0.0363806753407046,0,1,1,0,1,1,1,1,1,1,1,0,1,0,1,1,0,0,1,1,1,1,0,1,1,0,1,1,0,0,0,0,0,0,0,1,0,1,0,0
4303,-0.561273415645084,1,0,0,0,1,1,1,0,0,1,1,0,0,0,1,1,1,0,0,0,0,1,0,1,1,0,0,0,0,1,0,0,0,0,1,0,0,1,0,0
4304,-1.44590115333642,1,1,1,0,0,0,1,1,0,0,0,1,1,0,0,0,0,0,0,0,1,1,0,0,1,0,0,0,1,0,0,0,0,0,0,0,0,1,1,0
4305,-1.46105730164492,0,0,0,1,1,1,0,0,0,1,1,0,0,0,0,0,0,0,0,0,1,1,0,0,0,0,0,0,0,0,1,0,1,0,0,0,0,1,0,0
4306,-1.70889689809792,0,1,0,1,1,1,1,0,0,1,0,1,0,0,0,0,0,0,0,0,0,1,1,1,0,0,1,0,0,0,0,0,0,0,1,0,0,1,0,0
4307,-2.30538451763491,0,1,0,0,0,0,0,0,0,1,0,1,0,0,1,0,0,0,0,0,1,0,0,0,1,0,0,0,0,0,0,0,1,0,0,0,0,0,1,0
4308,0.408190884183059,1,1,0,1,1,1,1,0,1,0,1,1,1,0,0,1,1,1,1,1,1,1,0,1,1,0,1,1,1,0,0,0,1,0,0,0,1,1,0,1
4309,0.318153499828706,0,1,0,1,1,1,1,0,1,1,1,1,0,0,0,1,1,1,1,1,1,1,1,0,0,0,1,0,1,1,0,0,1,1,1,0,1,1,1,0
4310,-0.607741377199087,0,1,0,1,0,1,0,0,1,1,0,0,0,0,1,1,1,0,1,0,1,1,0,1,0,0,1,0,0,0,0,0,0,0,1,0,1,1,0,0
4311,0.167854278369353,0,0,1,1,1,1,1,1,1,1,1,0,0,1,0,1,0,1,1,1,1,1,1,1,1,1,0,0,1,1,0,0,1,0,0,0,0,1,0,0
4312,1.16567356307331,1,1,1,1,0,1,1,0,1,1,0,1,0,0,1,1,1,0,1,0,0,1,1,1,0,1,1,1,0,1,1,1,0,0,0,1,0,0,1,0
4313,0.645220758824118,1,1,0,0,0,1,1,0,1,0,1,1,1,1,1,1,1,0,1,0,1,1,1,0,0,0,0,0,1,1,1,0,1,1,0,1,1,1,0,0
4314,-0.296027664719141,0,1,0,1,0,1,0,0,1,1,1,1,0,0,1,1,0,0,1,0,1,0,0,0,1,0,1,1,1,0,0,0,0,1,1,0,1,0,0,0
4315,0.41113235927304,0,1,1,0,1,1,0,0,1,0,1,1,1,1,1,1,1,1,0,1,0,1,1,1,1,0,1,0,0,0,0,0,0,1,1,0,1,1,1,1
4316,1.74188464770179,0,1,0,0,1,1,1,1,1,1,1,1,0,1,1,1,1,0,1,0,1,1,1,1,1,1,0,0,0,0,1,1,0,1,0,1,1,0,1,1
4317,-3.52662254587124,0,0,0,0,0,0,0,0,0,1,1,0,0,0,0,0,0,0,0,0,1,0,0,0,0,0,0,0,0,1,0,0,0,0,0,1,0,0,0,0
4318,0.27694437588384,1,1,1,1,0,1,1,0,0,1,0,1,0,0,1,1,1,0,1,1,1,1,1,0,1,0,1,0,0,0,0,0,1,0,1,0,0,1,1,0
4319,0.0147877416775503,0,1,1,1,1,1,0,0,1,0,1,0,1,1,0,1,1,1,1,0,1,1,1,1,1,0,1,1,0,1,0,0,1,1,0,0,1,1,0,0
4320,1.06279785841927,1,0,1,1,1,1,1,1,1,1,1,1,1,0,1,1,1,1,1,0,1,1,1,0,1,0,1,1,1,1,0,1,1,0,0,0,0,1,1,0
4321,-0.593670747710054,0,1,0,0,1,1,0,0,1,1,1,1,1,0,1,1,1,0,1,0,0,1,0,0,0,0,0,1,1,1,0,0,0,0,0,0,0,0,0,0
4322,-0.524077169388501,0,0,0,0,1,1,1,1,1,1,0,0,1,0,1,1,0,0,1,0,1,1,1,0,1,0,1,1,1,1,0,0,1,1,0,0,0,0,1,1
4323,-0.793310405330211,1,1,0,1,1,1,1,0,1,1,1,0,0,0,0,1,0,0,1,0,1,1,1,1,1,1,0,0,1,1,0,0,0,1,0,0,1,0,0,0
4324,-0.500757744288198,1,1,0,0,1,1,1,1,1,0,0,1,0,0,0,1,1,0,0,0,0,1,0,1,0,0,0,0,0,0,0,0,0,0,0,1,0,0,0,0
4325,0.835549069433744,0,1,0,0,0,1,1,1,1,1,1,1,0,0,0,1,1,0,1,0,1,1,1,1,0,0,1,1,0,0,0,0,0,0,1,1,1,0,0,0
4326,-0.717179528986141,0,0,1,1,1,1,1,0,0,0,0,0,0,0,1,1,0,1,0,0,0,1,0,0,1,0,0,1,1,1,0,0,0,1,0,0,1,0,0,1
4327,-1.61779025402333,0,0,0,1,0,1,0,0,0,1,0,1,0,0,0,0,0,0,0,0,0,0,1,0,1,0,0,0,0,0,0,0,0,0,1,1,1,0,0,0
4328,0.26701267160522,0,1,0,1,1,1,1,1,1,0,1,1,1,0,1,1,1,1,1,0,0,1,1,1,1,1,1,0,1,1,0,0,0,0,0,1,1,1,1,1
4329,-0.123254550619564,0,1,0,1,0,1,0,1,1,1,1,1,0,0,1,1,1,0,1,0,1,1,1,0,1,1,1,0,1,0,0,0,0,0,0,1,0,0,0,0
4330,0.266963830748801,1,1,0,1,1,1,1,1,1,1,1,1,0,0,1,1,1,1,1,1,1,1,0,1,0,1,0,0,0,0,0,0,0,0,0,1,1,0,0,1
4331,0.830321965844343,1,1,0,0,1,1,1,1,1,1,1,0,0,0,1,1,1,1,1,0,0,1,0,1,1,1,1,0,0,1,1,0,1,0,1,1,0,1,0,0
4332,-0.819878977065087,0,1,0,1,1,1,0,1,0,1,0,0,0,0,1,0,0,0,0,0,1,1,1,1,0,0,1,0,0,1,0,0,1,0,0,0,0,1,1,0
4333,-0.575603715108957,0,1,0,1,1,1,1,0,1,0,1,1,0,1,1,1,1,0,0,0,1,1,0,1,1,0,1,0,0,0,0,0,1,0,1,1,0,0,0,0
4334,0.667336895992906,0,1,0,0,0,1,0,0,1,1,1,1,0,1,0,1,1,1,1,1,1,1,1,1,0,0,1,0,1,1,0,1,0,1,0,0,1,1,1,0
4335,2.0045587192339,1,1,1,1,1,1,1,0,1,1,0,1,1,1,1,1,1,1,1,0,1,1,1,1,1,1,1,0,0,1,1,1,1,1,0,1,0,0,1,0
4336,0.0209787814252723,0,1,0,0,1,1,1,1,1,1,1,0,0,0,1,1,1,1,1,0,1,1,0,1,1,0,1,0,0,0,0,0,0,1,0,0,0,0,0,1
4337,0.0240629511159296,1,0,0,1,1,1,1,1,1,1,0,1,0,0,0,1,1,0,1,0,1,1,1,1,0,0,1,1,0,1,0,0,1,1,1,0,0,1,1,0
4338,-0.567425653797424,0,1,1,1,1,1,0,0,1,1,0,1,1,0,0,1,1,0,1,1,1,1,0,0,1,0,0,0,0,0,0,0,1,1,1,1,0,1,0,0
4339,1.06423404975922,1,1,0,1,1,1,1,0,1,1,1,1,1,0,1,1,1,0,1,1,1,1,1,1,1,0,1,0,1,1,0,1,0,1,1,0,1,1,1,1
4340,-2.19132805305241,0,1,0,0,1,1,1,1,1,0,0,0,0,0,1,0,0,1,0,0,0,0,0,0,0,0,1,1,0,1,0,0,0,0,1,1,0,0,0,0
4341,1.51784926140127,1,0,1,1,1,1,1,0,1,1,0,0,0,0,1,1,1,1,1,0,1,1,1,1,1,0,1,0,1,1,1,1,1,0,0,0,0,1,0,0
4342,-1.00816177420577,0,0,0,0,1,1,0,0,1,0,1,1,1,1,1,1,1,0,0,0,0,1,0,0,1,0,1,0,0,0,1,0,1,1,0,0,1,1,0,1
4343,-0.675642085932383,0,1,1,0,1,1,1,0,1,1,1,0,1,0,1,1,0,0,0,0,1,1,1,0,1,0,0,0,0,0,0,0,0,1,1,0,1,1,0,1
4344,-0.282886155228933,1,1,0,0,1,1,1,1,1,1,1,0,0,0,0,1,1,1,1,0,0,1,1,1,1,0,0,0,1,1,0,0,1,1,1,0,1,1,0,1
4345,1.4196624605319,0,1,0,0,1,1,1,1,1,1,1,1,1,0,1,1,1,0,1,1,1,1,1,1,1,0,0,1,1,1,0,1,0,0,0,1,1,1,1,0
4346,0.448116446199382,0,1,0,1,0,1,1,0,1,0,0,1,0,0,1,1,1,0,1,1,1,1,1,1,1,0,0,0,1,0,0,0,0,1,0,1,1,1,0,0
4347,1.32432489494297,1,0,1,0,0,1,1,1,1,1,1,1,1,0,0,1,1,1,1,0,0,1,1,1,1,0,1,0,0,0,0,1,0,1,0,0,1,0,0,0
4348,-0.926479048730653,1,1,0,0,1,1,1,0,0,0,0,1,1,0,1,0,0,1,0,0,0,1,1,0,0,0,1,0,0,1,1,0,0,0,0,0,0,1,1,1
4349,0.146320921976375,1,1,0,1,0,1,1,1,1,0,1,1,1,0,1,1,1,0,1,0,1,1,0,0,1,1,0,1,0,0,0,0,1,1,1,0,1,0,1,0
4350,0.422036062616077,0,1,0,0,1,1,0,1,1,1,1,1,1,0,0,1,1,0,1,0,1,1,0,0,1,0,1,1,1,1,0,0,0,0,0,0,0,1,0,0
4351,0.68763643296142,0,1,1,1,1,1,1,0,1,1,0,1,1,1,1,1,1,1,1,0,0,1,0,1,0,0,0,1,1,1,1,0,1,1,1,0,1,1,1,0
4352,0.344284660107885,1,1,0,0,1,1,1,0,1,1,1,0,0,0,1,1,1,1,0,0,0,1,1,0,1,0,0,1,0,1,0,0,1,1,0,1,1,1,1,0
4353,-0.371109812046036,0,1,1,0,1,1,0,0,1,1,0,1,1,0,0,1,0,0,0,0,1,1,0,1,1,0,0,1,1,0,0,0,0,0,1,0,1,1,0,0
4354,-1.75077246976857,0,0,0,0,0,1,1,0,0,0,0,0,1,0,1,0,0,0,0,0,1,1,0,1,0,0,1,0,0,0,0,0,1,0,0,0,1,0,0,0
4355,-1.15048160739787,1,0,0,1,0,1,1,0,0,1,1,0,0,1,0,0,0,0,1,0,1,0,1,0,1,0,0,0,1,0,0,0,0,0,1,0,1,1,0,0
4356,1.77279673307389,1,1,0,1,1,1,1,1,1,0,1,0,0,1,1,1,1,0,1,1,1,1,0,1,1,1,1,1,0,0,0,1,1,0,1,1,0,0,1,0
4357,-0.0816360339246734,0,1,1,0,1,1,1,1,1,1,0,0,0,1,1,1,0,1,1,0,0,1,1,1,1,1,1,0,0,0,0,0,1,1,1,0,0,1,0,0
4358,-0.527490232094084,0,0,0,1,1,1,1,0,1,1,0,1,0,0,1,1,0,1,0,0,1,1,0,1,1,0,1,1,0,1,0,0,0,1,0,0,0,0,0,0
4359,-0.0964795520369124,1,0,0,0,1,1,1,0,0,1,1,1,0,0,1,1,1,0,0,0,1,1,1,1,1,0,0,1,0,1,0,0,0,0,1,0,1,1,0,0
4360,0.644551878018077,1,0,1,0,1,1,1,0,1,1,1,1,0,1,1,1,1,1,1,0,1,1,1,1,1,0,1,0,0,1,1,0,0,0,0,1,1,1,0,1
4361,0.962776857837077,1,1,1,1,1,1,1,1,1,1,1,1,1,0,1,1,1,1,1,0,1,1,1,1,1,0,1,0,1,1,1,1,1,0,1,0,0,0,1,0
4362,1.65255204668958,1,1,0,1,1,1,1,1,1,1,1,1,0,0,1,1,1,0,1,0,0,1,1,0,1,0,0,1,0,1,0,1,0,1,1,1,0,1,0,0
4363,0.675536306007473,0,0,0,1,1,1,0,1,1,0,0,1,0,0,1,1,1,0,1,1,1,1,1,0,1,1,1,1,0,1,0,0,1,1,1,0,1,1,0,1
4364,0.27139332084786,0,0,1,0,0,1,0,0,1,1,0,1,1,0,1,1,1,0,1,0,1,1,0,1,1,0,1,1,0,1,0,0,1,0,1,1,1,0,1,0
4365,-1.11717862049749,0,0,0,0,0,1,0,0,0,0,1,0,0,0,1,0,0,0,0,1,0,1,0,1,1,0,0,1,0,0,0,0,1,0,1,0,1,1,1,0
4366,0.674726054978097,1,1,1,1,1,1,1,0,1,1,1,1,1,0,0,1,1,1,1,0,0,1,1,0,1,1,0,1,0,0,0,0,0,1,0,1,0,1,1,1
4367,-0.0959076797389755,0,1,0,0,1,1,0,0,1,1,0,1,0,0,1,1,1,0,1,0,1,1,0,1,1,0,1,1,0,1,1,0,0,0,1,0,1,1,0,0
4368,0.281414387962713,1,1,0,1,1,1,0,1,1,1,0,1,1,0,1,1,1,1,1,0,0,1,1,0,1,1,0,1,0,0,0,0,0,0,1,0,1,0,0,0
4369,0.291430493142743,1,1,1,0,1,1,1,1,1,1,1,0,1,1,1,1,1,1,1,0,1,1,1,0,1,1,1,1,0,1,1,0,1,0,1,0,1,1,1,0
4370,-2.5133310407256,0,1,0,1,0,0,1,0,0,0,0,0,1,1,0,0,0,0,0,0,1,0,0,0,1,0,0,0,1,0,0,0,1,0,0,0,1,1,1,0
4371,1.27578586375446,1,1,0,1,1,1,1,1,1,1,0,1,1,0,1,1,1,1,1,1,1,1,1,1,1,0,0,1,1,1,0,1,0,1,0,1,1,1,0,0
4372,-0.871279870851003,0,1,1,0,1,1,0,1,1,0,0,1,0,1,1,0,0,0,0,0,0,1,1,0,0,0,0,1,0,0,0,0,0,1,1,0,1,0,0,1
4373,1.54365105295007,0,1,1,1,1,1,1,1,1,1,1,1,1,0,1,1,1,1,1,0,1,1,1,1,1,0,0,1,1,1,1,1,0,0,0,0,1,1,0,0
4374,0.485084881868074,0,1,0,0,1,1,1,1,1,1,0,1,0,1,0,1,1,1,1,0,1,1,1,1,1,0,0,1,1,1,0,1,0,0,1,0,0,0,0,0
4375,-2.053730293989,0,0,0,0,0,0,1,0,0,1,1,1,1,0,0,0,0,1,0,0,1,0,0,0,1,0,0,0,0,0,0,0,0,0,0,1,0,0,0,0
4376,-0.012836917964316,1,1,1,0,1,1,0,1,1,1,1,1,0,0,1,1,1,0,1,1,1,1,0,1,1,1,0,1,1,1,0,0,1,0,0,0,1,1,0,1
4377,0.362872833424006,1,0,0,0,1,1,0,0,1,0,1,1,0,0,1,1,1,0,1,0,0,1,1,1,1,1,0,0,1,1,1,0,1,1,0,1,1,0,0,0
4378,0.436109749366934,1,1,1,0,0,1,1,1,1,1,0,1,0,1,1,1,1,1,1,1,1,1,0,1,1,1,1,0,0,1,0,0,0,1,0,1,1,1,0,0
4379,-0.139983630526282,1,1,0,0,0,1,1,0,1,1,0,1,0,0,1,1,1,0,1,0,1,1,0,0,1,0,1,1,1,1,0,0,1,0,0,0,1,0,0,0
4380,-0.212830402821547,0,1,1,1,1,1,1,0,1,1,0,0,0,0,1,1,1,0,1,1,1,1,0,0,1,0,0,0,0,0,0,0,0,0,0,0,1,0,1,0
4381,-0.102392189681469,1,1,0,0,1,1,0,0,1,1,0,0,0,0,1,1,1,0,1,1,1,1,0,1,0,1,1,0,0,0,0,0,0,1,0,0,0,1,0,0
4382,0.515349877123702,0,0,0,1,1,1,1,0,1,0,1,1,1,0,1,1,1,0,1,0,1,1,0,0,1,0,1,1,0,1,0,0,0,1,0,1,0,0,1,1
4383,-0.705321813417468,0,1,0,0,0,1,0,0,1,1,1,0,0,0,1,0,0,1,0,0,0,1,0,1,1,0,0,0,1,1,0,0,0,0,0,0,0,0,0,0
4384,0.181617339355464,1,1,0,0,1,1,1,1,1,0,1,1,0,1,0,1,1,1,1,0,1,1,1,0,1,0,1,0,0,1,0,0,0,0,1,0,0,0,0,0
4385,1.53681093594272,1,1,1,0,1,1,1,1,1,0,0,0,0,1,1,1,1,1,1,0,1,1,1,1,1,1,0,1,0,1,1,1,1,1,1,1,1,1,1,1
4386,-0.4303998611024,0,1,0,1,1,1,1,0,1,1,1,1,0,0,1,1,0,0,1,0,0,1,1,0,0,1,0,1,0,1,1,0,0,1,1,0,0,1,0,1
4387,1.89806457036007,1,1,1,0,0,1,1,1,1,1,1,0,0,1,0,1,1,1,1,0,1,1,1,1,1,1,0,1,1,1,1,1,1,1,1,0,0,1,1,1
4388,1.4665083883734,0,1,0,1,1,1,1,1,1,1,0,1,1,1,1,1,1,1,1,1,1,1,1,1,1,0,1,0,1,1,1,1,0,1,1,0,1,0,1,0
4389,-0.678552833066956,0,1,0,1,0,1,0,1,1,1,0,1,0,0,0,1,0,0,1,1,1,0,1,0,1,0,1,0,0,1,0,0,0,0,1,1,0,0,0,0
4390,-0.41412684446429,0,0,1,1,0,1,0,0,1,1,1,0,0,1,1,1,1,0,1,0,1,1,1,1,1,0,1,0,1,1,0,0,1,1,1,0,1,0,0,0
4391,0.426155782270533,1,1,1,1,1,1,1,0,1,1,1,1,1,1,1,1,1,0,1,1,1,1,1,0,0,1,1,0,0,0,1,0,1,0,0,0,1,1,1,0
4392,0.156577588655527,0,1,1,1,1,1,1,1,1,0,1,1,1,0,1,1,1,1,1,1,1,1,1,0,0,0,0,0,1,0,0,0,0,0,1,1,1,0,0,1
4393,0.621768835112896,0,1,0,0,1,1,0,1,1,0,1,0,0,1,1,1,1,1,1,0,1,1,1,1,1,1,1,0,1,0,0,0,0,1,1,0,0,1,1,0
4394,-1.96032641776152,0,0,0,1,0,1,0,1,1,0,1,0,0,1,1,0,0,0,0,0,1,0,0,0,0,0,0,0,0,1,0,0,0,0,0,0,1,0,0,0
4395,2.21847167114762,1,0,1,1,1,1,1,0,1,1,0,1,1,1,0,1,1,1,1,0,1,1,1,0,1,1,1,1,1,1,0,1,0,0,0,0,1,1,0,1
4396,0.725814051104586,0,1,0,1,1,1,1,1,1,1,1,1,1,0,1,1,1,0,1,1,0,1,1,0,1,0,1,0,1,0,0,0,0,1,1,1,0,1,0,0
4397,-0.382637193565554,0,0,0,0,1,1,1,0,1,0,0,1,1,0,0,1,0,1,1,0,0,1,0,0,1,1,0,1,1,1,0,0,1,1,1,0,0,1,0,0
4398,0.158508339308682,0,1,1,0,1,1,1,1,1,1,1,1,0,0,1,1,1,0,1,0,1,1,1,1,1,1,0,1,1,0,0,0,1,0,1,0,1,1,0,0
4399,0.399255551059022,0,1,0,1,1,1,1,0,1,0,1,0,0,0,0,1,1,0,1,0,1,1,0,0,1,0,1,1,1,0,1,0,1,1,1,1,1,1,0,1
4400,0.0421081097944028,1,0,0,0,1,1,1,0,1,0,1,1,1,0,1,1,1,1,1,0,1,1,1,1,1,0,0,1,1,0,0,0,0,1,1,1,1,1,0,0
4401,-2.08230779770174,0,0,1,0,1,0,0,0,0,1,1,1,0,1,1,0,0,1,0,0,0,0,0,0,0,0,1,0,0,1,0,0,0,0,1,1,0,0,0,0
4402,0.371157040146015,0,1,0,1,1,1,1,1,0,1,1,1,0,1,1,1,1,1,1,1,1,1,1,1,0,0,0,1,1,0,0,0,1,0,0,1,1,0,1,0
4403,1.2948356668327,0,1,0,0,1,1,1,0,1,1,1,1,0,0,1,1,1,1,1,1,1,1,0,1,1,1,0,0,0,1,1,1,1,0,1,0,1,1,0,1
4404,-0.776345188283549,1,1,0,0,1,1,0,1,1,1,0,1,0,0,1,0,0,1,0,0,1,1,0,1,1,0,1,0,0,0,0,0,0,1,0,0,0,0,0,0
4405,-1.58532282303675,0,0,1,0,0,1,0,0,0,1,1,1,0,0,1,0,0,1,0,0,0,1,0,0,1,0,0,1,0,0,0,0,0,0,0,0,0,0,1,0
4406,0.630325404878266,0,1,1,0,0,1,1,0,1,1,0,0,1,0,1,1,1,0,1,0,1,1,1,1,1,0,0,0,0,1,1,0,0,0,0,0,1,1,1,1
4407,1.63702070149125,1,1,0,1,1,1,0,1,1,1,1,1,0,0,1,1,1,1,1,0,1,1,0,1,1,0,0,0,1,1,0,1,1,0,0,1,1,1,0,1
4408,-1.97319317839889,0,1,0,0,0,0,1,0,0,1,0,0,0,0,1,0,0,0,0,1,0,0,0,0,1,0,0,1,0,0,0,0,0,1,0,0,0,0,0,0
4409,1.25328952676614,0,1,1,1,1,1,1,1,1,1,1,1,0,1,1,1,1,1,1,0,1,1,1,1,0,0,1,0,1,1,0,1,0,0,1,1,0,1,0,1
4410,-0.696919041706344,0,0,0,0,1,1,0,0,0,1,1,0,1,1,0,0,0,0,0,0,0,1,0,0,1,0,0,0,0,1,0,0,1,0,1,1,1,0,0,0
4411,0.228815762982175,1,1,0,0,1,1,1,1,1,1,1,0,1,0,0,1,0,1,1,0,0,1,0,1,1,1,0,0,0,0,0,0,0,1,0,1,0,1,0,0
4412,-2.20757958411835,0,1,1,1,1,1,0,0,1,1,1,0,0,0,0,0,0,1,0,0,1,0,0,0,0,0,1,0,0,1,0,0,1,0,0,1,0,0,0,0
4413,-1.88049253956199,1,0,0,0,1,1,1,0,0,0,1,0,0,0,0,0,0,1,0,0,0,0,1,0,1,0,0,0,1,0,0,0,0,1,0,0,1,0,0,0
4414,-1.1842315694388,0,1,0,0,1,0,0,0,0,1,1,1,0,0,1,0,1,1,0,1,1,0,0,1,0,0,1,0,0,0,0,0,0,0,0,0,0,1,1,0
4415,-0.402661198865699,0,1,0,0,0,1,1,0,1,1,0,0,1,0,1,1,0,0,1,1,1,1,1,1,1,0,0,1,1,1,0,0,0,0,1,0,0,0,0,0
4416,1.2692163494504,1,1,1,0,1,1,1,1,1,0,1,1,0,0,1,1,1,1,1,0,1,1,0,1,1,1,1,1,0,1,1,1,0,0,1,1,1,1,1,1
4417,-0.285749013971826,1,1,0,1,1,1,1,0,1,0,1,1,0,0,1,1,0,0,1,1,0,1,1,1,1,0,1,1,1,0,1,0,0,1,0,1,0,0,0,0
4418,0.838070360800289,1,1,0,0,1,1,1,0,1,1,1,1,0,0,1,1,1,1,1,1,1,1,0,0,1,0,1,0,1,1,0,0,1,0,0,0,1,1,0,1
4419,-0.168264250536319,1,0,0,0,1,1,0,0,1,0,1,1,1,0,0,1,1,1,1,1,0,1,1,0,1,0,1,1,0,0,0,1,1,0,1,0,1,1,0,0
4420,-1.51669176633216,0,0,0,0,1,1,1,0,0,1,1,1,0,1,1,1,0,0,0,0,1,0,0,0,1,0,0,0,0,0,0,0,0,0,0,0,0,0,0,1
4421,0.661914811548447,1,1,1,0,1,1,1,1,1,1,1,1,0,1,1,1,1,1,1,0,1,1,1,1,1,0,0,1,1,1,0,0,1,0,1,1,1,0,0,0
4422,0.368487611852962,1,1,0,0,1,1,1,1,1,0,1,1,0,1,0,1,1,1,1,0,1,1,0,1,1,0,0,1,0,1,0,0,0,0,1,1,1,1,0,0
4423,-0.383719522303458,1,1,1,0,1,1,0,1,1,1,1,0,0,0,1,1,0,0,1,1,1,1,0,0,1,0,0,0,0,1,1,0,0,0,0,1,1,1,1,0
4424,-0.101815464102873,1,1,1,1,0,1,1,0,1,1,0,0,0,1,1,1,1,1,1,0,1,1,1,0,0,0,0,1,0,1,0,0,1,1,1,0,0,0,0,0
4425,1.1088225423717,1,1,1,1,0,1,1,0,1,1,0,1,0,1,1,1,1,0,1,1,1,1,0,1,1,0,1,0,1,1,0,1,0,0,0,1,1,1,0,1
4426,0.0399982637792945,0,1,1,0,1,1,1,1,1,0,1,1,0,0,1,1,1,1,0,1,1,1,1,0,1,0,1,0,0,0,0,0,0,1,1,1,0,0,0,0
4427,1.07826880819474,0,1,1,0,1,1,0,1,1,0,1,1,0,0,0,1,1,0,1,1,1,1,0,1,1,1,1,1,1,1,0,0,0,1,0,1,1,1,0,1
4428,1.18612086797764,0,0,1,1,0,1,1,1,1,0,1,1,0,0,0,1,1,1,1,1,1,1,1,0,1,1,1,0,0,0,0,1,1,1,0,0,1,1,0,0
4429,-0.278243298817679,0,1,0,0,1,1,1,1,1,0,0,1,0,0,1,1,1,0,1,0,1,1,1,1,0,0,1,1,0,0,0,0,1,0,1,0,1,1,1,0
4430,-0.680755116915385,0,1,0,1,0,1,1,0,1,1,1,0,0,1,1,1,1,1,0,0,1,1,1,1,1,0,0,1,0,0,0,0,0,1,0,1,0,1,0,0
4431,-1.38245212719356,1,1,0,0,0,1,1,0,0,0,1,1,0,0,0,0,0,1,0,0,1,0,1,1,0,0,1,0,1,0,0,0,1,0,0,0,0,0,0,0
4432,-0.488520493168484,0,1,1,1,1,1,1,0,1,1,1,1,1,0,1,1,0,0,0,0,1,1,1,0,1,0,0,1,0,0,0,0,1,1,1,1,1,1,0,0
4433,0.963417940952488,1,1,0,1,1,1,1,1,1,1,1,1,1,1,1,1,1,1,1,1,1,1,0,1,1,0,1,1,1,1,0,0,0,0,1,1,1,1,0,0
4434,-0.626215278857668,0,0,0,0,0,1,1,0,0,1,0,1,1,0,1,1,0,1,1,0,1,1,1,1,0,0,1,0,0,0,0,0,0,1,0,0,0,0,0,0
4435,1.09611367801669,1,1,0,0,1,1,1,1,1,0,1,0,0,1,0,1,1,1,1,0,1,1,1,0,1,0,1,0,1,1,0,1,0,1,1,0,1,0,1,0
4436,0.758790883238099,0,1,1,0,1,1,1,1,0,0,1,1,0,1,1,1,1,0,1,0,1,1,1,1,1,1,1,1,0,1,0,0,0,1,1,0,1,0,0,1
4437,1.37733685064335,1,1,0,1,1,1,0,1,1,0,0,1,0,0,0,1,1,1,1,0,1,1,1,1,1,0,0,1,0,1,0,1,0,0,1,0,1,0,1,0
4438,0.484762230420985,0,1,0,1,1,1,0,1,1,1,1,1,1,0,1,1,1,1,1,1,1,1,1,1,1,1,1,1,1,1,0,0,1,1,1,0,1,1,0,0
4439,-1.57616464857181,0,0,0,0,0,1,0,0,1,1,1,0,0,0,1,0,0,0,0,0,1,0,1,0,1,0,0,0,0,1,0,0,0,1,0,0,1,0,0,0
4440,0.710463137229123,0,0,0,1,1,1,1,0,1,0,1,1,1,1,1,0,1,1,1,1,1,1,1,1,0,0,0,1,1,1,0,0,0,0,1,0,0,1,1,1
4441,-0.165402196943084,0,1,0,0,1,1,0,0,1,1,1,1,0,1,0,1,0,0,1,1,1,1,0,1,1,0,0,1,0,0,0,0,1,0,0,0,1,1,0,0
4442,-2.18537550162325,0,0,0,0,0,0,0,0,0,0,1,0,0,0,0,0,0,0,0,0,0,0,0,0,0,0,0,0,0,1,0,0,1,0,0,0,1,0,0,0
4443,0.09176368527261,1,1,1,1,0,1,1,1,0,1,0,1,0,0,1,1,0,0,1,0,0,1,1,1,0,0,0,0,0,1,0,0,0,1,1,0,0,1,0,1
4444,0.0652180068251578,1,0,0,1,1,1,1,0,1,0,0,1,1,1,1,0,1,0,1,0,0,1,1,0,1,0,1,1,0,1,0,0,0,0,0,1,1,1,1,1
4445,-2.09666536135957,0,1,0,0,0,1,1,0,0,1,0,1,0,0,0,0,0,0,0,0,0,0,0,0,1,0,1,0,0,0,0,0,0,0,1,0,0,0,0,0
4446,-0.195882109588567,1,0,0,0,1,1,1,1,1,1,1,1,1,1,1,1,1,1,1,1,0,1,1,1,1,0,0,0,1,1,0,0,0,1,1,0,1,1,0,1
4447,0.597536004387685,1,1,0,1,1,1,1,0,1,1,1,1,1,1,1,1,1,0,0,0,1,1,1,1,1,1,0,0,1,0,1,0,1,0,0,0,0,1,0,0
4448,0.558753123180826,0,0,0,0,1,1,1,1,1,1,1,0,0,0,0,1,1,1,1,0,1,1,1,1,1,0,0,0,1,1,0,0,1,0,0,1,1,1,0,1
4449,-1.00498517120037,1,1,0,1,1,1,0,1,1,1,1,1,0,0,1,0,0,0,1,0,0,0,1,1,1,0,0,0,1,0,0,0,0,0,0,0,1,1,0,0
4450,2.24393383927685,1,0,0,0,1,1,1,0,1,1,0,0,1,1,1,1,1,1,1,1,1,1,1,0,1,0,0,0,0,1,1,1,0,1,1,1,1,0,1,1
4451,-1.20681247643513,1,1,0,0,0,1,0,1,0,0,1,0,0,0,0,1,0,1,0,0,1,1,0,1,1,0,1,0,0,1,0,0,0,0,0,0,1,1,0,0
4452,-1.11642111708601,0,0,0,1,1,1,1,0,1,1,1,0,0,0,0,0,1,1,1,0,0,1,0,1,1,0,0,1,0,1,1,0,1,0,1,0,1,1,0,0
4453,-1.39598595223769,0,0,0,0,0,0,1,0,0,1,0,1,0,0,1,0,0,0,0,0,1,1,0,0,1,0,1,1,1,1,0,0,1,1,1,0,1,1,0,0
4454,-0.127921675427714,0,1,0,0,1,1,1,0,1,1,1,0,0,0,1,1,1,0,1,1,1,1,1,0,1,1,1,0,0,0,0,0,1,1,1,0,0,1,0,0
4455,0.0147456730910877,0,1,1,1,0,1,1,0,1,1,0,0,0,0,1,1,1,0,1,1,1,1,1,1,1,0,0,0,0,0,0,0,1,0,0,0,0,1,0,1
4456,0.793371594509634,1,1,1,0,1,1,0,1,1,0,1,1,1,0,1,1,1,0,1,1,1,1,1,1,1,0,1,1,1,1,0,0,1,0,0,1,0,0,0,1
4457,0.401213397477818,1,1,1,1,1,1,1,1,1,0,1,1,0,0,1,1,1,0,1,0,1,1,1,1,1,0,1,0,0,0,0,0,0,1,1,0,0,0,0,1
4458,0.50011112449622,0,1,0,1,1,1,1,1,1,1,1,0,1,0,1,1,1,0,1,1,1,1,1,1,1,0,1,1,1,0,0,0,1,1,1,0,0,1,1,1
4459,0.829061010133575,1,1,1,1,1,1,1,1,1,1,1,1,0,0,1,1,1,1,1,0,1,1,0,1,1,1,0,1,1,0,0,1,1,0,0,1,1,1,1,0
4460,-0.366322104801333,0,1,0,1,1,1,0,1,1,0,1,1,0,0,0,1,0,0,1,0,1,1,0,0,1,0,1,0,0,1,1,0,0,0,1,0,1,0,0,0
4461,-0.678191758830615,0,0,0,1,0,1,1,1,1,1,0,1,0,0,1,1,0,0,0,0,1,1,0,0,0,0,1,0,0,0,0,0,1,0,0,1,1,1,0,1
4462,-0.0942803078641345,1,0,0,0,0,1,1,0,1,1,1,1,0,1,1,1,1,1,1,0,1,1,1,0,1,0,0,0,0,0,1,0,0,0,0,1,1,0,1,0
4463,0.566503179362154,0,1,1,1,0,1,1,0,1,0,0,1,0,1,1,1,1,1,1,0,1,1,0,1,1,1,1,0,0,1,0,1,0,0,0,1,1,1,1,0
4464,-0.32643949223991,1,1,1,1,0,1,1,0,1,1,0,1,1,1,0,1,1,0,1,0,0,1,0,0,0,0,0,0,1,1,1,0,0,1,0,0,0,1,0,0
4465,0.554535878218991,1,1,1,0,0,1,1,1,1,1,0,1,1,1,1,1,1,1,1,1,0,1,1,1,1,0,0,1,1,0,0,1,1,0,1,1,1,1,0,0
4466,-0.997194766795831,0,0,0,0,1,1,0,0,1,1,1,1,0,0,0,1,1,0,1,1,1,1,0,0,1,0,0,1,0,1,0,0,0,0,1,0,1,0,0,0
4467,-1.43872633903727,1,1,0,1,0,1,0,0,1,0,1,1,0,0,1,0,0,0,0,0,0,0,1,1,1,0,1,1,1,0,0,0,1,0,1,0,1,0,0,0
4468,-0.451671442298613,1,0,0,0,0,1,0,1,1,0,0,1,0,1,1,1,1,0,0,0,1,1,0,1,0,0,0,0,0,1,0,0,0,0,0,0,1,1,0,0
4469,-0.123794952604449,1,1,0,1,1,1,1,1,1,0,0,1,0,0,1,1,0,0,1,0,0,1,0,0,1,0,1,0,1,0,0,0,0,1,1,0,0,1,1,1
4470,0.851726670365965,0,1,1,0,1,1,1,0,1,0,0,1,0,0,1,1,1,1,1,0,1,1,0,1,1,1,0,0,0,1,0,0,1,1,1,1,1,1,0,0
4471,0.000442043625264339,1,0,1,1,1,1,1,1,1,1,0,1,0,0,1,1,1,1,1,1,0,1,0,0,1,0,0,0,1,1,0,0,0,0,0,0,0,1,0,0
4472,0.451312931079592,1,0,0,1,1,1,1,0,1,1,0,1,1,1,1,1,1,0,1,1,0,1,1,1,0,0,0,1,0,0,1,0,0,0,0,0,1,1,1,0
4473,-1.78458293369798,0,1,0,0,1,0,1,0,0,1,0,0,0,0,1,0,0,0,0,0,1,1,0,0,1,0,0,0,0,0,0,0,1,1,0,0,0,1,0,0
4474,1.04026311996987,1,0,1,1,1,1,1,1,1,1,0,1,0,0,1,1,1,0,1,1,1,1,1,1,0,1,1,1,0,1,1,1,1,0,1,0,1,1,1,0
4475,-0.421365717128169,1,1,0,1,0,1,0,0,1,1,0,0,0,0,1,1,1,1,1,0,1,1,1,1,1,0,1,0,0,0,0,0,1,1,0,0,0,0,0,0
4476,-0.153899821908339,0,0,0,0,1,1,1,1,1,0,1,1,1,0,0,0,1,1,1,0,0,1,1,0,0,0,1,1,0,1,0,0,1,0,1,0,0,1,1,0
4477,0.622766921671182,1,0,0,1,1,1,0,0,1,1,1,1,0,0,1,1,1,0,1,1,1,1,1,1,1,1,1,1,0,1,0,0,1,0,1,1,1,1,0,1
4478,0.242723579655413,0,1,0,1,1,1,1,1,1,0,0,0,1,1,1,1,1,0,1,1,1,1,0,0,0,0,1,1,0,0,0,0,1,0,1,0,1,1,0,0
4479,-2.0021325471054,0,0,1,1,0,0,1,0,0,0,1,0,1,0,1,0,0,0,0,1,0,0,0,0,1,0,1,0,0,1,0,0,0,0,0,0,0,0,0,0
4480,-0.277281117506522,1,0,0,0,1,1,0,1,1,1,1,1,0,0,1,1,1,0,1,0,1,1,1,0,1,0,1,1,0,1,0,0,1,1,0,0,1,1,0,0
4481,-1.68983149526784,0,0,1,0,1,1,1,1,0,1,0,1,0,0,1,0,0,0,0,1,1,0,0,0,0,0,0,1,0,0,0,0,0,1,0,0,1,0,0,1
4482,0.0264190119951579,1,0,0,1,1,1,1,0,1,1,1,1,0,0,1,1,1,1,1,1,1,1,1,1,1,0,0,1,1,0,1,0,0,0,0,0,1,1,0,1
4483,-2.63702790043717,0,0,0,1,0,0,0,0,0,1,0,0,0,0,0,0,0,0,0,0,0,0,0,0,0,0,0,0,0,0,0,0,0,0,0,0,0,0,1,1
4484,0.151868208795538,0,0,1,1,1,1,1,0,1,1,0,1,1,0,0,1,1,0,1,0,1,1,1,1,1,0,1,0,1,0,0,0,1,0,0,1,0,1,0,0
4485,-2.82434831914937,0,1,0,0,0,0,0,0,0,1,1,0,0,0,0,0,0,0,0,0,0,0,0,1,0,0,0,0,0,0,0,0,0,0,0,1,1,1,0,0
4486,-0.393742126066186,0,1,0,0,1,1,1,1,1,1,0,0,0,0,0,1,0,1,1,0,0,1,1,0,1,0,1,0,0,0,0,0,0,0,0,0,1,0,1,0
4487,-0.763041749827318,0,1,0,1,1,1,1,0,1,0,0,1,0,0,0,1,1,1,1,0,1,1,1,0,1,0,0,0,0,1,0,0,1,0,0,0,1,0,0,0
4488,0.210122679943338,0,1,1,1,1,1,0,1,1,1,1,0,0,0,0,1,1,1,1,1,1,1,0,1,0,0,0,1,0,0,1,0,0,0,0,0,1,1,1,0
4489,0.334705217431953,1,0,0,0,1,1,0,1,1,0,0,1,0,0,1,1,1,0,1,1,1,1,1,1,1,0,0,0,1,0,1,0,0,1,0,1,1,1,0,0
4490,0.228443627972571,1,1,1,1,1,1,1,0,1,0,0,1,0,0,1,1,1,1,1,0,1,1,0,1,0,0,1,0,1,1,1,0,0,1,1,1,1,0,1,0
4491,3.30736764127332,1,1,1,1,1,1,1,1,1,1,1,1,1,1,1,1,1,0,1,0,1,1,1,1,1,1,1,1,1,1,1,1,1,1,1,1,1,1,1,1
4492,0.376271656328406,0,1,1,1,1,1,1,0,1,1,1,1,0,0,1,1,1,0,1,1,1,1,1,1,1,0,1,1,0,0,0,1,1,1,0,1,0,1,0,0
4493,0.43879298482582,0,0,0,1,1,1,1,0,1,1,1,1,1,0,0,1,1,0,1,0,1,1,1,1,1,0,0,1,1,0,1,0,1,1,1,0,1,0,0,1
4494,0.626112681398285,1,1,0,0,0,1,1,1,1,1,1,1,0,0,0,1,1,1,1,1,1,1,0,1,0,0,0,1,0,1,1,0,1,0,0,1,0,1,0,1
4495,-0.351513556961524,0,1,1,1,1,1,1,1,1,0,1,0,0,0,1,1,0,0,1,1,1,1,1,0,1,0,1,1,0,0,1,0,0,0,1,0,1,0,0,0
4496,-0.395623865030919,0,1,0,0,0,1,0,0,1,1,0,0,0,0,0,0,1,0,1,0,1,1,1,0,1,0,1,0,0,0,0,0,0,0,0,0,1,1,0,0
4497,-0.87854574283552,0,0,0,0,0,1,1,0,1,1,1,0,1,0,0,0,0,0,1,1,0,1,1,1,0,1,1,0,1,0,0,0,0,0,1,1,1,1,0,1
4498,-0.170059469986626,1,1,0,0,0,1,1,1,1,1,1,1,0,1,1,1,1,1,1,1,0,1,1,1,0,0,0,1,0,1,0,0,0,0,1,1,0,1,1,0
4499,-0.0964415047384648,0,0,0,1,0,1,1,1,1,1,1,0,0,0,0,1,1,0,1,0,1,1,1,1,1,0,1,1,1,1,0,0,0,1,0,1,0,1,0,0
4500,0.390359380425203,0,0,0,0,1,1,1,0,1,1,1,0,0,0,1,1,1,1,1,1,0,1,1,0,1,0,0,1,0,0,0,1,0,1,0,0,1,0,0,0
4501,-0.462018534854483,1,0,0,1,0,1,1,0,1,1,1,1,0,0,1,1,1,0,0,0,1,1,0,1,1,1,1,1,0,1,0,0,1,1,1,1,1,0,0,0
4502,-0.542635104426481,0,1,0,0,1,1,1,0,1,0,0,0,0,0,1,1,0,1,1,1,1,1,0,1,1,1,1,0,0,0,0,0,0,1,1,0,1,1,0,0
4503,-0.0109346794386986,0,0,1,0,1,1,1,0,1,0,0,0,0,1,1,1,1,1,1,0,1,1,0,1,1,0,1,1,0,1,0,0,0,1,0,0,0,0,0,0
4504,-0.848126974836545,0,1,0,0,1,1,0,0,1,0,0,1,0,0,0,1,0,0,1,0,1,1,1,1,1,0,0,1,0,1,0,0,0,0,1,0,0,0,0,1
4505,-0.174983440363246,0,1,0,1,0,1,0,0,1,0,1,1,0,1,0,1,1,0,1,1,1,1,1,1,0,1,0,1,1,0,0,0,0,1,0,1,1,1,0,0
4506,1.13119958170533,1,1,0,0,1,1,1,1,1,0,0,0,1,1,0,1,1,0,1,0,1,1,0,1,1,1,1,1,0,1,1,1,1,0,1,0,1,1,1,0
4507,0.293225688885831,0,0,0,0,1,1,1,1,1,0,1,1,0,0,0,1,1,0,1,0,1,1,0,0,1,0,1,0,0,1,0,1,0,0,0,0,1,0,1,0
4508,1.43265800992587,1,1,0,1,1,1,1,1,1,1,1,0,1,0,1,1,1,0,1,1,1,1,1,1,1,0,0,1,1,0,0,0,0,1,0,1,0,1,1,1
4509,-0.0651384251551672,1,0,0,0,1,1,1,0,1,0,1,1,1,0,1,1,0,0,1,0,1,1,1,1,1,0,1,0,0,1,0,1,1,1,1,1,1,0,0,0
4510,-0.711678028932364,0,1,0,1,0,1,0,1,1,0,1,1,0,0,0,1,0,0,0,1,1,1,1,0,1,1,0,1,1,0,0,0,0,0,1,0,0,0,0,0
4511,0.421320506254157,0,0,1,0,1,1,1,1,1,0,1,1,0,0,1,1,1,0,1,0,1,1,1,1,1,0,0,1,1,1,0,0,0,0,1,1,1,0,1,0
4512,-1.12479333294944,1,1,0,0,0,1,0,0,1,1,1,0,1,0,1,1,0,0,1,1,1,1,1,0,1,0,1,1,0,0,0,0,1,0,1,0,0,1,0,0
4513,-0.359889791318434,0,1,0,0,0,1,1,0,0,1,0,1,0,0,0,0,0,0,1,1,0,1,1,1,1,1,0,0,0,1,0,0,1,0,0,1,1,1,1,0
4514,0.41861577564549,0,0,1,0,0,1,0,1,1,1,0,1,0,0,1,1,1,0,1,0,0,1,1,1,1,0,1,0,0,0,0,0,0,1,1,1,0,0,0,0
4515,-0.927539013414686,0,0,0,1,1,1,0,1,1,1,0,1,0,0,1,0,0,0,1,0,1,1,0,0,1,0,1,0,1,1,0,0,0,0,0,0,0,1,0,1
4516,-1.19777633595694,1,1,1,0,1,1,1,0,1,0,1,0,0,0,1,0,0,0,0,1,1,0,0,1,1,0,0,1,0,1,0,0,0,0,1,0,0,1,0,0
4517,-1.33582341245366,0,1,0,0,0,0,1,0,0,0,1,1,1,0,1,0,0,1,1,0,0,0,0,0,0,0,0,0,1,1,1,0,0,0,0,0,0,0,0,0
4518,0.959967474753475,1,1,0,1,1,1,1,0,1,0,0,1,0,1,1,1,1,0,1,0,1,1,0,0,0,1,1,0,0,0,1,1,1,1,0,0,1,1,1,1
4519,1.15515388086431,1,0,0,1,1,1,1,0,1,1,1,1,0,0,1,1,1,1,1,0,1,1,0,0,0,0,1,0,1,1,0,1,1,0,1,1,0,1,0,0
4520,-0.0397428044530818,0,1,0,1,1,1,1,0,1,1,1,0,1,0,1,1,0,1,1,1,1,1,1,1,1,0,0,0,1,1,0,0,1,0,0,1,1,0,1,0
4521,-0.926853183144748,1,1,0,0,1,1,1,0,1,1,0,1,0,1,0,1,0,1,1,0,1,1,1,1,1,0,1,1,1,1,1,0,1,0,0,0,0,0,1,1
4522,-0.202650808629772,0,0,0,0,0,1,0,1,1,1,0,0,1,0,1,1,1,1,1,0,1,1,0,1,1,0,1,0,1,1,0,0,0,1,0,0,1,1,0,0
4523,-1.03670739115481,0,0,0,1,1,1,0,1,1,1,0,0,0,0,1,1,0,0,1,1,0,1,0,0,1,0,0,0,0,1,0,0,1,1,1,0,0,1,0,0
4524,-0.245987284704817,0,1,1,0,1,0,1,0,1,0,1,0,1,0,1,1,1,0,1,0,0,1,1,0,0,1,0,1,0,1,0,0,1,0,0,0,1,1,0,0
4525,-1.08674751037111,0,1,0,1,1,1,0,1,0,0,1,0,0,0,1,0,0,1,0,0,0,0,1,1,0,0,1,0,0,1,0,0,1,0,1,1,1,0,1,0
4526,-1.26984949109048,0,0,0,0,1,1,0,1,0,1,1,0,0,0,1,1,0,0,0,0,1,1,1,1,1,0,0,0,1,0,0,0,0,0,0,0,0,0,0,0
4527,-0.696511100609305,1,1,0,0,1,1,0,1,1,0,1,0,0,0,1,1,1,0,0,0,0,1,0,1,0,0,1,1,0,1,0,0,0,1,0,1,0,1,1,1
4528,-1.00121178882731,1,1,0,0,0,1,0,0,0,1,1,1,0,0,0,0,0,0,1,0,0,0,1,0,0,1,1,0,0,1,0,0,1,0,0,1,1,1,0,0
4529,-1.15586765215657,1,1,0,0,1,1,1,0,0,0,1,1,0,1,0,1,0,0,1,0,1,1,0,1,0,0,1,0,0,0,0,0,1,0,0,0,1,1,0,0
4530,0.259290444270698,1,1,1,0,1,1,0,1,1,1,1,0,0,0,1,1,1,0,1,1,1,1,0,1,1,1,0,1,1,1,1,0,0,1,0,0,1,0,1,1
4531,1.77282122868034,0,1,0,0,1,1,0,1,1,1,1,1,0,1,1,1,1,1,1,0,1,1,1,1,1,1,1,1,1,1,1,1,1,1,1,1,1,1,0,0
4532,-0.0773328709016375,1,1,1,0,1,1,0,0,1,1,1,0,0,1,1,1,1,1,1,0,1,1,1,1,1,0,0,1,1,1,0,0,0,1,1,0,0,0,0,1
4533,0.744989927720797,1,0,0,0,0,1,1,0,1,1,1,1,1,0,1,1,1,1,1,1,1,1,1,1,1,0,1,1,0,0,0,0,1,0,1,0,1,1,0,0
4534,-0.582659786966169,0,1,0,0,1,1,0,0,1,1,0,1,0,0,1,0,1,1,1,0,1,1,1,1,1,0,1,1,0,1,0,0,0,1,0,0,1,0,0,1
4535,-1.75026742079083,1,0,0,0,1,1,1,0,0,1,1,0,0,0,0,0,0,1,0,0,1,1,1,1,1,1,0,0,1,0,0,0,0,1,0,0,1,0,0,0
4536,1.20371103617588,1,1,1,1,1,1,1,0,1,1,0,1,1,1,1,1,1,0,1,0,1,1,1,0,1,0,1,1,1,0,1,1,1,1,0,1,1,0,0,1
4537,0.258833191500378,1,0,0,1,0,1,1,1,1,1,1,0,0,0,0,1,1,0,1,1,1,1,1,1,1,0,1,0,0,1,0,0,0,1,0,1,1,1,1,0
4538,-1.71799813015927,0,0,1,1,0,1,0,0,0,1,1,0,1,1,0,0,0,1,0,0,1,0,0,0,0,0,0,0,0,0,0,0,0,1,1,0,0,0,0,0
4539,0.122890319271143,0,0,0,1,0,1,1,1,1,1,0,1,1,0,1,1,0,1,0,0,0,1,0,0,1,0,1,0,0,1,0,0,0,1,1,0,1,1,1,0
4540,0.0131227513581927,1,1,0,0,1,1,1,0,1,0,1,0,0,0,1,1,1,0,1,1,0,1,0,1,1,0,1,1,0,1,0,0,1,1,1,0,0,0,0,0
4541,-0.35117252498551,0,1,0,1,0,1,1,1,1,1,0,0,1,0,1,1,1,0,1,1,0,0,1,0,0,1,1,0,0,0,1,0,0,1,0,0,1,1,0,0
4542,-0.636173451933641,0,1,0,1,0,0,1,0,0,1,1,0,0,1,1,1,1,1,1,1,0,1,1,1,1,0,1,1,0,1,1,0,0,0,0,0,1,1,0,1
4543,-0.82211570844955,0,0,0,1,1,1,1,0,0,1,1,1,0,0,1,1,0,0,1,0,0,1,0,1,1,1,0,1,0,0,0,0,0,0,1,1,1,0,0,0
4544,0.966288453686288,0,1,0,1,0,1,1,0,1,1,0,1,0,0,1,1,1,0,1,0,1,1,1,0,1,0,1,0,0,0,1,0,1,1,0,0,0,1,1,0
4545,0.0707169665570663,1,1,1,0,1,1,0,0,1,1,1,0,1,0,0,1,1,1,1,0,1,1,1,1,1,0,1,1,1,1,0,0,0,1,1,0,1,1,0,0
4546,-1.39065877721444,1,0,0,1,0,1,1,0,1,1,1,1,0,0,1,0,0,0,0,0,1,0,0,1,1,0,0,0,0,1,0,0,0,0,1,0,1,0,0,0
4547,0.112709364097727,1,1,0,0,1,1,0,1,1,1,1,1,0,0,0,1,1,0,1,0,1,1,0,1,1,0,1,1,1,0,1,0,0,0,1,1,1,1,1,0
4548,-0.170719197849846,1,0,0,0,0,1,0,1,1,1,1,1,1,1,0,0,1,0,0,0,1,1,1,0,0,0,1,1,0,1,1,0,1,0,1,1,0,1,0,0
4549,0.86071054647356,0,1,1,0,1,1,1,0,1,0,0,1,0,0,0,1,1,1,1,1,1,1,1,1,1,0,1,1,1,0,0,0,1,1,1,0,0,0,1,0
4550,0.0175374034966879,0,1,0,1,1,1,1,0,1,0,1,1,1,0,0,1,0,1,1,1,0,1,0,1,1,1,1,1,1,0,0,0,0,1,1,1,1,1,0,0
4551,2.00272217390471,1,0,1,0,1,1,1,1,1,1,1,1,0,1,1,1,1,0,1,1,1,1,1,1,1,1,1,0,1,1,0,1,0,0,1,0,1,1,1,0
4552,0.0284736831639385,1,1,1,0,0,1,1,0,1,1,1,1,1,0,1,1,1,0,1,0,0,1,1,1,1,1,0,0,0,1,0,0,1,0,1,1,1,1,0,0
4553,0.272439420832157,1,1,0,0,0,1,0,0,1,1,0,1,1,0,0,1,1,1,1,0,1,1,0,0,1,1,1,1,1,1,0,0,0,0,0,0,0,1,0,0
4554,1.6800760508538,1,1,1,0,0,1,1,1,1,1,0,1,0,1,0,1,1,1,1,0,1,1,1,1,1,0,1,1,1,1,1,1,1,0,0,0,1,1,1,0
4555,0.42889537687705,0,1,1,0,0,1,1,1,1,1,0,1,0,0,1,1,1,1,1,0,1,1,1,1,0,0,1,0,1,0,0,1,1,0,1,1,1,1,1,1
4556,-0.875215129502601,0,1,0,0,0,1,1,0,1,0,1,0,1,0,1,0,0,0,0,0,0,1,1,1,1,0,1,0,1,0,1,0,0,0,0,0,0,0,0,0
4557,-0.945805307661123,0,0,0,0,0,1,0,1,0,0,0,1,0,0,1,1,1,0,0,0,1,1,1,1,0,0,0,0,1,0,0,0,1,0,1,0,1,1,0,0
4558,0.856224703983451,1,1,1,1,0,1,1,1,1,1,1,1,1,1,1,1,1,1,1,0,0,1,1,0,1,1,0,1,0,1,0,0,1,0,0,0,1,1,1,0
4559,0.465305183577707,0,0,1,1,1,1,1,0,1,1,1,1,1,0,1,1,0,0,1,0,1,1,1,0,1,0,0,1,0,1,0,0,0,0,1,1,1,1,0,1
4560,0.793818974380726,1,1,0,1,1,1,0,1,1,0,1,1,0,1,1,1,1,0,1,1,1,1,1,1,1,0,1,1,0,0,0,1,0,0,0,1,0,1,0,0
4561,0.938250153785663,0,1,1,0,1,1,0,0,1,1,1,0,0,0,0,1,1,1,1,0,1,1,1,1,0,0,0,1,1,1,0,1,1,1,1,1,0,1,1,1
4562,0.0180687088419205,1,0,0,1,1,1,1,0,1,0,0,0,0,0,0,1,1,0,1,0,1,1,1,0,1,0,1,1,0,1,1,0,1,1,1,0,0,1,0,1
4563,1.63578041935148,1,1,1,0,1,1,1,1,1,1,1,1,1,0,1,1,1,0,1,0,1,1,1,1,1,1,1,1,0,0,1,1,1,1,1,1,1,1,1,0
4564,0.283485297290112,0,0,0,0,0,1,0,1,1,1,1,1,0,0,1,1,1,0,1,1,0,1,1,1,1,0,0,1,1,1,0,0,1,1,1,1,1,1,0,0
4565,-1.84872563304226,0,0,1,0,0,0,0,1,0,0,0,1,0,0,1,0,0,0,1,0,1,0,0,0,1,0,0,0,0,0,0,0,0,1,0,0,0,0,0,0
4566,-1.03223999670033,0,0,0,0,1,1,1,0,1,1,0,1,0,0,1,1,1,0,1,0,0,1,0,0,0,0,1,0,0,1,0,0,0,1,1,0,1,1,0,0
4567,-1.07709096082706,0,1,0,1,0,1,1,0,0,0,0,0,0,0,1,0,0,0,0,0,0,1,1,0,1,0,0,0,0,1,0,0,1,1,1,0,0,0,0,0
4568,0.433304460318775,1,1,1,0,1,1,1,0,1,1,0,1,0,0,0,1,1,0,1,0,1,1,1,1,1,0,0,0,1,0,0,0,1,0,0,0,1,1,0,0
4569,-0.281032790724715,0,1,0,1,1,1,1,0,1,1,0,0,0,0,1,0,1,1,1,0,0,1,1,1,0,0,0,0,1,1,0,0,0,1,1,0,1,0,0,0
4570,-0.907114901720256,1,1,0,0,1,1,1,0,1,1,0,0,1,0,1,1,0,1,1,0,1,1,0,0,0,0,0,0,1,0,0,0,1,1,1,0,0,0,0,0
4571,0.578911195412049,0,1,0,1,0,1,1,0,1,0,1,1,0,0,0,1,1,0,1,0,1,1,1,1,0,1,0,1,0,0,0,0,0,1,1,0,1,0,1,1
4572,0.165447184409884,0,1,1,0,1,1,1,0,1,1,1,0,0,0,1,1,1,0,1,0,1,1,1,0,1,0,1,0,0,1,0,0,1,1,0,1,1,1,0,0
4573,-0.821949297782469,0,0,0,0,1,1,1,1,1,1,1,0,0,0,1,1,1,0,1,0,0,0,1,0,1,0,0,1,1,1,1,0,0,0,1,1,1,1,0,0
4574,-0.731163291928035,0,1,0,0,0,1,1,0,1,1,1,1,1,0,1,0,0,0,0,0,1,0,0,1,1,0,1,0,0,0,0,0,0,1,1,0,0,0,1,0
4575,-0.679070050641212,0,0,0,1,1,1,0,0,0,0,0,1,1,0,1,0,0,0,1,0,0,1,1,1,1,0,1,1,0,1,0,0,1,0,1,1,0,1,0,0
4576,1.50891833345807,1,1,1,0,1,1,1,0,1,1,1,1,1,1,1,1,1,1,1,1,1,1,0,1,1,0,1,1,1,1,0,1,1,0,0,1,0,0,1,1
4577,1.23231445688083,1,1,0,1,1,1,1,0,1,0,1,1,0,0,1,1,1,1,1,0,1,1,1,0,1,0,1,1,0,0,1,1,1,0,0,1,1,1,0,0
4578,-0.864384164261057,0,1,0,0,0,1,0,1,1,0,1,1,0,0,1,0,0,0,1,0,1,1,1,0,0,0,0,0,0,0,0,0,0,0,0,0,1,0,0,1
4579,-0.89843274125869,0,0,0,1,0,1,0,0,0,1,0,1,0,0,1,1,0,0,0,1,1,1,1,1,1,0,1,0,1,1,0,0,0,0,0,0,1,1,0,0
4580,0.17009934745242,0,0,0,0,0,1,1,0,1,0,0,0,1,1,1,1,1,0,1,0,1,1,1,1,0,1,1,1,0,1,0,0,1,0,0,0,0,1,0,0
4581,1.18429754874162,0,0,1,0,1,1,1,1,1,1,0,0,0,0,1,1,1,0,1,0,0,1,1,0,0,1,1,1,1,0,0,1,0,0,1,1,1,1,1,0
4582,-0.374097274688683,1,1,0,0,0,1,1,1,1,1,0,1,0,0,0,0,1,0,0,0,0,1,1,1,1,0,1,0,0,1,0,0,1,0,0,0,0,1,0,0
4583,-0.856647065593721,0,1,1,1,1,1,1,1,1,1,1,1,0,0,0,0,0,1,0,0,1,1,0,0,1,1,0,0,1,0,0,0,0,1,0,0,1,0,0,1
4584,-0.716952610478178,1,1,1,0,0,1,0,1,0,1,1,1,0,0,1,0,0,1,1,0,1,1,1,1,1,0,1,1,1,1,0,0,1,1,1,0,0,0,0,0
4585,-0.85183395478002,0,1,0,1,1,1,1,0,1,0,0,1,0,0,1,0,1,0,0,0,0,1,1,1,0,1,0,1,0,0,0,0,1,0,0,1,1,1,0,0
4586,0.479361619436691,0,0,1,1,1,1,1,0,1,0,0,0,0,0,1,1,1,0,1,0,1,1,1,0,1,0,1,1,1,1,0,0,0,1,0,1,1,0,0,0
4587,0.747042788838847,0,1,0,1,1,1,0,1,1,1,0,1,1,0,0,1,1,0,1,1,1,1,1,1,1,0,1,1,1,1,1,0,0,1,1,1,1,0,1,1
4588,-0.360916589000778,0,0,0,1,1,1,1,0,1,0,0,0,0,0,0,1,1,0,1,0,1,1,0,1,0,0,1,0,0,0,0,0,1,0,0,0,1,0,1,0
4589,0.0937069820319447,1,1,0,0,1,1,1,0,1,0,0,1,0,0,1,1,1,0,1,0,1,1,1,1,0,1,1,1,1,1,0,1,1,1,0,0,0,1,0,1
4590,-1.03503954932743,0,1,0,0,1,1,0,0,1,1,1,0,0,0,0,0,1,0,1,0,0,0,1,0,1,0,1,0,0,1,0,0,0,1,1,0,0,0,0,1
4591,-1.15103782753552,0,0,1,0,0,1,0,1,1,0,1,1,0,0,1,0,0,0,1,0,1,0,0,0,0,1,1,0,0,0,0,0,0,0,0,0,0,0,0,0
4592,0.288305888080894,0,0,0,0,0,1,1,0,1,1,0,1,0,1,1,1,0,0,1,0,1,1,1,1,0,1,1,0,0,1,0,0,1,1,1,0,1,1,1,0
4593,0.181029546910624,1,1,1,0,0,1,0,1,1,1,1,1,0,1,1,1,1,0,1,0,1,1,1,0,1,0,0,1,1,1,0,0,0,0,1,0,1,1,1,0
4594,1.11764023767769,0,0,1,0,1,1,1,1,1,0,1,1,1,1,1,1,1,0,1,1,1,1,1,1,1,0,0,0,0,1,0,1,0,1,0,0,1,1,0,0
4595,-0.445941651080204,0,1,0,0,1,1,0,0,1,1,1,1,0,0,0,1,0,1,1,0,1,1,1,0,1,0,0,1,1,1,0,0,0,1,1,0,1,1,0,0
4596,0.970945520254102,0,1,1,1,0,1,0,0,1,0,0,0,0,0,1,1,1,1,1,0,1,1,1,1,1,0,1,1,0,1,0,0,0,0,1,1,1,1,0,1
4597,1.54309920409502,0,1,0,1,1,1,1,1,1,1,1,1,1,0,0,1,1,0,1,1,0,1,1,0,0,0,0,1,0,1,1,1,1,0,1,1,1,0,1,0
4598,1.4186800839675,1,0,0,0,1,1,1,1,1,1,1,1,0,1,1,1,1,1,1,0,1,1,0,0,1,1,1,1,1,0,1,1,1,1,1,0,1,1,1,0
4599,0.181034106893032,1,1,0,0,1,1,1,1,1,1,1,1,0,0,1,0,1,0,1,0,1,1,0,1,1,1,0,1,1,0,0,0,0,1,0,0,1,1,1,0
4600,-1.22785706492128,1,0,1,1,0,1,0,1,1,1,0,1,0,0,1,1,0,0,0,0,0,0,0,0,1,1,1,1,0,1,0,0,0,1,1,0,1,1,0,1
4601,-1.53211873476976,0,1,0,0,1,1,1,0,1,1,0,0,0,0,1,0,0,0,0,0,0,1,0,1,0,0,0,0,0,0,0,0,1,0,0,0,0,1,0,0
4602,-0.0685571662064173,1,0,0,0,0,1,1,1,1,0,0,0,1,0,1,1,1,1,1,1,0,1,0,1,1,0,0,0,1,1,1,0,0,0,1,0,1,1,1,0
4603,1.49968179940404,1,0,1,1,1,1,1,1,1,1,1,1,1,1,1,1,1,1,1,1,1,1,1,1,0,0,1,1,1,0,0,1,1,1,1,0,1,1,0,0
4604,-0.274748055307281,0,0,1,1,0,1,1,1,1,0,0,1,0,0,0,1,1,0,1,1,1,1,1,0,1,0,0,0,1,0,0,0,1,1,0,1,0,1,0,0
4605,-0.321474605248462,0,1,0,0,1,1,1,1,1,1,1,1,0,0,1,1,1,0,1,0,1,1,0,0,1,0,0,0,1,1,0,0,0,0,1,0,0,0,0,0
4606,0.913416100080734,1,1,1,0,0,1,1,1,1,0,0,0,1,1,1,1,1,1,1,0,1,1,0,1,0,1,1,0,0,1,1,0,1,1,0,1,1,1,1,0
4607,-0.797046549312994,1,1,1,0,1,1,0,1,1,0,1,1,1,0,0,1,1,0,1,0,1,0,0,0,1,0,1,1,0,0,0,0,0,0,0,0,1,1,0,0
4608,-0.26467671896762,1,0,0,1,0,1,1,0,1,0,1,1,0,1,1,1,1,0,0,0,1,1,1,0,1,0,0,0,0,0,0,0,1,0,0,1,1,1,0,0
4609,0.149707029350336,1,0,1,0,1,1,1,1,1,1,0,0,1,0,1,1,1,1,1,0,1,1,0,0,1,0,1,0,0,1,0,0,1,0,1,0,1,1,1,0
4610,-0.532208879273102,0,1,1,0,0,1,1,1,1,1,0,0,0,1,1,1,0,0,0,0,1,1,1,1,0,0,1,1,1,0,0,0,1,1,1,1,0,0,0,1
4611,-0.408416544558319,0,1,0,0,1,1,1,0,1,0,0,0,0,0,1,1,0,0,1,1,1,0,0,0,1,1,0,0,1,0,0,0,0,0,0,0,0,1,0,1
4612,0.208337939394569,1,0,0,0,1,1,1,0,1,1,0,1,1,0,1,1,1,0,1,1,1,1,1,1,1,1,0,0,1,1,1,0,1,0,0,0,1,1,1,0
4613,-1.78317462013517,0,0,1,0,0,1,1,0,0,0,0,0,0,0,1,0,0,0,0,0,0,0,0,0,1,0,0,0,0,0,0,0,0,0,1,1,1,0,0,0
4614,-1.62798859192976,0,0,0,0,0,1,1,0,0,1,0,1,0,1,0,0,0,0,0,1,0,0,0,0,0,0,0,1,0,0,0,0,1,1,0,0,1,1,0,0
4615,-0.368956074076785,0,1,1,1,0,1,1,0,1,1,0,1,0,0,1,1,1,1,1,0,1,1,1,0,0,0,1,1,0,1,0,0,0,1,0,1,1,1,1,0
4616,-0.28600339838763,1,1,0,1,1,1,1,0,1,1,1,1,1,0,0,1,0,0,0,1,1,1,0,0,0,0,1,1,1,1,0,0,0,1,0,0,1,1,0,0
4617,-1.12663125429627,0,0,0,1,1,1,0,0,1,1,0,1,0,0,1,1,0,1,1,0,0,0,1,1,1,0,0,0,0,1,0,0,1,1,1,0,0,1,1,0
4618,0.293264603656895,0,1,0,1,1,1,1,1,1,1,1,1,0,1,1,1,1,1,1,0,0,1,1,1,1,1,1,0,1,0,0,0,1,0,1,0,0,1,0,0
4619,0.334354528654767,1,1,0,0,1,1,0,1,1,1,1,1,0,1,1,1,1,1,1,0,1,1,0,1,1,0,1,1,1,1,0,1,0,1,1,0,1,0,0,1
4620,-0.812963873683328,0,0,0,0,1,1,0,1,1,0,0,1,1,1,0,1,0,1,1,0,1,1,1,1,1,0,0,0,0,0,0,0,1,1,1,0,1,0,0,0
4621,-1.3494286997661,0,0,0,0,1,1,1,0,0,0,0,1,1,0,0,1,0,0,1,1,1,0,0,0,0,0,1,0,0,0,0,0,0,0,0,0,0,0,0,0
4622,-1.23101963760572,1,0,0,1,1,1,1,0,0,1,0,0,0,0,1,0,0,0,0,0,0,1,0,1,0,0,1,0,1,0,0,0,1,0,0,0,1,1,1,0
4623,-1.14443025233157,0,0,0,0,0,0,0,0,1,1,0,1,1,0,0,0,0,1,0,1,1,1,1,1,1,0,1,0,1,0,0,0,0,0,0,0,1,0,1,0
4624,0.376534267293246,1,0,0,1,1,1,1,0,1,1,0,0,1,1,1,1,1,0,0,0,1,1,0,1,0,1,0,1,0,0,0,0,0,0,0,0,0,1,1,0
4625,-3.03589695029718,0,0,0,0,0,0,0,0,0,0,0,0,0,0,0,0,0,0,0,0,1,0,0,0,0,0,0,0,0,0,0,0,0,0,0,0,1,0,0,0
4626,0.332664546219929,0,1,0,0,1,1,1,0,1,0,1,1,0,1,1,1,1,0,1,0,1,1,0,1,1,1,1,1,0,0,0,0,1,1,1,1,1,1,1,0
4627,-0.734771555346511,0,1,0,1,1,1,0,0,1,0,1,0,1,0,0,0,0,0,0,0,1,1,1,1,1,1,1,0,1,0,0,0,0,1,0,1,1,0,0,0
4628,0.410868727617766,1,0,1,0,0,1,1,1,1,0,1,1,0,0,1,1,1,0,1,1,1,1,1,1,1,0,1,1,1,1,0,0,1,0,1,0,1,1,0,0
4629,-1.81978928989523,1,0,0,0,0,0,0,1,0,0,1,1,1,0,1,0,0,1,0,0,1,0,1,1,0,0,0,1,0,0,0,0,0,1,1,0,0,0,0,1
4630,1.3614496504757,0,1,1,1,1,1,1,1,1,1,1,0,1,0,1,1,1,1,1,1,1,1,1,0,1,0,0,1,1,1,1,1,1,1,1,0,0,1,1,0
4631,-1.52605541793316,0,1,0,1,0,0,0,0,0,0,0,1,0,0,1,0,0,0,0,0,1,1,1,1,0,0,0,0,0,1,0,0,0,0,0,0,1,0,0,0
4632,1.00115087029975,0,1,0,0,1,1,1,1,1,1,0,0,0,0,1,1,1,0,1,1,1,1,1,1,1,0,0,1,1,1,0,1,1,0,1,0,1,1,0,0
4633,0.45054077302157,0,1,0,0,1,1,1,1,1,1,0,1,0,0,0,1,1,1,1,0,0,1,0,0,0,0,1,0,0,1,0,0,1,0,0,0,0,0,1,0
4634,0.512916332640703,0,1,0,0,0,1,0,1,1,1,1,0,1,0,0,1,1,0,1,0,1,1,1,1,1,0,0,0,1,0,1,0,1,1,1,0,1,1,1,0
4635,0.84238457644045,0,1,0,1,1,1,1,0,1,1,0,1,0,1,0,1,1,1,1,0,0,1,0,1,1,0,1,0,1,1,0,0,0,0,0,0,1,0,0,1
4636,-0.295727969733365,0,1,0,1,0,1,1,0,1,1,1,0,0,0,0,1,0,0,1,0,1,1,0,0,0,0,1,0,1,1,0,0,1,1,0,1,0,0,0,1
4637,-0.848544500711569,1,1,0,1,1,1,1,0,0,1,0,0,0,1,1,0,0,0,1,0,0,1,0,0,0,0,0,0,0,1,0,0,0,0,0,0,1,1,0,0
4638,1.24258648938934,0,1,1,0,1,1,1,1,1,1,1,1,0,0,1,1,1,0,1,0,1,1,1,1,1,0,1,1,0,0,0,0,1,1,1,0,1,1,1,0
4639,0.248209111916634,0,1,0,1,1,1,1,0,1,0,1,1,0,1,1,1,1,1,1,1,0,1,0,1,1,0,0,0,0,1,0,0,0,1,0,0,0,1,0,0
4640,0.0790198635455762,1,0,0,0,1,1,1,1,1,1,1,0,0,0,1,1,0,0,1,0,1,1,1,1,1,0,1,1,1,1,0,1,0,0,1,0,0,1,1,1
4641,0.0157249184287993,0,0,1,0,1,1,0,0,1,0,0,1,0,0,1,1,1,0,1,0,1,1,0,0,1,0,0,1,0,1,0,0,1,0,0,0,1,0,0,1
4642,1.08784595074787,0,0,0,1,1,1,1,0,1,1,1,0,0,0,1,1,1,0,1,0,1,1,0,0,1,0,1,0,1,0,1,0,1,0,1,1,0,0,0,0
4643,0.878906884790292,0,0,0,0,0,1,1,1,1,1,0,1,0,0,1,1,1,1,1,1,1,1,1,0,1,1,1,0,0,0,1,1,1,1,1,1,1,1,0,1
4644,-0.886855894062508,0,1,0,1,0,1,1,0,0,1,0,1,0,0,1,0,1,1,0,0,1,1,0,0,0,0,1,0,0,1,0,0,1,0,1,0,1,1,0,0
4645,0.484722501935114,1,1,0,1,1,1,0,1,1,1,1,1,1,0,1,1,1,1,1,0,1,1,1,0,0,1,1,1,0,1,0,1,0,0,0,1,1,1,0,1
4646,0.340741078132673,0,1,0,0,1,1,1,0,1,0,0,1,0,1,1,1,1,0,1,1,1,1,0,1,1,1,1,0,0,0,1,0,0,0,1,1,0,1,0,1
4647,-1.14490893152087,0,0,0,0,1,1,1,0,0,0,0,0,0,0,0,0,0,0,1,1,1,0,0,0,0,0,0,1,0,0,0,0,0,0,1,0,0,1,0,0
4648,0.203276574599185,0,0,0,1,0,1,1,1,1,0,0,0,0,0,0,0,1,0,1,0,1,1,0,0,1,0,0,1,0,0,0,0,1,0,1,1,0,1,1,0
4649,0.0550847012546548,1,1,0,0,0,1,0,0,1,0,0,1,0,1,1,1,1,0,1,1,1,1,1,1,0,0,1,1,0,1,0,0,1,0,1,1,0,0,0,0
4650,-1.58455710096915,0,1,0,1,1,1,1,1,0,1,0,0,0,0,0,0,0,0,0,0,0,1,0,1,1,0,0,0,0,1,0,0,0,0,0,0,0,0,1,0
4651,0.346722101820757,0,1,1,0,1,1,0,0,1,0,1,1,0,0,1,1,1,0,1,1,1,1,1,1,1,0,1,1,1,0,0,0,0,0,1,1,1,1,0,0
4652,0.575551700352368,1,1,0,0,1,1,0,0,0,1,1,1,1,0,0,1,1,1,1,1,1,1,1,1,1,1,0,1,0,0,1,1,0,1,0,0,1,1,0,1
4653,0.860449945583384,1,1,0,1,1,1,0,0,1,1,1,0,1,0,1,1,1,1,1,1,1,1,1,0,1,1,1,0,1,1,0,1,0,0,0,0,1,0,0,0
4654,0.765405407238937,1,1,0,0,0,1,1,1,1,1,1,1,1,1,1,1,1,1,1,1,1,1,1,1,1,0,0,1,0,0,0,0,0,0,1,1,0,0,1,0
4655,-1.45528093663016,0,1,0,0,0,1,1,1,0,1,1,1,1,0,1,0,0,0,0,0,1,0,0,0,1,0,0,0,0,0,0,0,1,0,0,0,1,1,0,0
4656,0.240066594407692,0,1,0,1,1,1,1,1,1,1,0,0,0,1,0,1,1,1,1,1,1,1,1,1,1,0,1,1,0,1,1,0,1,0,0,1,0,0,0,0
4657,0.7566225756979,0,0,0,0,1,1,1,1,1,1,1,1,0,0,1,1,1,1,1,0,1,1,0,0,1,0,1,1,0,1,0,1,1,0,0,0,1,1,1,1
4658,0.632421637428417,0,1,0,1,1,1,0,0,1,1,1,1,1,1,1,1,0,0,1,0,1,1,1,1,1,0,1,1,1,0,0,0,0,0,1,0,1,0,0,0
4659,0.748382164212322,1,0,0,1,1,1,0,1,1,1,1,1,1,0,1,1,1,0,1,0,1,1,1,1,0,1,0,0,0,0,1,1,0,0,0,1,1,1,1,0
4660,-2.16200707319045,0,1,0,0,1,0,1,1,1,0,0,0,0,0,1,0,0,0,0,0,1,0,0,1,0,0,0,1,0,0,0,0,0,0,0,0,0,0,0,0
4661,1.59618078413517,0,1,1,0,1,1,1,1,1,1,0,1,0,1,1,1,1,1,1,0,1,1,1,1,0,1,1,1,1,1,0,0,0,1,1,1,1,1,1,1
4662,-0.462651989565914,0,1,0,0,0,1,1,0,1,1,0,1,0,0,1,1,0,1,0,1,0,1,1,0,0,1,0,1,1,0,0,0,1,1,0,0,0,0,1,0
4663,-0.223476014884933,0,1,0,1,1,1,1,0,1,1,1,1,1,0,1,1,1,0,1,0,1,1,0,1,1,1,1,1,1,0,0,0,0,1,1,1,1,0,0,0
4664,-0.684267357735991,0,1,1,1,1,1,1,0,1,1,0,1,0,0,1,1,1,0,1,1,0,0,1,1,1,1,0,0,1,1,0,0,0,0,0,0,1,1,0,0
4665,0.579838539662242,1,1,0,0,1,1,0,1,1,1,0,0,0,0,1,1,1,1,1,0,1,1,0,1,0,0,1,0,1,1,0,1,1,0,1,1,1,1,1,1
4666,1.5931084724235,0,1,0,1,1,1,1,1,1,1,1,1,1,0,1,1,1,0,1,1,1,1,1,1,1,0,0,1,1,1,1,1,1,1,1,0,1,1,1,1
4667,-0.738832533404399,1,1,1,1,1,1,1,1,1,1,1,0,1,0,1,1,0,0,1,0,1,1,0,1,0,0,1,0,0,1,0,0,0,0,1,1,1,1,0,0
4668,0.154695490954899,1,1,1,1,0,1,0,0,1,1,0,1,0,1,1,1,1,0,1,0,1,1,1,0,1,0,1,0,0,1,0,0,0,0,0,0,0,0,1,1
4669,1.73048360602461,1,1,0,1,0,1,0,0,1,1,0,0,1,1,0,1,1,1,1,0,1,1,1,0,1,0,1,1,1,1,1,1,1,1,0,1,1,1,1,0
4670,-1.49210320293754,1,0,0,1,1,0,0,1,1,0,1,1,0,0,0,0,0,0,1,0,1,1,1,0,1,0,0,0,1,0,0,0,1,0,0,1,0,1,0,0
4671,-1.62418952342901,0,1,0,1,0,0,1,0,0,0,1,0,0,0,0,0,0,0,0,0,0,0,0,0,0,0,1,0,0,0,0,0,0,1,1,0,0,1,1,0
4672,-1.02757607722113,0,0,0,1,1,1,0,0,0,1,0,1,0,0,0,0,0,0,0,0,0,0,0,0,1,0,0,0,0,1,0,0,1,0,1,0,0,1,0,0
4673,0.296485600705745,0,1,0,0,1,1,1,1,1,1,0,0,0,0,0,1,1,1,1,0,1,1,0,0,1,0,1,1,1,1,0,0,1,1,1,1,0,1,1,0
4674,-0.550622445429343,0,1,0,0,1,0,0,0,1,0,0,1,0,0,1,1,1,0,1,0,1,1,1,1,1,1,1,1,1,1,0,0,1,1,0,0,0,0,0,1
4675,0.776605487693342,0,1,0,1,1,1,1,1,1,1,1,1,1,0,1,1,1,0,1,1,1,1,1,0,1,0,0,0,1,1,0,0,0,0,0,0,0,1,0,0
4676,-1.51501446756863,0,0,0,1,0,0,1,1,0,1,0,0,0,1,0,0,0,0,0,0,0,0,1,1,1,1,0,1,0,0,0,0,0,0,0,0,1,1,0,0
4677,0.00102025267465679,0,0,0,0,1,1,1,0,1,0,0,0,0,0,0,0,1,0,1,0,1,1,1,1,1,1,1,0,1,1,0,0,0,1,0,1,0,1,1,0
4678,0.0999615520451711,0,1,0,0,1,1,1,1,1,1,1,1,0,0,0,1,1,1,1,0,0,1,1,1,1,0,1,0,1,1,0,0,1,1,0,0,1,1,1,1
4679,0.600819809657324,1,0,1,1,1,1,1,0,1,1,1,1,0,0,1,1,1,1,1,1,0,1,0,0,0,1,1,0,1,1,0,1,0,0,1,0,0,1,0,0
4680,1.31104785999804,0,0,0,1,1,1,1,1,1,1,1,1,1,0,1,1,1,1,1,0,1,1,0,1,1,0,1,1,1,1,1,0,0,1,1,0,1,0,0,1
4681,-2.14443480768438,0,0,0,1,0,0,0,0,0,0,1,0,1,0,0,0,0,0,0,0,0,1,0,0,0,0,0,0,0,0,0,0,1,0,1,0,0,1,0,0
4682,-1.95342371523804,0,0,0,0,1,1,0,1,1,0,0,0,0,0,0,0,0,0,0,0,0,0,1,0,0,0,0,1,0,1,0,0,0,0,0,0,1,0,0,0
4683,0.674460642259193,0,0,0,0,1,1,1,1,1,1,1,1,0,1,1,1,1,0,1,0,1,1,1,0,1,0,0,1,0,1,1,1,1,0,0,0,1,0,0,0
4684,-0.30305774174411,1,0,0,1,0,1,1,0,1,0,1,0,0,0,1,1,1,1,1,1,1,1,1,1,0,0,1,0,1,1,1,0,1,1,1,0,0,1,0,0
4685,-1.8604225611389,0,1,0,0,0,0,0,1,0,1,1,1,0,0,0,0,0,0,0,1,0,0,0,1,0,0,0,0,0,0,0,0,1,0,0,1,0,0,0,0
4686,1.43366585374458,1,1,1,1,1,1,1,1,1,1,1,1,0,0,1,1,1,1,1,1,0,1,0,1,0,0,1,0,1,1,0,1,1,1,0,1,1,1,0,1
4687,0.488922674917364,0,1,0,1,1,1,1,1,1,0,0,1,0,0,0,1,1,0,1,0,1,1,0,0,0,0,1,1,0,0,1,0,1,0,1,0,1,0,1,0
4688,1.69826351502205,1,1,0,0,1,1,1,1,1,0,1,0,0,0,0,1,1,1,1,0,1,1,1,1,1,0,1,1,0,1,1,1,0,1,0,0,1,1,1,1
4689,-0.326481641742867,1,1,0,0,0,1,1,0,1,1,0,1,0,1,0,0,0,0,0,0,0,1,0,0,1,0,0,0,1,0,0,0,1,0,1,0,1,1,0,0
4690,-0.677837154873859,1,1,0,0,0,1,0,0,1,1,1,0,0,0,1,0,1,1,1,0,0,1,1,0,1,0,0,0,1,1,0,0,1,0,1,1,1,0,0,1
4691,-0.402352161315348,1,1,0,0,0,1,1,1,1,0,1,0,1,0,1,1,1,0,1,0,0,0,0,1,1,0,1,1,0,1,0,0,0,0,0,0,1,1,0,0
4692,1.86205002061179,0,1,0,0,1,1,1,1,1,1,1,1,1,1,1,1,1,0,1,1,1,1,1,1,1,1,1,1,1,1,1,1,0,1,1,1,0,1,0,1
4693,-2.05402403914201,0,1,0,1,1,0,0,0,1,1,0,1,0,0,0,0,0,0,0,0,1,0,0,1,0,0,1,0,0,0,0,0,0,0,0,0,0,0,0,0
4694,-0.0266314574074337,0,0,0,1,1,1,1,0,1,1,0,0,0,1,1,1,0,0,1,0,1,1,1,0,1,0,0,0,0,0,1,0,1,0,0,1,0,0,1,1
4695,-0.805576278963819,0,1,1,0,1,1,1,0,1,1,1,1,1,1,0,0,1,1,1,0,1,0,1,1,1,0,1,1,1,1,0,0,0,1,0,0,0,0,0,0
4696,1.38403074544764,1,1,1,0,1,1,1,1,1,1,1,1,1,1,1,1,1,1,1,0,1,1,1,1,1,0,1,0,0,0,0,1,1,0,0,1,0,1,1,0
4697,-0.479810574957924,1,0,0,0,1,1,0,1,1,0,1,1,0,1,1,1,0,0,1,0,1,1,0,1,1,1,0,0,1,0,0,0,1,1,0,0,0,1,0,0
4698,-1.66168597867276,0,1,0,0,0,1,1,1,0,1,0,1,0,0,0,0,0,0,0,0,0,0,0,0,1,1,0,1,0,1,0,0,0,0,0,0,0,0,0,0
4699,-0.741989683910373,0,1,0,0,1,1,1,0,1,1,1,0,1,0,1,0,0,0,0,1,0,1,0,1,1,0,0,0,0,0,0,0,0,0,0,0,0,0,0,1
4700,-0.159992103640859,1,1,0,1,1,1,1,0,1,1,1,0,0,0,0,1,1,0,1,1,1,1,1,0,1,1,1,0,0,1,0,0,0,0,0,0,0,0,0,0
4701,0.963696373046697,1,1,0,0,1,1,1,1,1,1,1,0,1,0,0,1,1,1,1,1,1,1,0,1,1,0,0,0,0,1,1,0,1,1,1,1,1,0,1,0
4702,-0.343855312260776,0,1,1,0,0,1,1,1,1,1,0,1,0,0,0,1,1,0,1,0,0,1,0,0,1,0,1,0,0,0,0,0,0,0,0,0,0,0,1,0
4703,-1.64381811731977,0,1,0,0,0,1,1,1,0,1,1,0,0,0,1,0,0,0,0,0,1,0,1,0,1,0,1,1,1,0,0,0,0,0,1,0,1,1,0,0
4704,1.31181611957762,1,1,0,1,1,1,1,0,1,1,1,1,1,1,1,1,1,1,1,0,1,1,1,1,1,1,1,0,1,1,0,0,1,0,1,1,1,0,1,0
4705,-0.84227859901023,1,1,1,0,1,0,1,1,1,0,0,0,1,0,0,0,0,0,0,0,0,1,1,1,0,0,1,1,1,0,0,0,0,0,1,0,0,0,0,0
4706,-0.428930271137297,0,1,0,1,0,1,0,0,1,0,0,1,1,0,1,1,0,1,0,0,1,1,1,1,1,0,0,0,1,1,0,0,0,0,0,0,1,0,0,0
4707,-0.64425305482631,0,1,1,1,0,1,1,0,1,0,0,1,1,0,0,0,0,0,1,0,1,1,1,1,0,0,1,1,0,1,0,0,0,0,1,1,0,1,1,0
4708,0.852194034687409,1,1,1,1,1,1,1,0,1,1,1,1,0,1,1,1,1,0,1,0,1,1,1,0,1,0,1,0,0,0,0,1,1,1,1,1,1,0,1,0
4709,-0.554242326050435,0,1,0,0,1,1,0,0,0,0,1,0,1,0,1,1,1,0,0,0,1,1,1,0,1,1,0,1,1,1,0,0,1,0,0,0,0,1,1,1
4710,-0.229114382465003,0,1,1,0,1,1,1,1,1,0,0,0,1,0,1,1,1,0,1,1,0,1,0,1,0,0,0,1,0,1,0,0,0,0,1,0,0,1,0,0
4711,-0.891911481073585,0,1,0,1,1,1,1,0,0,0,0,0,0,0,0,1,0,0,0,0,0,1,1,0,1,1,0,0,1,0,0,0,0,1,0,0,1,1,0,1
4712,0.718117075855573,0,1,0,1,1,1,0,1,1,1,0,0,0,1,1,1,1,0,1,0,1,1,1,0,1,1,0,1,1,0,0,1,0,0,1,1,1,1,0,0
4713,0.647158637549506,0,1,0,0,1,1,1,1,1,1,1,1,1,0,1,1,1,0,1,0,0,1,1,1,1,0,1,0,1,1,0,0,1,1,0,0,1,1,0,0
4714,0.603934837515984,1,1,1,0,1,1,1,0,1,1,1,0,0,1,0,1,1,0,1,1,1,1,1,1,1,0,0,0,1,1,0,1,0,0,1,0,1,1,0,0
4715,0.376969652750047,1,0,1,0,0,1,1,0,1,1,1,1,0,1,0,1,1,0,1,1,1,1,1,1,1,0,1,0,0,1,0,1,1,0,1,1,0,1,1,0
4716,0.00311537765752691,1,1,1,1,1,1,1,0,1,1,1,1,1,0,0,1,1,1,1,1,1,1,1,1,1,0,0,0,0,0,0,1,1,0,1,0,0,1,0,0
4717,-0.564547372672512,0,1,0,0,1,1,1,0,1,1,1,0,0,1,0,1,1,0,1,0,1,1,0,0,1,0,0,1,0,1,1,0,0,0,1,0,0,0,0,0
4718,0.85569765995364,0,0,0,0,1,1,1,1,1,0,1,1,1,0,1,1,1,0,1,0,1,1,0,1,1,0,1,1,1,1,0,0,1,0,0,0,1,0,1,0
4719,-0.930314436356308,1,1,0,0,1,1,0,0,0,1,1,1,0,0,1,1,0,0,1,1,0,1,1,0,1,0,0,1,1,0,0,0,0,0,0,0,0,0,0,1
4720,0.871638833366385,1,1,0,1,1,1,1,1,1,1,1,1,0,1,1,1,1,0,1,1,1,1,1,0,0,0,1,0,0,1,1,0,1,1,1,0,1,1,1,0
4721,0.752459944852837,0,1,0,0,1,1,1,0,1,0,1,1,1,0,0,1,1,0,1,1,1,1,1,0,1,0,1,1,0,1,0,0,0,0,0,1,1,1,1,0
4722,-0.277942257478327,1,1,1,0,1,1,1,0,1,1,0,0,0,0,1,1,0,0,0,0,1,1,1,1,0,0,1,0,0,0,0,0,1,0,0,0,1,0,1,0
4723,1.01892567188208,0,1,0,0,0,1,1,1,1,0,1,0,0,0,1,1,1,1,1,0,1,1,1,0,1,0,0,0,1,1,0,1,1,1,1,1,1,0,0,0
4724,-2.34770779397039,1,1,0,0,1,0,1,0,0,1,1,0,0,1,1,1,0,0,0,0,0,0,0,0,0,0,1,0,1,0,0,0,0,0,0,0,1,1,0,0
4725,0.827059302743636,1,0,0,0,1,1,1,1,1,1,0,0,1,0,0,1,1,0,1,0,1,1,1,1,1,0,0,1,1,1,0,1,1,1,1,0,1,1,0,0
4726,0.385940448848619,0,1,1,1,1,1,1,0,1,1,0,0,0,1,1,1,1,1,1,1,1,1,1,1,1,1,0,0,1,1,0,0,0,0,1,0,0,1,0,1
4727,0.597672190296898,1,1,0,1,0,1,1,0,1,1,0,0,1,0,1,1,1,0,1,0,1,1,1,1,1,0,1,1,1,1,0,1,0,1,0,0,0,1,1,1
4728,-0.175525001160445,0,1,1,0,0,1,1,0,1,1,1,1,0,1,1,1,0,0,1,1,1,1,0,0,1,0,1,0,0,0,0,0,1,0,0,0,0,1,1,0
4729,-0.799979452592272,0,1,0,0,1,1,0,1,1,1,0,0,1,0,0,0,1,0,0,0,1,1,1,0,0,0,1,0,1,0,0,0,0,1,0,0,0,0,0,0
4730,-1.97012665389745,0,1,1,0,0,0,0,0,0,0,0,0,0,0,1,0,0,1,0,0,0,0,1,1,0,0,0,0,0,0,1,0,0,0,1,1,0,1,0,0
4731,-1.3850860295924,0,1,0,1,1,0,0,0,0,0,1,0,0,0,0,0,0,1,0,1,1,1,0,0,0,1,0,0,1,1,1,0,0,0,1,0,1,0,0,0
4732,1.4593857240123,0,1,1,1,0,1,1,1,1,0,1,1,1,1,1,1,1,0,1,0,1,1,1,1,1,0,1,0,0,1,0,1,0,0,0,1,1,1,1,1
4733,-0.00759449717858487,0,1,0,1,0,1,1,0,1,1,1,1,0,1,1,1,1,0,0,0,1,1,0,0,1,0,1,1,1,0,1,0,1,0,1,0,1,0,0,0
4734,0.694035488266221,0,1,0,0,1,1,1,0,1,0,1,1,1,0,1,1,1,0,1,0,1,1,1,1,1,0,1,1,1,0,0,1,0,0,1,0,1,1,0,1
4735,0.0934188661445756,0,0,0,1,1,1,0,1,1,1,1,0,1,1,1,1,1,0,1,0,0,1,1,0,1,1,1,0,1,1,0,0,1,1,0,0,0,1,0,0
4736,-1.8313624186112,0,0,0,0,1,0,0,0,0,0,0,1,0,0,0,0,0,0,0,0,0,0,0,0,1,0,0,0,0,0,1,0,0,0,0,0,0,0,0,0
4737,-1.82000023571867,1,0,1,1,1,0,0,1,0,1,0,0,0,0,0,0,0,0,0,0,1,0,0,0,0,0,1,0,0,1,0,0,0,0,0,1,1,0,0,1
4738,0.287966996969457,1,1,0,1,1,1,1,0,1,0,0,0,1,0,0,1,1,1,1,0,1,1,1,1,1,0,0,1,0,0,0,0,0,1,0,0,1,1,0,1
4739,-1.70084028352899,0,1,1,1,0,1,0,1,1,0,0,0,0,1,0,0,0,0,0,0,1,0,0,0,0,1,1,0,1,0,0,0,0,0,1,1,0,1,0,0
4740,-1.25312518687703,0,0,1,1,1,1,0,1,1,0,0,0,0,0,1,0,0,0,0,0,1,0,1,1,0,0,0,0,0,0,0,0,0,0,0,0,1,0,1,0
4741,-0.0541855747593356,0,1,0,0,1,1,1,0,1,0,1,0,0,1,1,0,1,1,0,0,1,1,1,0,1,0,1,1,1,1,0,0,1,0,1,0,1,1,0,0
4742,0.752085999764027,0,1,0,1,1,1,0,0,1,0,1,1,0,0,0,1,0,0,1,0,1,1,1,1,1,1,0,0,1,1,0,0,1,0,1,1,1,1,0,1
4743,-0.237619515782246,1,1,1,0,1,1,1,0,1,1,1,1,0,0,1,1,1,0,1,0,1,1,0,1,1,1,0,1,0,1,0,0,1,0,0,0,1,1,0,1
4744,-0.567088706521075,1,0,0,0,1,1,0,0,1,0,1,0,1,0,0,1,1,1,1,0,1,1,1,1,1,0,0,0,0,1,0,0,1,1,1,0,0,1,0,0
4745,0.084288735886961,1,1,0,0,1,1,1,1,1,1,1,1,1,0,1,1,1,0,1,0,0,1,0,1,1,0,0,1,0,0,0,0,0,1,1,1,0,1,0,1
4746,0.779777668776262,1,0,0,1,1,1,1,1,1,1,1,0,0,0,0,1,1,1,1,0,1,1,1,1,1,0,1,0,1,1,0,0,0,1,1,1,1,1,1,0
4747,-1.75328328955772,0,0,0,1,0,1,0,1,0,0,0,0,0,0,1,0,0,0,0,0,0,0,0,0,1,0,1,1,1,0,0,0,1,1,1,0,1,0,0,0
4748,0.941936951712399,1,1,1,0,1,1,1,1,1,1,1,1,0,1,1,1,1,1,1,0,0,1,1,1,1,0,0,1,0,0,1,0,0,1,0,0,1,1,0,0
4749,1.49969742167293,1,1,0,1,1,1,1,0,1,1,1,1,0,0,1,1,1,1,1,1,1,1,1,1,1,1,1,0,1,1,0,1,1,0,1,1,0,1,1,0
4750,0.0388601245926572,1,1,0,0,0,1,1,1,0,1,0,1,1,1,1,1,1,0,1,1,1,1,1,1,1,1,1,0,0,1,1,0,0,1,0,0,1,1,0,0
4751,1.36941753740295,0,1,0,0,1,1,1,1,1,1,1,1,0,0,1,1,1,1,1,0,1,1,0,1,1,0,1,0,1,1,0,1,1,0,0,0,0,1,0,1
4752,0.321396337412364,1,0,0,1,0,1,0,1,1,1,1,1,1,0,1,1,1,1,1,0,0,1,1,0,0,1,0,0,1,1,1,1,0,0,0,1,1,1,1,0
4753,1.33573846125619,1,0,0,1,1,1,1,1,1,0,1,1,1,1,1,1,1,1,1,1,1,1,1,0,1,0,1,0,1,1,0,1,1,1,0,1,1,1,0,1
4754,-0.629574580994901,0,1,0,1,0,1,0,1,1,1,1,0,0,1,1,1,1,0,1,0,1,1,0,1,1,0,0,0,1,1,0,0,1,0,1,0,0,1,0,0
4755,-0.652563435980236,1,0,0,1,0,1,0,0,1,1,1,0,1,0,0,1,0,0,0,0,1,1,1,0,0,0,1,0,0,0,0,0,0,0,1,1,1,1,0,0
4756,-0.0657184651132943,0,1,0,1,0,1,1,1,1,1,1,0,0,0,1,1,1,0,1,1,1,1,1,1,1,1,1,0,1,0,0,0,0,0,1,0,0,1,1,1
4757,-0.747859674070284,1,0,0,0,1,1,1,1,1,1,1,1,1,1,1,0,0,0,1,0,0,1,1,1,1,0,1,0,0,0,0,0,0,1,0,1,0,1,0,0
4758,-0.172389293135484,1,1,0,1,0,1,1,1,1,0,1,1,0,0,1,1,1,1,1,0,1,1,1,1,1,1,1,0,1,0,0,0,0,0,0,0,1,0,0,0
4759,0.0778289711239828,0,1,0,1,1,1,0,1,1,1,0,0,1,1,1,1,1,0,1,0,1,1,0,1,0,0,1,0,1,1,0,0,0,0,1,0,1,1,0,0
4760,0.753323215734582,0,0,1,1,1,1,1,1,1,1,1,0,0,0,1,1,1,1,1,0,1,1,0,0,1,1,1,1,0,0,0,1,1,1,0,0,0,1,1,0
4761,-0.269817436190065,0,1,0,1,1,1,1,1,1,1,1,0,1,0,1,1,0,0,1,0,1,1,1,1,1,0,0,0,0,1,0,0,0,0,0,1,0,1,0,0
4762,-0.0213738246631889,0,1,0,1,1,1,1,1,1,1,0,0,1,0,1,1,1,1,1,1,1,1,1,1,1,0,1,0,0,0,0,0,0,0,1,0,0,1,1,0
4763,0.479732050973107,0,1,0,1,1,1,1,1,1,1,0,1,0,0,0,1,1,1,1,1,1,1,1,1,1,1,1,0,0,1,0,0,1,1,0,0,1,0,0,0
4764,0.0334669930278299,0,0,0,0,1,1,1,1,1,1,0,1,0,0,1,1,0,0,0,0,1,1,1,1,1,0,0,0,1,0,0,0,0,1,1,1,1,1,1,0
4765,-0.837552326248114,0,1,0,0,0,1,0,0,1,1,1,1,1,0,1,1,0,0,1,1,1,1,0,1,1,0,1,0,0,0,0,0,0,0,1,0,0,0,0,0
4766,-0.483174527214076,0,0,0,0,0,1,0,0,1,1,1,0,0,1,1,1,1,1,1,1,1,1,1,1,0,0,1,0,0,0,1,0,1,1,0,0,0,1,0,0
4767,0.337988263261844,1,1,0,0,1,1,1,1,1,0,1,0,1,1,1,1,1,0,1,0,1,1,1,1,1,1,0,1,1,1,0,0,0,0,0,1,0,1,1,0
4768,0.0624798705878569,1,1,0,0,1,1,1,1,1,1,0,1,0,0,1,1,1,1,1,0,1,1,1,0,0,0,0,1,0,1,0,0,0,1,0,1,0,1,1,0
4769,-0.0333923074721295,0,0,0,0,1,1,1,1,1,1,1,0,1,1,1,1,0,0,1,0,1,1,1,1,1,1,0,1,0,1,1,0,1,0,0,0,1,0,0,1
4770,1.23759200635878,1,1,0,1,1,1,1,1,1,1,0,1,0,0,1,1,1,0,1,0,1,1,1,1,1,0,1,1,0,1,0,1,0,0,1,1,1,1,0,1
4771,0.205473364050006,1,1,0,1,0,1,1,0,1,1,0,1,0,0,1,1,1,0,1,0,1,1,1,1,1,0,1,0,0,0,0,0,0,1,0,0,1,0,0,0
4772,-0.728911713594865,0,0,0,1,1,1,1,0,0,0,1,0,0,0,0,1,1,0,1,0,0,1,1,1,1,0,0,0,1,0,0,0,0,0,1,0,0,0,1,1
4773,0.605105681041033,0,1,0,0,1,1,1,0,1,1,1,1,0,0,1,1,1,0,0,0,1,1,0,1,1,0,1,0,0,1,0,0,0,1,0,0,0,1,0,0
4774,-1.72211171365926,0,1,1,1,0,0,0,0,0,1,0,0,0,0,0,0,0,0,0,0,0,1,0,0,0,0,0,1,1,0,0,0,0,0,0,0,1,0,1,0
4775,1.03518364779187,0,1,0,0,1,1,1,0,1,0,0,1,1,0,1,1,1,1,1,1,1,1,1,1,0,0,0,1,0,1,0,0,1,1,1,1,1,1,0,0
4776,-1.30960635687605,0,0,0,0,0,0,1,0,1,1,0,1,0,0,0,0,0,0,1,1,1,1,0,0,0,0,0,0,1,0,0,0,1,0,1,0,0,0,0,0
4777,1.03077969582503,0,1,1,1,1,1,1,0,1,1,1,0,1,1,1,1,1,1,1,0,1,1,0,1,1,0,1,1,0,0,1,1,0,1,0,1,0,1,0,1
4778,-1.22333838727458,1,1,0,0,1,1,0,0,1,1,0,1,0,0,0,0,0,0,0,0,1,1,0,0,0,0,0,1,0,1,0,0,0,0,0,0,1,1,0,0
4779,0.902950704560093,1,1,1,0,0,1,0,1,0,0,1,1,1,0,1,1,1,1,1,1,1,1,1,0,1,1,1,0,1,1,0,0,0,0,1,1,1,1,0,0
4780,2.30075847453708,1,1,1,1,1,1,1,1,1,0,1,1,1,1,1,1,1,0,1,1,1,1,1,1,1,1,0,1,1,1,0,0,0,1,0,1,1,1,0,1
4781,-0.0781540180025972,1,1,1,0,1,1,1,1,1,1,0,1,1,0,1,1,1,1,1,0,1,1,1,0,1,0,0,0,1,0,0,0,1,1,0,0,1,0,0,1
4782,0.517992745606333,1,1,1,0,0,1,1,0,1,0,1,0,0,0,1,1,1,0,1,0,1,1,0,1,1,0,1,0,0,0,0,0,1,0,0,1,1,1,1,0
4783,-0.0543492036025489,1,0,1,1,1,1,1,0,1,1,1,0,1,1,1,1,1,1,1,1,1,1,0,1,1,0,1,1,0,1,1,0,0,1,0,0,1,1,0,0
4784,0.00573135336666189,0,1,0,1,1,1,1,0,1,0,1,0,0,0,1,1,1,0,1,0,0,1,0,1,1,1,1,1,0,1,0,0,0,1,0,0,0,1,0,0
4785,0.580088071805341,0,0,0,0,1,1,0,0,1,1,0,1,0,0,1,1,1,1,1,0,1,1,1,1,1,0,1,0,1,1,0,0,0,0,0,1,1,1,1,0
4786,0.332538300441147,1,0,0,0,0,1,1,1,1,1,1,0,0,0,1,1,1,1,1,0,0,1,1,1,0,1,0,1,0,0,0,0,1,0,0,1,0,1,0,0
4787,-0.816388514376413,0,1,0,0,1,1,0,0,1,1,0,1,1,0,1,0,1,1,1,0,0,0,1,1,1,0,1,0,0,1,0,1,0,1,0,1,0,0,0,1
4788,-0.162330134876689,0,0,1,1,1,1,0,0,1,0,1,1,0,1,1,1,1,0,1,1,0,1,0,1,1,0,1,0,0,0,1,0,1,1,0,1,1,1,0,0
4789,-2.34262270680668,0,0,0,0,1,0,1,0,0,0,0,0,0,1,0,0,0,0,0,0,0,0,1,0,0,0,1,1,0,1,0,0,1,1,1,1,0,0,0,1
4790,0.783283301045012,1,1,0,0,0,1,1,0,1,1,1,1,0,1,1,1,1,1,1,0,1,1,1,0,1,0,1,0,0,1,0,0,0,0,1,0,0,1,0,0
4791,-0.127917172775909,0,1,1,1,1,1,0,0,1,1,0,1,0,0,1,1,1,1,0,0,1,1,1,1,1,0,1,0,0,0,0,0,1,1,1,0,1,0,0,0
4792,-0.551097241591484,1,0,0,0,1,1,0,0,1,0,1,0,1,0,0,1,0,1,1,0,0,1,0,1,1,0,1,0,0,1,0,0,0,1,0,1,0,1,0,1
4793,-0.359155766117284,0,1,0,0,1,1,0,0,1,1,1,1,0,0,1,1,0,1,1,0,1,1,1,1,1,1,0,1,1,0,0,0,1,0,1,0,1,1,0,1
4794,1.23697529170742,1,1,0,1,0,1,1,0,1,1,1,1,1,0,1,1,1,0,1,1,1,1,0,1,1,0,1,0,0,1,0,1,1,1,1,0,1,0,0,0
4795,-1.69948239605767,1,0,0,0,1,0,1,1,0,0,0,1,0,0,1,0,0,0,0,0,1,0,1,0,0,0,1,0,0,1,1,0,1,0,1,1,0,0,0,0
4796,0.942950680603739,0,1,0,1,1,1,1,1,1,1,1,0,0,1,1,1,1,0,1,1,1,1,1,1,0,1,1,0,0,0,0,1,0,0,0,1,1,1,0,1
4797,-2.27523922025742,0,0,0,0,1,0,1,0,0,0,1,0,0,0,0,0,0,1,0,0,0,0,1,0,1,0,0,0,0,0,0,0,0,0,0,0,1,1,0,0
4798,0.0382094213926846,1,1,0,0,1,1,1,0,1,0,0,0,0,1,1,1,1,1,1,0,0,1,1,0,0,0,0,0,0,0,0,0,0,0,0,0,1,0,1,0
4799,-0.308023435582104,0,1,0,0,0,1,0,1,1,1,0,1,0,0,1,1,1,1,1,0,1,1,1,1,1,1,1,0,0,1,0,0,0,0,0,0,1,0,0,0
4800,-0.34664299652332,0,1,0,0,1,1,0,0,1,0,0,1,0,1,0,1,0,1,1,1,1,1,0,0,1,0,0,0,0,0,0,0,0,0,1,0,1,0,1,0
4801,0.78749363904811,1,0,0,0,1,1,1,1,1,1,0,1,0,1,1,1,1,1,1,0,1,1,1,1,1,0,1,1,0,0,0,0,0,1,1,1,1,1,0,1
4802,1.07776500455244,0,0,1,1,1,1,1,0,1,1,0,1,0,0,1,1,1,0,1,1,1,1,1,1,0,1,0,1,1,0,1,1,1,1,1,0,1,1,0,1
4803,0.523986253250275,0,1,1,0,0,1,1,1,1,1,1,1,0,1,1,1,1,0,1,1,1,1,1,1,1,0,1,0,0,1,0,0,1,1,0,0,0,0,0,1
4804,-1.20244696233316,0,1,0,0,1,1,1,0,0,0,1,0,0,0,1,1,0,0,0,0,1,1,1,0,0,1,0,0,0,1,0,0,0,0,0,0,0,0,0,0
4805,0.887775257803462,1,0,0,0,1,1,1,1,1,1,0,1,0,0,0,1,1,1,1,0,1,1,0,1,1,0,1,0,1,1,1,1,1,1,1,0,0,1,0,0
4806,-0.560471784121198,0,1,0,0,0,1,0,0,1,0,0,1,0,0,1,1,1,1,0,0,1,1,1,1,0,1,0,1,0,1,0,0,1,1,0,1,0,1,0,1
4807,0.443996623244176,0,0,1,0,1,1,1,1,1,1,0,1,0,0,0,1,1,0,1,0,0,1,0,1,0,0,1,1,0,1,0,0,1,0,0,1,0,1,0,0
4808,-0.914401191301013,0,0,0,0,0,1,0,1,1,1,1,0,1,0,1,0,0,1,0,0,1,0,1,0,1,0,1,0,0,1,0,0,0,0,1,0,1,1,0,1
4809,0.612975135068274,1,0,1,0,1,1,1,1,1,1,1,0,1,0,1,1,1,0,1,1,1,1,1,0,1,1,1,0,1,0,0,1,0,0,1,0,0,0,0,0
4810,-1.53588573003261,0,0,0,0,1,1,1,0,0,1,0,0,0,0,0,0,1,1,0,1,1,0,0,0,1,0,0,0,1,1,0,0,0,0,0,0,0,1,0,0
4811,-0.633381877681362,0,1,0,1,1,1,1,1,1,0,1,0,0,0,1,1,1,0,0,1,0,1,0,1,1,0,1,0,0,0,0,0,0,1,0,0,0,1,1,0
4812,0.906196583480331,1,1,0,0,1,1,1,1,1,1,1,1,1,0,1,1,1,0,1,1,1,1,1,1,1,1,1,1,0,1,0,1,0,1,0,0,1,0,0,0
4813,0.985475733708006,1,1,1,0,1,1,1,0,1,0,1,1,0,0,1,1,1,1,1,0,1,1,1,1,1,0,1,1,1,1,0,1,1,1,0,0,1,1,1,0
4814,0.299382789866213,1,1,0,0,1,1,0,0,1,1,1,0,1,1,0,1,1,0,1,0,1,1,1,0,0,1,0,1,1,1,0,0,1,0,0,0,0,1,0,0
4815,-0.317504017915678,0,1,1,1,1,1,0,0,1,0,1,1,0,0,0,1,1,0,1,0,1,1,0,1,0,0,0,1,0,1,0,0,1,0,0,0,1,1,0,1
4816,1.13011239505302,0,1,1,0,1,1,1,0,1,1,1,1,1,0,1,1,1,0,1,0,1,1,1,1,1,1,1,0,1,0,0,1,0,0,0,1,0,1,1,0
4817,-0.226253953090555,1,0,0,0,1,1,1,0,1,1,0,1,0,0,1,1,1,0,1,0,1,1,0,0,1,0,0,1,1,1,0,0,0,1,1,0,0,0,1,0
4818,0.681058710165916,1,1,0,1,1,1,1,0,1,1,0,0,0,0,1,1,1,1,1,0,1,1,1,1,1,1,1,0,0,0,0,0,0,0,0,1,1,1,1,0
4819,1.45434718525658,1,1,0,1,1,1,1,0,1,0,1,0,1,0,0,1,1,0,1,0,1,1,1,1,1,1,0,1,1,1,0,1,0,0,1,1,0,1,0,0
4820,0.204887433851213,1,1,0,0,1,1,1,1,1,1,1,0,1,0,1,1,1,1,1,1,1,1,1,1,1,0,1,0,1,1,0,0,1,0,1,0,0,1,0,0
4821,0.168301995276686,0,1,0,1,0,1,1,1,1,0,1,1,0,0,1,1,1,1,1,1,1,1,1,0,1,0,0,0,0,1,1,0,1,0,1,0,0,1,0,1
4822,0.259169383401477,0,1,0,1,1,1,1,1,1,0,0,0,0,0,0,1,1,1,1,0,1,1,0,1,1,0,0,1,0,0,0,0,1,1,1,0,1,0,1,0
4823,0.335387588987079,0,1,1,0,1,1,1,1,1,1,1,1,0,1,1,1,1,1,1,1,1,1,1,0,0,0,0,1,1,1,0,0,0,0,1,0,1,1,0,0
4824,1.06444766415592,1,1,0,1,0,1,1,1,1,1,1,1,0,0,1,1,1,0,1,1,1,1,0,1,1,1,1,1,1,1,1,1,0,0,1,0,0,1,1,0
4825,-0.0260575441831989,1,0,0,1,1,1,0,0,1,0,0,0,0,0,0,1,1,0,1,0,1,1,0,0,1,0,1,0,1,1,1,0,1,0,0,0,0,1,0,0
4826,0.648009659904408,0,1,0,1,1,1,1,1,1,0,1,1,1,1,0,1,1,1,1,0,1,1,1,1,0,1,1,1,1,0,0,1,0,0,1,1,0,1,0,0
4827,0.474174136597925,0,1,0,1,1,1,1,0,1,1,1,1,0,1,1,1,1,1,1,1,1,1,0,1,1,1,0,1,0,1,0,0,0,1,1,1,1,1,1,1
4828,-0.186393510659025,0,1,0,0,1,1,1,0,1,0,0,0,0,0,0,1,1,1,0,0,0,1,0,1,1,0,1,0,0,0,1,0,0,0,1,0,1,0,0,1
4829,1.14476493569543,0,1,0,1,1,1,1,1,1,1,1,1,1,1,1,1,1,1,1,1,1,1,0,1,1,0,0,1,1,0,0,1,1,1,0,0,1,0,0,0
4830,-0.368828695539152,0,1,0,1,0,1,0,0,1,1,0,0,0,0,1,1,1,1,1,0,1,1,0,1,1,0,0,0,1,0,0,0,1,0,0,0,0,0,1,1
4831,1.12219559018253,1,1,0,1,1,1,1,1,1,0,1,1,1,1,1,1,1,1,1,0,1,1,1,1,1,0,1,1,1,0,0,1,0,1,1,0,0,0,0,0
4832,-0.371806473668054,1,1,0,0,0,1,1,1,1,1,0,1,0,0,0,1,1,0,1,0,1,1,1,1,1,1,0,0,0,0,0,0,1,0,0,0,1,0,0,0
4833,-0.923989122560407,0,1,1,1,1,1,1,0,0,0,1,1,0,0,1,1,0,0,0,0,1,1,1,0,0,0,0,0,0,1,1,0,0,0,1,0,0,0,0,0
4834,-0.229072887673361,0,1,0,1,1,1,0,0,1,1,1,1,0,1,1,1,0,0,1,1,0,1,1,1,0,1,1,1,1,1,0,0,0,0,1,1,0,0,0,0
4835,0.793757658838426,1,0,0,0,1,1,1,1,1,1,0,0,0,1,1,1,1,0,1,0,1,1,0,1,1,0,1,0,1,1,0,1,1,0,1,1,1,1,1,0
4836,1.47847779087872,1,0,0,0,0,1,0,0,1,0,0,1,0,0,1,1,1,1,1,0,0,1,1,1,1,0,1,0,1,1,0,1,1,0,1,0,1,1,1,1
4837,-1.06809740844547,0,1,0,0,0,1,1,1,0,0,1,1,0,1,1,0,0,0,1,0,1,1,0,0,0,0,0,1,0,0,0,0,1,0,1,0,0,0,0,0
4838,0.667743147476856,0,0,0,0,1,1,0,1,1,1,1,1,1,1,0,1,1,0,1,1,0,1,0,1,0,1,1,0,0,0,1,1,1,0,1,1,1,1,1,1
4839,-1.41711876754435,1,1,0,0,0,1,0,0,1,1,1,1,0,0,0,0,0,0,1,0,1,0,0,0,1,0,0,1,0,0,0,0,1,0,0,0,0,0,1,1
4840,-1.0117980180171,0,0,0,1,0,1,0,0,1,1,1,0,0,0,1,0,0,1,1,1,1,1,0,0,0,1,0,0,0,0,0,0,1,0,0,0,0,1,0,0
4841,0.146488165505583,1,1,0,1,1,1,1,1,1,0,0,1,1,0,1,1,1,0,1,0,1,1,0,0,1,0,0,0,1,0,0,1,0,0,1,0,1,1,0,0
4842,0.563956562487631,0,1,0,1,0,1,1,1,1,0,1,0,1,1,1,1,1,0,1,0,1,1,1,1,1,0,1,1,1,1,0,1,1,0,0,0,1,0,1,0
4843,-1.48684668397791,0,0,0,0,0,1,1,0,0,0,1,1,0,0,0,0,0,0,0,0,0,0,1,0,1,0,1,0,0,1,0,0,0,0,0,0,1,0,0,0
4844,-0.144042175017767,0,1,0,0,1,1,1,1,1,0,1,0,1,0,1,1,1,0,1,0,1,1,0,1,1,1,1,0,0,1,0,0,0,1,0,0,1,0,1,1
4845,-1.02757607722113,0,0,1,0,1,0,1,0,1,0,1,0,0,0,1,0,0,1,0,0,1,1,0,0,1,0,1,1,0,0,1,0,1,0,1,1,1,1,0,0
4846,-1.09603710152277,0,0,0,0,1,0,0,1,0,1,1,1,0,1,0,0,0,0,1,1,1,1,1,1,1,0,1,1,0,0,0,0,0,0,1,0,0,0,0,0
4847,-0.567223396737892,0,0,0,0,1,1,1,0,1,0,1,1,0,0,0,1,0,0,0,0,0,1,1,0,1,0,0,1,0,1,0,0,0,0,1,0,1,1,0,0
4848,-0.332622684782295,1,1,0,1,1,1,1,0,1,0,0,1,0,0,1,0,0,1,1,0,1,1,1,0,1,0,0,0,1,1,0,0,0,0,0,1,0,0,0,0
4849,1.21886025330173,1,1,0,0,0,1,1,1,1,1,1,1,1,0,1,1,1,1,1,0,0,1,1,1,0,0,1,0,1,1,0,1,1,0,0,1,0,1,0,0
4850,0.667283787971167,0,0,0,0,1,1,1,1,1,0,1,1,0,1,1,1,1,0,1,1,1,1,0,0,0,0,1,0,1,1,0,0,0,0,0,1,1,1,0,0
4851,-0.210749425431452,1,0,0,1,0,1,0,1,1,1,1,1,0,0,0,1,0,0,1,0,1,1,1,1,0,1,1,1,1,1,0,0,0,0,1,1,1,0,1,1
4852,0.879695646238101,1,0,1,1,1,1,1,1,1,1,1,1,0,1,0,1,1,0,1,1,0,1,1,1,1,0,1,0,1,1,0,1,0,0,0,0,1,1,0,0
4853,-0.031626735581014,1,1,1,0,0,1,1,0,1,1,1,1,0,0,0,1,1,1,1,0,1,1,1,0,1,0,1,0,1,0,0,0,0,1,1,1,0,1,1,1
4854,1.0198902937091,1,1,0,1,0,1,1,0,1,1,0,1,1,0,1,1,1,0,1,0,0,1,1,1,0,0,0,1,1,0,0,0,1,1,1,1,1,1,1,0
4855,0.596844209982068,0,1,0,1,1,1,1,1,1,1,1,1,0,1,1,1,1,0,1,0,1,1,0,1,1,0,1,0,1,1,0,1,0,1,1,1,0,1,0,1
4856,0.674460642259193,1,1,0,0,1,1,1,0,1,1,1,0,1,0,1,1,1,1,1,1,1,1,1,1,1,0,1,1,1,1,0,0,1,1,0,1,1,1,1,0
4857,0.560805893513867,1,0,1,0,0,1,1,0,1,1,0,1,0,1,1,1,1,0,1,1,1,1,0,1,1,0,0,0,0,1,0,0,0,1,0,0,1,0,1,0
4858,0.830031697100929,1,1,1,0,1,1,1,0,1,0,0,1,0,0,1,1,1,0,1,0,1,1,1,1,1,1,1,0,1,0,0,0,0,0,0,0,1,1,1,0
4859,-0.288601341728292,1,0,0,0,1,1,1,0,1,0,0,1,0,0,1,1,0,1,1,0,1,1,1,1,1,0,1,1,0,0,0,0,0,0,1,1,1,1,0,1
4860,0.644161415734878,1,0,0,0,0,1,1,1,1,0,1,1,1,0,0,1,1,1,1,0,0,1,1,0,1,1,1,1,1,0,0,0,1,0,1,0,0,0,1,1
4861,-1.83138958628848,0,1,1,0,0,0,1,0,0,1,1,1,1,0,0,0,0,0,1,0,0,0,0,0,1,0,0,0,1,0,0,0,0,1,1,0,0,1,0,0
4862,1.69826351502205,1,1,0,0,0,1,1,0,1,1,1,0,1,0,1,1,1,1,1,0,0,1,0,1,1,0,1,0,1,1,1,1,0,0,0,1,1,1,0,0
4863,-0.563913280372468,0,1,0,0,0,1,1,0,1,1,1,0,0,0,1,0,0,1,0,0,1,1,0,1,0,0,1,0,1,0,0,0,0,0,0,0,0,1,0,0
4864,0.641707984093769,1,0,0,0,1,1,1,1,1,0,1,0,1,0,0,1,1,1,1,0,1,1,0,1,1,0,0,0,1,0,0,0,1,1,0,1,1,1,0,0
4865,0.41310200829416,1,1,1,0,1,1,1,1,1,1,1,1,1,0,1,1,1,0,1,0,1,1,1,0,1,1,1,1,0,1,0,0,1,1,0,0,1,1,1,0
4866,1.56184044031038,1,0,0,1,1,1,1,1,1,1,1,1,0,1,1,1,1,0,1,0,1,1,0,1,1,0,1,0,1,1,0,1,1,0,1,1,1,1,0,1
4867,1.05831878255427,1,1,1,1,1,1,1,1,1,1,1,0,1,1,1,1,1,1,1,0,1,1,1,1,1,0,1,1,1,0,0,0,0,0,1,0,1,1,0,0
4868,0.305426567761043,0,0,0,1,1,1,1,1,1,0,1,0,0,1,0,1,1,1,1,0,1,1,1,1,1,0,1,0,0,1,0,0,0,0,0,1,0,0,0,1
4869,-1.62800549817161,0,0,0,1,1,1,1,0,0,1,1,0,0,0,1,0,0,0,0,1,1,1,0,1,0,0,0,1,0,0,0,0,0,0,0,0,1,0,0,0
4870,0.0943555728296031,1,1,0,0,0,1,1,1,1,1,0,1,0,1,0,1,1,0,1,1,1,0,0,1,0,1,0,0,1,1,0,1,1,0,0,1,1,0,1,0
4871,1.38403074544764,1,1,0,1,0,1,1,1,1,1,1,1,0,0,0,1,1,0,1,1,1,1,0,1,1,0,0,0,1,0,1,1,1,1,1,0,1,1,1,1
4872,0.186350484860016,0,0,0,0,0,1,1,1,1,1,1,0,0,1,1,1,1,0,1,0,0,1,1,1,1,0,0,0,1,0,1,0,1,0,1,0,0,1,0,1
4873,-0.545553441468484,1,1,0,0,1,1,1,0,1,1,0,1,0,0,0,1,0,0,1,1,0,1,1,1,1,0,1,1,0,1,0,0,1,0,0,0,0,0,0,0
4874,0.945172822228226,0,1,0,1,1,1,1,1,1,1,1,1,0,1,0,1,1,1,1,1,1,1,1,1,1,1,1,0,1,1,1,0,1,0,0,1,1,1,1,1
4875,0.11788973966104,0,1,1,0,1,1,1,1,1,0,1,1,0,0,0,1,1,1,1,1,0,1,1,0,1,0,1,1,1,0,0,0,1,0,1,1,1,1,0,1
4876,2.10221907520925,1,0,1,1,0,1,1,1,1,1,1,1,0,0,1,1,1,0,1,0,1,1,0,1,1,1,1,1,1,1,1,1,0,1,1,1,1,0,1,1
4877,0.226330980768994,1,1,1,1,1,1,1,0,1,1,1,0,0,0,1,1,1,1,1,1,1,1,0,1,0,0,0,0,0,0,1,0,0,0,0,1,1,1,0,0
4878,0.90295744866095,1,1,0,0,0,1,1,0,1,1,1,1,1,1,0,1,1,0,1,1,1,1,0,1,1,0,0,1,1,1,0,1,1,1,1,1,1,1,0,1
4879,0.425443873989118,1,1,1,1,1,1,1,1,1,1,0,1,0,1,1,1,1,0,1,0,1,1,1,1,1,1,1,1,1,1,1,0,1,1,1,0,1,0,1,0
4880,1.15032746441129,1,1,0,0,1,1,0,1,1,1,0,0,0,0,1,1,1,0,1,0,1,1,1,0,1,0,1,0,1,1,1,0,0,0,1,0,1,1,0,1
4881,-0.0366272855787696,0,0,0,1,1,1,1,1,1,1,1,1,0,0,1,1,0,0,1,1,0,1,1,0,1,0,0,1,0,1,0,0,1,0,1,0,0,0,0,0
4882,1.36227145257684,0,1,0,1,1,1,1,1,1,1,1,1,0,0,1,1,1,0,1,1,1,1,1,0,0,1,0,1,1,1,0,1,1,0,0,1,1,1,0,0
4883,-0.378935325809251,1,0,0,1,1,1,0,0,1,1,0,1,0,0,1,0,0,1,0,0,1,1,1,0,0,1,1,0,1,1,0,0,0,0,0,0,1,1,1,0
4884,0.0340011896106288,0,0,0,0,0,1,0,0,1,1,0,1,1,1,1,1,1,0,1,0,1,1,0,1,1,0,1,0,1,1,0,0,1,1,0,0,0,0,1,0
4885,0.604709935408225,1,1,0,1,1,1,1,1,1,0,1,1,1,0,0,1,1,1,1,0,1,1,0,1,0,1,0,1,1,1,1,0,0,1,1,0,1,0,1,0
4886,1.01988175548559,1,1,0,0,0,1,1,1,1,1,1,1,1,1,0,1,1,1,1,0,1,1,1,1,1,1,0,1,1,1,1,0,0,0,0,0,1,1,0,0
4887,-0.805625180005724,0,0,0,0,0,1,1,0,1,0,0,0,0,0,0,0,0,0,1,0,0,1,1,0,1,0,1,0,1,1,0,0,1,0,0,1,1,0,0,1
4888,0.755318395135365,1,1,0,0,1,1,0,0,1,0,1,1,0,0,0,1,1,1,1,0,1,1,0,1,1,0,0,0,1,1,0,0,0,0,1,1,1,1,1,1
4889,-0.8613383752147,1,1,0,0,1,1,0,0,1,0,1,1,0,0,1,1,0,0,1,1,1,1,1,0,1,0,1,1,1,0,0,0,1,0,1,0,0,1,0,0
4890,-0.98554297968523,0,0,0,1,1,1,0,0,1,0,0,1,0,0,1,0,0,0,1,0,1,1,0,1,1,1,0,1,1,1,0,0,0,1,0,0,0,1,0,0
4891,-0.407844536543289,1,1,0,0,0,1,1,1,1,1,0,1,0,0,1,1,0,0,1,0,1,1,0,0,0,0,0,0,0,0,1,0,0,0,0,0,1,1,0,1
4892,-1.22446654074945,0,0,0,1,0,1,0,1,0,1,0,1,1,0,1,0,0,1,0,0,0,0,0,1,0,0,1,0,1,1,0,0,0,0,0,0,1,1,0,0
4893,1.24064367211097,1,1,1,0,1,1,1,1,1,1,1,1,0,0,1,1,1,1,1,1,1,1,1,1,1,1,1,1,1,1,1,1,1,1,0,1,1,1,0,0
4894,-0.704953982931344,1,0,0,1,1,1,1,0,0,0,1,0,0,0,1,0,1,0,1,1,0,1,0,0,1,0,0,0,1,0,1,0,1,1,0,0,1,1,0,0
4895,0.603934837515984,1,0,1,0,1,1,1,1,1,0,0,1,1,1,1,1,1,1,1,1,1,1,0,1,1,0,1,1,1,1,0,0,0,1,1,0,1,0,1,0
4896,0.482485380009244,0,0,0,0,1,1,1,0,1,1,1,1,0,0,1,1,1,1,1,1,1,1,0,1,1,0,1,1,0,0,0,0,0,0,1,0,0,1,1,0
4897,-1.0676736969931,0,0,0,0,0,1,0,0,1,0,0,1,0,0,1,0,0,0,0,0,1,0,0,1,1,0,1,0,0,1,1,0,0,0,0,0,1,0,0,0
4898,1.655791930428,1,0,0,0,1,1,0,1,1,1,1,0,1,0,1,1,1,1,1,1,1,1,1,0,1,0,1,0,1,0,0,1,1,0,0,1,0,0,1,1
4899,-0.154077234677715,0,1,0,1,1,1,1,1,1,1,1,0,0,0,0,1,0,1,1,1,1,1,1,1,1,0,1,0,0,1,0,0,1,0,1,1,1,0,0,1
4900,-1.28934529494582,0,0,0,1,1,1,0,0,0,1,0,0,0,0,0,1,0,1,0,0,1,1,0,0,1,0,0,0,0,1,0,0,0,0,0,0,1,1,0,1
4901,-0.29056581327433,1,0,0,1,1,1,1,1,1,1,0,1,0,0,1,1,1,1,1,0,1,1,0,1,0,0,0,1,0,0,0,0,1,1,1,1,1,0,0,0
4902,-1.02647428005861,0,1,0,1,1,0,0,1,1,1,1,1,0,0,1,0,1,0,1,0,1,1,1,1,1,1,1,0,0,1,0,0,1,0,0,0,0,1,0,0
4903,1.03990961808198,1,1,1,0,0,1,0,1,1,0,1,1,0,0,1,1,1,1,1,0,1,1,1,1,1,1,1,0,1,1,0,0,0,1,1,0,1,1,0,1
4904,-1.09722343014571,1,1,0,0,0,1,0,0,1,1,0,1,0,0,1,0,1,0,1,0,0,1,1,1,1,0,1,0,1,1,0,0,0,0,1,0,1,0,1,0
4905,0.346296352762018,0,1,1,0,1,1,1,0,1,0,1,1,0,1,1,1,1,1,1,1,1,1,0,0,1,0,0,1,1,1,1,0,0,1,0,1,1,0,0,1
4906,-0.720321470287179,0,1,0,1,1,1,1,1,1,1,1,0,1,0,0,0,0,0,1,0,1,1,0,0,1,0,1,0,0,0,0,0,1,1,0,0,1,1,0,1
4907,-0.772622017819849,0,1,1,0,1,1,1,0,1,0,0,0,0,1,1,0,1,0,1,0,1,0,1,1,1,0,0,1,1,0,0,0,0,1,1,0,1,1,0,0
4908,-1.31860823724512,0,1,0,0,0,0,0,0,0,1,1,1,0,0,1,0,1,0,0,0,1,0,0,0,1,0,0,0,0,0,0,0,0,0,0,0,0,0,0,0
4909,0.575213189067055,1,1,0,0,1,1,1,1,1,1,0,1,0,0,1,1,1,0,1,0,1,1,1,1,1,1,1,1,1,1,1,1,0,1,0,0,0,1,0,0
4910,-0.0997150830929296,1,0,0,0,1,1,1,0,1,1,1,1,0,0,0,1,1,0,1,0,1,1,0,1,1,1,1,1,0,1,1,0,0,0,1,0,0,0,1,1
4911,0.13062814571546,1,0,1,1,0,1,1,1,1,0,1,1,0,0,1,1,1,0,1,0,0,1,0,1,1,0,1,1,0,1,0,0,1,0,0,1,0,0,0,0
4912,-1.93908134852851,0,0,0,1,0,1,0,1,0,1,0,0,0,0,1,0,0,0,0,0,1,1,1,0,0,0,1,0,1,1,0,0,1,0,1,1,1,0,0,1
4913,1.01892567188208,1,1,0,0,1,1,0,1,1,0,1,1,0,0,1,1,1,0,1,1,0,1,1,1,1,0,0,0,1,0,1,0,1,1,0,0,1,1,1,0
4914,-0.894794875216532,1,1,0,1,1,1,1,1,1,1,0,1,0,0,1,1,0,0,0,0,1,1,1,0,0,0,0,1,1,1,0,0,0,0,0,0,0,1,1,0
4915,-2.34770779397039,1,1,0,0,0,0,1,0,0,0,1,1,0,0,0,0,0,0,0,0,1,0,1,0,1,0,0,0,1,0,0,0,0,0,0,0,0,0,0,0
4916,-0.662013303653097,1,0,0,0,0,1,1,0,1,1,1,0,0,0,1,0,0,1,1,0,1,1,0,1,1,0,0,0,0,0,0,0,0,0,0,0,1,0,0,0
4917,0.648226336098249,1,1,0,1,1,1,1,1,1,0,1,1,0,0,1,1,1,1,1,1,1,1,1,0,1,1,1,0,1,0,1,1,0,1,0,0,0,1,1,0
4918,0.765027787456121,1,1,0,0,0,1,1,0,1,1,1,1,1,0,1,1,1,0,1,0,1,1,1,1,1,0,0,0,0,1,0,1,0,1,1,1,1,0,1,0
4919,-0.861754143546566,0,0,1,0,0,1,1,0,1,1,1,0,1,0,0,1,1,1,0,0,1,0,0,1,1,0,0,1,0,0,0,0,0,0,0,0,0,1,0,0
4920,-1.31743609343675,0,0,0,1,0,1,1,1,1,0,1,0,0,0,1,1,0,0,0,1,0,0,0,0,0,1,0,0,0,0,0,0,0,0,1,0,0,1,0,0
4921,-0.37631126964873,0,0,0,1,1,1,0,0,1,0,0,1,0,1,1,1,0,1,1,0,1,1,0,1,1,0,0,1,1,1,0,0,1,0,1,0,0,0,1,0
4922,-0.0148300319983671,1,0,1,0,0,1,1,0,1,1,0,0,0,0,0,1,1,1,1,1,0,1,0,1,0,1,1,1,0,1,0,0,0,0,1,1,0,1,0,0
4923,1.03167993302223,1,1,0,0,1,1,1,0,1,0,1,1,0,0,0,1,1,1,1,1,1,1,1,1,1,0,1,1,1,1,0,1,0,1,1,0,1,1,1,1
4924,-0.588253602868694,1,1,1,0,0,1,1,1,1,0,0,0,0,0,1,1,1,0,0,1,1,1,1,1,1,0,0,1,1,1,0,0,0,0,0,0,1,1,0,0
4925,0.195920030013664,0,1,0,1,1,1,1,1,1,1,1,0,1,1,0,1,1,1,1,0,1,1,1,1,0,0,0,1,0,0,0,0,1,0,0,1,1,1,1,0
4926,-0.296449241664921,1,1,0,1,1,1,0,0,1,0,1,0,0,0,1,1,1,0,1,0,1,1,1,0,1,0,0,0,1,1,0,0,1,0,1,0,1,0,0,0
4927,-1.3850860295924,1,1,0,1,1,0,0,0,1,0,0,0,0,0,0,0,0,0,0,0,1,0,1,1,0,0,1,0,0,1,0,0,1,0,0,0,1,1,0,0
4928,-0.310538397848883,0,0,0,0,1,1,0,0,1,0,0,1,0,0,0,1,1,0,1,0,1,1,0,1,0,0,0,1,1,1,0,0,1,0,0,0,0,1,0,0
4929,-0.793703406628321,1,0,0,1,1,1,1,0,0,0,1,0,0,1,1,1,0,0,1,1,1,1,1,1,1,0,0,1,0,0,0,0,0,0,0,0,0,1,0,0
4930,1.70924091224792,1,1,1,1,0,1,1,0,1,1,1,0,0,1,1,1,1,0,1,1,1,1,1,1,1,0,1,1,1,1,0,1,1,1,1,1,0,0,1,0
4931,-1.0966998580987,0,1,0,0,0,1,0,0,0,0,0,1,0,0,0,0,0,0,0,0,0,1,0,0,1,0,1,0,0,0,0,0,0,0,0,1,1,0,0,0
4932,-1.49310907910626,0,1,0,1,1,0,0,0,0,0,0,0,0,1,1,0,0,0,0,0,1,1,1,1,0,0,1,0,0,0,0,0,0,0,1,0,0,0,0,1
4933,0.318028478127152,0,1,1,1,1,1,1,1,0,1,1,1,1,0,1,1,1,0,1,0,1,1,0,1,1,0,0,1,0,1,0,0,0,1,0,0,1,0,0,0
4934,-2.27199325648917,0,1,0,0,0,0,0,0,1,1,0,1,0,1,0,0,0,0,0,0,0,0,0,0,0,1,0,1,1,0,0,0,1,0,0,0,1,1,0,0
4935,-0.841460881664457,0,1,0,1,0,1,0,1,0,1,0,1,0,0,0,0,0,1,0,0,1,1,0,0,1,0,1,0,0,0,0,0,0,0,0,0,0,1,0,0
4936,1.40264016628121,1,1,1,1,1,1,1,1,1,1,1,1,0,1,1,1,1,0,1,0,0,1,1,0,1,1,1,1,0,1,0,1,1,0,1,1,1,0,1,1
4937,-0.0466328354171463,1,1,0,0,1,1,1,1,1,0,0,1,0,1,1,1,1,1,1,1,1,1,1,0,1,1,1,0,1,1,1,0,1,0,1,0,0,0,0,0
4938,0.123875274826248,0,1,0,1,0,1,0,0,1,1,1,1,1,1,1,1,1,0,1,1,1,1,1,0,0,1,1,1,0,1,0,0,0,1,0,1,0,0,0,0
4939,0.600607484767144,0,1,0,1,1,1,0,1,1,1,0,1,1,0,1,1,1,0,1,0,1,1,0,1,1,0,1,1,0,1,0,0,0,0,0,0,0,0,1,1
4940,-0.0628756109810516,1,1,0,0,1,1,1,0,1,0,1,0,1,0,0,0,1,0,1,0,0,1,1,1,0,0,0,0,0,1,0,0,0,1,1,1,0,0,1,0
4941,-0.125427898262002,1,0,0,0,1,1,0,0,1,0,1,1,0,1,0,1,0,0,1,0,1,1,0,1,0,1,0,0,1,0,0,0,1,0,1,0,0,0,1,1
4942,-0.0811026101669811,1,1,1,1,0,1,1,1,1,1,1,0,0,0,1,1,0,1,1,0,0,1,0,0,1,0,0,0,0,0,0,0,1,1,0,0,1,1,1,0
4943,-1.90956051610433,1,1,0,0,0,0,1,1,0,0,1,1,0,0,0,0,0,1,0,0,1,0,1,0,0,0,0,0,1,0,0,0,0,0,0,0,1,1,0,0
4944,-0.128790507508744,0,1,0,1,1,1,1,0,1,1,1,1,1,0,0,1,1,1,1,1,1,1,0,0,1,0,1,0,0,0,1,0,0,1,0,0,1,1,0,0
4945,-0.368521662882383,1,0,1,0,1,1,1,0,1,1,1,1,0,0,0,1,0,0,0,1,1,1,1,1,0,0,0,0,1,1,0,0,1,0,0,0,0,0,0,0
4946,0.385934981347943,1,0,0,1,1,1,1,1,1,1,1,0,1,0,1,1,1,1,1,0,1,1,0,0,1,0,1,0,0,0,0,0,1,1,1,0,1,1,0,1
4947,0.918885155947878,1,1,0,1,1,1,1,1,1,1,0,1,0,0,1,1,1,1,1,1,1,1,1,1,0,0,1,0,1,1,0,0,1,1,0,1,1,1,1,0
4948,0.63031921522818,1,0,1,0,1,1,1,0,1,0,0,1,0,0,1,0,1,1,1,0,1,1,1,0,1,1,0,0,0,1,1,0,0,0,0,0,1,0,1,0
4949,1.95975058759002,1,0,1,1,1,1,1,0,1,1,1,0,0,0,1,1,1,0,1,1,1,1,1,1,1,1,1,1,1,0,1,1,0,1,1,1,1,1,1,1
4950,0.11445945502062,1,0,0,0,1,1,0,0,1,1,1,0,0,0,1,1,1,0,0,0,0,1,0,1,1,0,1,0,0,0,0,0,0,1,0,0,1,0,0,1
4951,-0.349672263064669,0,0,0,0,0,1,1,0,1,1,1,0,0,0,1,1,0,0,1,0,1,1,1,1,1,1,0,0,0,1,0,0,0,0,0,0,1,0,1,0
4952,-0.0514393334067941,1,1,0,1,1,0,1,1,1,1,1,0,1,0,0,1,1,1,1,1,1,1,1,0,0,1,0,0,0,0,0,0,1,0,1,1,0,1,0,0
4953,-0.315523468174295,1,0,0,0,1,1,0,0,1,0,1,1,0,0,0,1,1,1,1,0,0,1,0,0,0,0,1,0,0,1,0,0,1,0,0,1,0,1,0,0
4954,0.926982547743537,1,1,1,0,1,1,1,0,1,1,0,1,0,0,1,1,1,1,1,1,1,1,1,1,0,0,1,0,0,1,0,1,0,0,0,1,1,1,1,0
4955,-0.920259026556937,1,1,1,1,1,1,1,0,1,0,1,0,1,0,1,0,1,0,1,1,1,1,0,1,1,0,0,0,0,0,0,0,0,0,0,0,0,0,0,0
4956,-0.629977200785162,0,0,0,0,0,1,0,0,1,0,0,1,0,0,0,1,1,0,1,0,1,1,1,1,1,1,0,0,0,1,0,0,0,0,1,0,1,0,0,0
4957,0.458702457555478,1,0,0,0,0,1,1,1,1,1,0,1,0,0,0,1,1,1,1,1,0,1,0,1,1,0,1,0,0,0,0,0,0,0,1,0,1,1,0,0
4958,-1.22333838727458,0,0,0,0,1,1,1,0,0,0,0,1,0,0,0,0,0,0,0,0,0,0,1,1,1,0,1,0,0,0,0,0,0,1,0,0,1,1,1,0
4959,-1.29399829446942,1,1,0,1,1,1,0,0,1,0,0,0,0,0,0,0,0,0,0,0,1,1,1,0,1,0,1,1,0,1,0,0,0,0,0,0,1,0,0,0
4960,1.67526725307763,0,1,0,0,1,1,1,1,1,1,1,1,1,1,1,1,1,0,1,0,1,1,1,1,1,0,1,1,1,1,0,1,0,1,1,0,1,0,0,1
4961,1.77301293621337,0,1,1,0,1,1,1,1,1,1,1,0,0,1,1,1,1,0,1,1,1,1,1,1,0,0,1,1,1,1,1,1,1,1,1,0,1,1,1,0
4962,0.517992745606333,1,1,1,0,1,1,1,1,1,1,1,1,1,0,1,1,1,0,1,0,1,1,1,1,0,1,1,0,0,1,0,0,0,0,0,1,1,1,1,0
4963,0.951350411943941,1,0,0,1,1,1,1,1,1,0,0,1,1,1,1,1,1,1,1,0,1,1,1,1,1,0,1,1,0,1,0,1,0,1,1,0,1,1,1,0
4964,-1.61581740828575,0,0,0,0,0,1,1,0,0,1,1,1,0,0,1,0,0,0,0,1,0,0,0,1,0,0,0,0,0,0,0,0,0,0,0,0,0,1,0,1
4965,-1.09730513290122,0,1,1,1,1,1,0,0,0,0,1,0,0,0,1,1,0,0,0,1,1,0,1,0,1,0,1,1,0,1,0,0,1,1,0,0,0,0,0,0
4966,0.281115089207738,1,1,0,1,1,1,1,1,1,1,1,1,1,0,1,1,1,0,1,0,1,1,1,1,1,0,1,0,0,0,0,1,1,1,0,0,0,1,1,1
4967,0.882255477437828,0,1,1,0,1,1,1,1,1,1,1,1,0,1,1,1,1,0,1,0,1,1,1,1,1,0,1,1,1,1,1,0,0,1,1,1,0,1,0,1
4968,-0.611093934460009,0,0,0,1,1,1,1,0,1,1,1,1,1,1,1,1,1,0,1,0,0,1,1,0,1,0,1,0,1,1,0,0,0,1,1,0,1,1,0,0
4969,-0.731637395557115,0,1,0,1,1,1,1,1,1,0,0,1,0,1,1,1,0,0,1,0,1,0,0,1,1,0,0,0,0,1,0,0,0,0,1,0,0,0,0,0
4970,0.783283301045012,1,1,0,0,1,1,1,1,1,0,1,1,0,1,1,1,1,1,1,0,1,1,1,0,1,0,1,1,0,0,0,1,1,0,0,0,1,1,0,0
4971,-0.127917172775909,0,1,1,1,0,1,0,0,1,1,1,1,0,0,1,1,1,1,1,0,1,1,0,0,1,0,1,1,1,0,0,0,0,0,0,0,1,1,0,0
4972,-0.551097241591484,0,1,1,0,0,1,0,1,0,0,1,0,1,1,0,0,0,0,1,0,1,1,1,1,0,0,0,0,1,1,0,0,1,0,1,0,0,1,1,0
4973,-0.359155766117284,0,0,1,0,1,1,0,1,1,0,1,1,0,0,0,1,1,1,1,1,1,1,1,0,1,0,0,0,1,0,0,0,0,0,1,0,0,1,0,0
4974,-0.376619186490002,1,0,0,1,1,1,1,1,1,1,0,1,0,0,1,1,1,0,1,0,1,1,1,1,1,0,0,0,1,1,0,0,0,0,0,1,1,1,0,0
4975,0.374052879374431,0,0,0,0,1,1,1,0,1,1,1,1,0,0,0,1,1,1,1,0,1,1,0,1,1,0,1,1,1,1,0,0,1,0,1,1,1,0,0,0
4976,0.942950680603739,0,0,0,1,0,1,1,1,1,1,1,1,1,0,1,1,1,1,1,1,1,1,0,1,1,0,0,0,0,1,0,0,1,0,0,0,0,0,1,1
4977,1.67247493363645,1,1,0,1,1,1,0,1,1,0,1,1,0,0,1,1,1,0,1,1,1,1,1,0,0,0,1,1,1,0,0,1,0,0,1,1,1,1,0,1
4978,1.02305571178888,0,0,0,1,1,1,1,1,1,1,1,1,0,0,1,1,1,0,1,0,1,1,1,1,1,1,1,1,1,1,0,1,1,0,1,0,0,1,1,0
4979,1.06394231754494,0,1,1,1,0,1,1,1,1,1,1,0,1,0,1,1,1,1,1,1,1,1,1,1,1,0,1,0,1,1,0,0,0,1,0,1,1,1,1,1
4980,0.780716853248802,1,1,0,0,1,1,0,1,1,0,1,1,1,0,1,1,1,0,1,0,1,1,1,1,1,1,0,0,1,1,0,1,1,1,0,0,0,0,0,0
4981,0.844558483056666,1,1,1,1,1,1,1,0,1,0,1,1,1,1,0,1,1,1,1,0,1,1,1,1,1,0,1,0,0,1,0,0,1,1,1,0,1,1,1,1
4982,-0.131244338877063,0,0,0,0,1,1,1,1,1,1,0,1,0,0,1,1,1,0,1,1,1,1,0,0,1,1,1,0,0,1,0,0,1,0,1,0,1,0,1,0
4983,1.26895546918302,0,0,1,1,0,1,1,1,1,0,0,0,0,0,1,1,1,1,1,0,1,1,0,1,1,0,1,1,0,1,0,0,0,1,1,0,1,0,1,0
4984,-1.20244696233316,0,0,0,1,1,1,0,0,0,1,0,0,0,0,0,1,0,0,0,0,1,1,0,0,0,0,0,1,0,0,0,0,0,0,0,1,1,1,0,0
4985,0.356598477422372,0,1,0,1,1,1,1,0,1,1,0,1,1,0,1,1,1,1,1,1,1,1,1,1,1,0,1,1,1,0,0,0,1,0,0,1,1,0,1,0
4986,0.0241053174730661,1,1,0,0,1,1,1,1,1,0,1,1,0,1,1,1,1,0,1,1,0,1,0,1,1,0,0,1,1,0,0,0,0,0,0,0,0,0,0,0
4987,-1.52606979820946,0,0,1,0,1,1,0,0,0,0,0,0,0,0,1,0,0,1,0,0,0,0,1,1,0,0,1,0,0,0,0,0,1,0,0,1,0,1,0,0
4988,0.0655009829146066,0,1,0,1,1,1,1,1,1,1,0,0,0,0,1,1,1,1,1,0,1,1,1,1,0,0,1,1,0,1,1,0,0,1,0,0,1,1,1,0
4989,0.860865378050638,0,0,1,0,1,1,0,1,1,0,1,1,0,1,0,1,1,1,1,0,1,1,0,1,1,0,1,1,1,0,0,1,1,1,1,0,1,1,0,0
4990,0.0310083496814387,1,1,1,1,0,1,1,0,1,0,0,1,1,0,1,1,1,0,1,0,1,1,0,1,1,0,1,0,0,0,0,0,1,0,0,1,1,1,0,0
4991,2.55798815593945,1,1,1,1,0,1,1,1,1,1,0,0,1,1,1,1,1,0,1,1,1,1,1,0,1,1,1,0,1,1,0,1,0,0,1,1,1,1,1,1
4992,0.560939221114813,1,1,0,1,0,1,1,1,1,0,0,1,1,0,1,1,1,0,1,0,0,1,1,1,1,0,0,1,0,1,1,1,0,0,1,0,0,1,1,0
4993,1.83250049060493,1,1,1,0,1,1,1,1,1,0,1,1,1,1,1,1,1,0,1,1,1,1,1,1,1,0,1,1,0,1,1,1,1,1,0,0,1,1,1,1
4994,0.109356768898952,0,1,1,0,1,1,1,1,1,1,0,0,0,0,1,1,1,0,1,0,1,1,1,0,1,1,0,1,1,0,0,0,1,1,1,0,0,1,0,1
4995,-0.337347193488637,0,0,0,1,1,1,1,1,1,0,1,0,1,1,0,1,1,0,1,1,1,1,1,1,1,0,1,1,0,0,0,0,0,1,0,0,1,1,0,0
4996,0.59719310826327,0,1,1,0,0,1,1,0,1,1,0,1,0,0,1,1,1,0,1,0,1,1,1,1,1,1,0,1,0,1,0,0,1,0,1,1,1,0,0,0
4997,1.74388211189427,0,0,0,1,1,1,1,1,1,1,1,0,1,0,1,1,1,1,1,1,1,1,1,1,1,0,0,1,1,0,0,1,1,0,0,0,1,0,1,0
4998,-0.269849110298147,0,0,1,0,0,1,0,0,1,1,0,1,0,0,0,1,1,1,1,1,1,1,1,0,0,1,1,0,0,1,0,0,1,0,0,0,0,0,0,0
4999,-1.83427560830682,0,0,0,1,1,1,0,0,0,0,0,0,0,0,0,1,0,1,0,0,1,0,0,0,1,0,0,1,0,0,0,0,0,0,1,0,0,0,0,0
5000,0.0490204574015107,0,1,0,1,1,1,1,0,1,1,0,1,0,0,0,0,0,0,1,0,1,1,0,0,1,0,1,1,0,0,0,0,1,0,0,0,1,1,0,1
