"ID","Theta","Item1","Item2","Item3","Item4","Item5","Item6","Item7","Item8","Item9","Item10","Item11","Item12","Item13","Item14","Item15"
1,0.813886279945095,0,1,1,1,0,1,1,1,1,1,1,1,0,1,1
2,0.86690280335435,1,1,1,1,1,0,1,1,1,1,1,1,1,0,0
3,-0.211205869855011,0,1,0,1,0,1,1,0,1,1,1,1,1,0,1
4,1.44312784970653,1,1,0,1,1,0,1,1,1,1,1,1,1,1,1
5,1.78573665749941,1,1,1,1,1,1,1,1,1,1,1,1,0,0,1
6,0.342865551601695,1,1,1,1,0,0,1,1,1,0,1,1,0,0,0
7,-0.742450833353674,0,1,0,1,0,0,0,0,1,1,1,1,0,0,0
8,0.839751814599545,0,1,1,1,1,0,1,1,1,1,1,1,0,0,1
9,0.549505331999205,1,1,0,1,1,0,1,1,1,1,0,1,0,0,1
10,-0.412275362564046,0,1,0,0,0,1,1,1,1,1,1,1,0,0,1
11,0.155446153004523,0,1,1,1,0,0,1,1,1,1,1,1,0,0,0
12,0.57431538155714,1,1,0,1,0,1,1,0,1,1,1,1,0,1,1
13,1.02562434745442,1,1,1,1,1,0,1,1,1,1,1,1,0,1,1
14,0.680442897250126,0,1,1,1,1,1,1,0,1,1,1,1,0,1,1
15,0.257763064488986,0,1,1,0,1,0,1,1,1,1,1,1,0,0,1
16,0.657530465494265,0,1,1,1,0,1,1,0,1,0,1,1,0,0,0
17,1.54869498464805,1,1,1,1,0,1,1,1,1,1,1,1,0,1,1
18,0.42022929724046,0,1,1,1,1,0,0,1,1,1,1,1,0,1,0
19,-0.740500537802226,0,1,0,1,0,0,0,0,0,0,1,1,1,0,1
20,2.01118842345175,1,1,1,1,1,1,1,1,1,1,1,1,1,1,1
21,0.595305547031102,0,1,0,0,1,1,1,1,1,1,1,1,0,1,1
22,-0.760400471162381,1,1,1,0,0,0,1,0,1,1,1,1,0,0,0
23,0.0136529731138868,0,1,0,0,0,0,1,0,1,0,1,1,0,0,1
24,0.328211477820611,0,1,1,1,1,0,1,1,1,1,1,1,0,0,1
25,-2.54524967381287,0,0,0,0,0,0,0,1,0,0,0,0,0,0,0
26,0.994900047608752,1,1,1,1,1,0,1,1,1,1,1,1,0,1,1
27,-0.889192563722894,0,0,0,0,0,1,0,1,1,0,1,1,0,0,0
28,0.966029668159243,1,1,0,0,0,1,1,1,1,1,1,1,0,1,1
29,0.0202274446719772,1,1,1,1,1,1,0,1,1,1,1,1,0,0,0
30,1.06570940871693,1,1,1,1,1,1,1,1,1,1,1,1,0,1,1
31,0.504983797366098,0,1,0,1,1,1,1,1,1,1,1,1,0,0,1
32,-0.306131930300238,0,1,0,1,0,0,1,1,1,1,1,1,0,0,1
33,-0.287238779892287,0,1,0,0,0,0,1,1,1,1,1,1,0,0,0
34,-0.712981882680629,0,0,0,1,0,0,0,1,1,1,0,1,0,0,0
35,-1.96710617250468,0,1,0,0,0,0,1,1,1,1,0,0,0,0,0
36,-0.612130544937559,0,1,0,0,0,0,0,1,1,1,0,1,0,0,0
37,0.279333312589427,0,1,1,1,1,0,0,1,1,1,1,1,0,1,0
38,-0.560159432251378,0,1,0,1,0,0,0,0,1,1,1,1,0,0,0
39,-0.338802345684415,0,0,1,1,0,1,1,1,1,0,0,1,0,0,0
40,2.06592855642362,1,1,1,1,1,1,1,1,1,1,1,1,1,1,1
41,1.76187924746914,1,1,1,1,1,1,1,1,1,1,1,1,1,0,1
42,-1.38134803515515,0,1,1,0,0,0,1,1,1,1,0,1,0,0,1
43,0.0697506491674816,0,1,0,1,0,0,1,1,1,1,0,1,0,0,1
44,0.0558099103781105,0,1,0,1,0,0,1,1,1,1,1,1,0,0,1
45,0.0354458675466753,0,1,1,0,0,0,1,1,1,1,1,1,0,0,1
46,2.28480173314645,1,1,1,1,1,1,1,1,1,1,1,1,1,1,1
47,-0.60555983539887,0,1,0,1,0,0,0,0,1,1,0,1,0,0,0
48,0.513839779242212,1,1,1,1,1,0,1,1,1,1,1,1,0,0,1
49,-0.612476768038297,0,0,1,0,0,0,1,1,1,0,1,1,1,0,1
50,-1.24304915512375,0,0,1,0,0,0,1,0,0,0,1,0,0,0,0
51,0.778346414248511,1,1,0,1,0,0,1,1,1,1,1,1,1,1,0
52,0.111097196745007,0,1,1,1,0,0,1,1,1,1,1,1,0,0,1
53,-1.58014814152671,0,1,0,1,0,0,0,1,0,0,0,1,0,0,0
54,1.75794773750555,1,1,1,1,1,0,1,1,1,1,1,1,1,1,1
55,0.72707298259415,1,1,0,1,1,1,0,1,1,1,1,1,1,1,1
56,-2.02732400905171,0,1,0,0,0,0,0,1,0,0,0,0,0,0,0
57,-0.326333214741943,1,1,1,1,0,1,1,0,1,1,1,1,0,0,1
58,-0.414823220804757,0,1,0,1,0,0,0,0,1,1,0,1,0,0,1
59,0.266259306633392,0,0,1,1,0,1,1,1,1,1,1,1,0,0,0
60,-0.657424037583099,0,1,0,1,0,1,1,1,1,1,1,1,0,0,0
61,-0.637773494052859,0,0,1,0,0,0,0,1,1,0,0,0,0,0,1
62,0.352916913115873,1,1,0,1,1,0,1,0,1,1,1,1,0,0,1
63,-0.939259824103791,0,0,0,1,0,0,1,1,0,1,0,1,0,0,0
64,-0.659365335557898,0,1,0,0,0,0,1,0,1,0,0,1,0,0,0
65,-0.689049068322957,1,1,0,1,0,0,0,1,1,0,1,1,0,0,1
66,1.6284733424101,1,1,1,1,1,1,1,1,1,1,1,1,1,1,1
67,-0.0247491889824932,0,1,0,1,1,0,1,1,1,1,1,1,0,0,0
68,0.998111307141697,1,1,1,1,0,1,1,0,1,1,1,1,0,1,1
69,0.268004466028935,0,1,1,1,0,1,1,1,1,1,1,1,0,0,1
70,0.352642993193804,1,1,1,1,0,0,1,1,1,1,0,1,0,0,0
71,-0.199517610511867,0,1,1,0,0,0,0,1,1,1,1,0,0,0,1
72,-0.378168485120725,0,1,0,0,0,0,1,1,1,1,0,1,0,0,0
73,1.128898322596,0,1,1,0,0,1,1,0,1,1,1,1,1,0,1
74,-1.6135161456289,0,0,0,0,0,0,1,0,0,1,1,1,0,0,0
75,1.01327128764266,1,1,1,1,0,1,1,1,1,1,1,1,1,0,0
76,0.1083854286209,0,1,0,1,0,0,1,1,1,1,1,1,0,0,0
77,-0.420591649069779,0,1,0,1,0,0,1,1,1,1,1,1,0,0,0
78,-0.465884414457796,0,1,1,0,0,1,1,0,1,0,1,1,0,0,0
79,0.328602736459809,1,1,1,1,0,0,1,1,1,1,1,1,0,1,1
80,0.0368458153642607,0,1,1,1,0,0,1,1,1,0,0,1,1,0,0
81,-0.339336073493523,0,1,1,1,0,0,1,1,1,1,1,1,0,0,1
82,0.218180894120642,0,0,1,0,1,0,1,0,1,1,1,1,0,0,0
83,0.719289026240266,0,1,1,1,0,0,1,1,1,0,1,1,0,0,1
84,-0.133902165374921,1,1,1,0,0,0,1,0,1,1,1,1,0,0,0
85,-0.79147109750881,0,0,0,1,0,0,1,1,1,1,0,1,0,0,1
86,-0.929328726031393,0,1,0,1,0,0,1,1,1,1,1,1,0,0,0
87,-0.225090909265419,1,1,1,0,0,0,0,0,1,0,1,1,0,0,0
88,0.168912734678086,0,1,0,1,0,0,1,1,1,1,1,1,0,0,1
89,-0.0171210006299443,0,1,1,1,1,0,1,1,1,1,0,1,0,0,1
90,-1.10811666337852,0,1,0,1,0,0,1,1,1,0,0,1,0,0,1
91,0.842816856696372,0,1,1,1,0,1,1,1,1,1,1,1,1,1,0
92,-1.79961947011516,0,0,1,0,0,0,0,0,0,0,0,1,0,0,0
93,-0.0764867247092973,0,1,1,1,0,0,1,1,1,1,0,1,0,0,1
94,-1.27235813668332,0,0,1,0,0,0,0,0,0,0,0,1,0,0,0
95,-1.26654287563687,0,0,1,1,0,0,1,1,0,1,1,1,0,0,0
96,0.0225452740051878,1,1,0,0,0,0,0,0,1,1,1,1,0,0,0
97,0.659715032923246,1,1,0,1,0,0,1,0,1,1,1,1,0,1,1
98,-1.38766182034985,0,0,1,0,0,0,0,1,0,0,0,0,0,0,0
99,0.840716726641929,1,1,1,1,1,0,1,1,1,1,1,1,1,0,1
100,0.056092830091527,0,1,1,0,1,0,1,1,1,1,0,1,0,0,1
101,0.443285768915122,1,1,1,1,0,0,1,1,1,1,1,1,1,1,1
102,0.620949816009466,1,1,1,1,1,1,1,1,1,1,1,1,0,1,0
103,0.576780613246767,1,1,1,1,1,0,1,1,1,1,1,1,0,0,1
104,-0.0277458772969493,0,1,0,0,0,0,1,1,1,1,1,1,0,0,1
105,-0.659542210838444,0,1,0,1,0,0,1,0,1,1,0,1,0,0,0
106,-0.251728219698469,0,1,1,0,0,1,1,0,1,1,0,1,0,0,0
107,0.767407939992567,1,1,1,1,1,1,1,0,1,1,1,1,1,0,1
108,0.853439626965869,1,1,1,1,0,0,1,0,1,1,1,1,0,1,1
109,0.0110450528355453,0,1,1,1,1,0,1,1,1,1,1,1,0,0,1
110,-1.72496418322687,0,0,0,0,0,0,1,0,0,0,1,0,0,0,0
111,0.854638866185947,1,1,1,1,1,1,0,1,1,1,1,1,0,0,1
112,1.72549713114347,1,1,0,1,1,1,1,1,1,1,1,1,0,1,1
113,-0.770308553030083,0,0,1,0,0,0,1,0,1,1,0,1,0,0,1
114,-0.296912278571162,0,1,0,0,1,0,1,0,1,1,1,1,0,0,1
115,0.576940374173211,0,1,1,1,0,0,1,0,1,1,0,1,1,0,1
116,2.48872679031143,1,1,1,1,0,1,1,1,1,1,1,1,1,1,1
117,-0.0766914995945219,0,1,1,1,0,1,1,1,1,1,1,1,0,0,0
118,-0.206340867154663,0,1,1,1,0,0,0,1,1,0,1,1,0,0,0
119,-1.42349220447967,0,0,0,0,0,0,0,0,1,0,0,0,0,0,1
120,1.36482919464132,0,1,0,1,1,1,1,1,1,1,1,1,0,0,1
121,-0.00692709415244486,1,1,0,1,0,0,1,1,1,1,0,1,1,0,0
122,-0.628656792087727,0,0,0,1,0,0,1,0,1,0,1,1,0,0,0
123,-0.660256190319094,0,1,1,1,0,0,1,1,1,0,0,1,0,0,0
124,-0.233416175373847,0,1,0,1,1,1,1,0,1,1,0,1,0,0,0
125,-0.11064011218004,0,1,1,0,1,0,1,1,1,1,0,1,0,0,0
126,0.400865657228555,0,1,1,1,0,1,1,1,1,1,1,1,0,0,1
127,0.840670897375333,0,1,1,1,1,0,1,0,1,1,1,1,0,0,1
128,-0.418065797124536,0,1,0,1,0,0,1,1,1,1,1,1,0,0,0
129,-1.74579273790321,0,1,0,0,0,0,0,1,0,0,0,0,0,0,0
130,-0.602122019076042,0,0,0,0,0,0,1,1,1,0,1,1,0,0,0
131,0.434640360603196,0,1,0,1,0,0,1,1,1,1,1,1,0,0,1
132,0.59646231489237,1,1,0,1,1,0,1,1,1,1,1,1,0,0,1
133,1.58179288780202,1,1,1,0,1,1,1,0,1,1,1,1,0,1,1
134,-0.0691340367994051,0,1,1,1,1,0,1,1,1,1,1,1,1,1,0
135,2.39596081131092,1,1,1,1,0,1,1,1,1,1,1,1,1,1,1
136,-0.920789551545319,0,1,0,0,0,0,1,1,0,0,1,1,0,0,0
137,1.32832803367562,1,1,1,1,1,0,1,1,1,1,1,1,0,1,1
138,-0.614500866657788,1,1,1,0,0,0,0,1,0,1,0,1,0,0,0
139,0.478709071154491,0,1,1,1,0,0,1,1,1,1,1,1,0,0,0
140,-0.275564392920074,0,1,1,1,0,0,1,0,1,0,1,1,0,0,1
141,0.857159822072626,1,1,1,1,0,1,1,1,1,1,1,1,0,0,1
142,-0.148464908164266,1,1,0,0,0,0,1,1,1,1,0,1,0,0,0
143,0.461298140110927,0,1,1,1,0,0,1,1,1,1,0,1,1,0,1
144,-1.26117187041206,0,0,0,0,0,0,1,1,0,0,0,1,0,0,1
145,0.400674422433549,1,1,0,1,0,0,1,1,1,1,1,1,1,1,1
146,2.03120982500588,1,1,1,1,1,1,1,1,1,1,1,1,1,0,1
147,0.0899327220904254,1,1,0,1,0,1,1,1,1,1,0,1,0,0,1
148,1.57495181457764,1,1,1,1,1,0,1,1,1,1,1,1,1,1,0
149,-0.213739019251688,0,1,1,1,0,1,1,1,1,0,1,1,0,0,1
150,-1.66807017397955,0,0,0,0,0,0,0,1,0,0,0,0,0,0,1
151,1.24383686768923,0,1,1,1,1,0,1,1,1,1,1,1,0,0,1
152,0.672887433879983,1,1,0,1,0,0,1,1,1,1,1,1,0,1,0
153,0.397874461257929,0,1,0,1,0,0,1,1,1,1,1,1,0,0,1
154,0.208933615103979,1,1,0,1,0,0,1,1,1,1,1,1,0,0,0
155,1.77604717227145,1,1,1,1,1,1,1,1,1,1,1,1,1,1,1
156,-1.3750922956001,0,1,0,0,0,0,0,0,1,0,0,0,0,0,1
157,1.04411934922583,0,1,1,1,0,0,1,1,1,1,1,1,1,0,1
158,0.96155345766743,0,1,0,1,1,1,1,1,1,1,1,1,0,0,1
159,-1.8765381405861,0,0,0,1,0,0,1,1,0,0,0,0,0,0,0
160,1.44888846950344,1,1,0,1,1,1,1,0,1,1,0,1,1,1,1
161,-1.08179808500409,0,0,0,1,0,0,1,0,1,0,0,1,0,0,0
162,0.257615443118321,0,1,1,1,0,0,1,1,1,1,1,1,0,0,0
163,0.41992249472372,1,1,1,1,0,0,1,1,1,1,1,1,1,0,0
164,0.266082573948636,0,1,1,1,0,1,1,1,1,1,1,1,0,0,1
165,0.158908822601915,0,1,1,1,1,1,1,1,1,1,1,1,0,0,1
166,-0.495823877494205,0,1,0,0,0,0,0,0,1,1,1,1,0,0,0
167,0.640981467316953,0,1,0,1,1,1,1,1,1,1,1,1,1,0,1
168,-0.312058072553151,0,1,1,1,0,0,1,1,0,1,1,1,0,0,0
169,-1.50324064396821,0,1,0,0,0,0,0,0,1,0,0,0,0,0,0
170,-0.0561729849796742,1,0,1,1,1,0,1,1,1,0,1,1,0,0,0
171,0.680432607511962,1,1,1,1,0,1,1,0,1,1,1,1,1,0,1
172,0.501715189078,0,1,1,1,1,0,1,1,1,1,0,1,1,1,0
173,-1.84128031159038,0,0,0,0,0,0,0,1,0,0,0,1,0,0,0
174,-1.02945721684672,0,0,0,0,0,0,1,0,1,0,0,1,0,0,0
175,1.5550236623609,1,1,1,1,0,1,1,1,1,1,1,1,0,1,1
176,1.14258219979774,1,1,0,1,0,1,1,1,1,1,1,1,0,0,1
177,1.50665060188806,1,1,1,1,1,1,1,1,1,1,1,1,1,0,1
178,-1.5476311888289,0,0,0,0,0,0,1,1,0,0,1,0,0,0,1
179,0.369733078221643,0,1,0,1,0,0,1,1,1,0,1,1,0,0,1
180,-0.19334338720474,0,1,0,0,0,0,1,1,1,0,1,1,0,0,1
181,0.802471318492519,1,1,0,1,0,1,1,1,1,1,1,1,0,0,1
182,-0.39699038991611,0,0,1,1,0,1,1,0,1,1,0,1,0,0,0
183,-0.659949365542315,0,0,0,1,0,0,1,0,1,0,1,1,0,0,0
184,-0.791918709066667,0,0,0,0,0,0,1,1,1,1,0,1,0,0,1
185,-0.205968600085466,1,1,0,1,0,0,1,1,1,1,1,1,0,0,1
186,0.726364992988536,1,1,1,1,1,1,1,1,0,1,0,1,0,1,0
187,-0.192494933650562,0,1,0,1,0,0,1,1,1,1,1,1,0,0,0
188,-1.3657529744216,0,1,1,0,0,0,0,0,0,1,1,1,0,0,0
189,1.45193074289677,1,1,1,1,1,1,1,1,1,1,1,1,1,1,1
190,0.64597826316464,1,1,1,1,0,1,1,0,1,1,1,1,0,0,1
191,2.40311111701004,1,1,1,1,1,1,1,1,1,1,1,1,1,1,1
192,-1.41406997143345,0,0,0,0,0,0,1,1,0,0,1,1,0,0,0
193,-0.608927233779139,0,1,1,0,0,0,0,1,1,0,0,1,0,0,0
194,-0.182970138206603,0,1,0,1,0,0,1,1,1,1,1,1,0,0,0
195,-1.29169740002511,0,0,1,0,0,0,0,0,0,0,1,1,0,0,0
196,1.85222541627875,1,1,1,1,1,0,1,1,1,1,1,1,0,1,1
197,0.260883275640099,1,1,1,0,0,0,1,1,1,1,1,0,0,1,1
198,-0.0169738659754764,1,1,1,0,0,0,1,1,1,1,1,1,0,0,1
199,-0.665388673573644,0,1,0,0,0,1,1,1,1,0,1,1,0,0,1
200,-1.41210356850574,0,1,1,1,0,0,1,0,0,0,0,1,0,0,0
201,-0.397342174650184,0,1,0,1,0,0,1,1,1,1,1,1,0,0,0
202,-0.40004920036247,0,0,1,1,0,0,1,1,1,1,1,1,0,0,1
203,0.4100929464986,1,1,1,1,0,0,1,0,1,1,1,1,0,1,1
204,-0.907409880476911,0,1,0,0,0,1,1,0,1,0,0,1,0,0,0
205,1.1870496297703,1,1,1,1,1,1,1,0,1,1,1,1,1,0,1
206,0.27378453751804,1,1,1,1,1,0,1,0,1,1,1,1,0,0,0
207,0.45591786745832,0,1,1,1,0,1,1,1,1,1,1,1,0,0,1
208,0.634318577882953,0,1,1,1,0,1,0,1,1,1,1,1,0,0,0
209,0.754720013558011,0,1,1,1,0,1,1,1,1,1,1,1,0,1,1
210,0.737060501658973,1,1,0,1,0,1,1,1,1,1,1,1,1,0,1
211,-1.38028276882724,0,0,0,0,0,0,0,1,1,0,0,1,0,0,0
212,0.516973810344853,1,1,0,1,0,0,1,1,1,1,0,1,0,0,1
213,-0.846959139226748,0,0,1,0,0,0,1,1,1,0,0,1,0,0,0
214,0.677400532078705,1,1,1,1,1,1,1,1,1,1,1,1,1,0,1
215,-2.81382462257592,0,0,0,0,0,0,0,0,0,0,0,0,0,0,0
216,-0.313932844890822,0,1,1,1,0,0,0,1,1,1,1,1,0,0,0
217,0.656871962025397,1,1,1,1,1,1,1,1,1,1,1,1,0,0,1
218,0.770446730676974,0,1,1,1,1,1,1,1,1,1,1,1,0,0,1
219,0.742999671860209,1,1,1,1,0,1,1,0,1,1,1,1,0,0,0
220,-0.665616299809134,0,1,0,0,0,0,1,0,1,0,0,1,0,0,0
221,0.106239296611063,1,1,1,1,1,0,1,1,1,1,1,1,0,0,0
222,-0.187671166636012,0,1,0,0,0,0,1,0,1,1,0,1,0,0,1
223,0.208492069200296,1,1,1,1,1,1,1,1,1,1,0,1,1,0,0
224,1.58215366650196,1,1,1,1,0,0,1,1,1,1,1,1,1,1,1
225,-1.12362671452821,0,0,0,0,0,0,0,0,1,0,0,1,0,0,0
226,0.972046033252563,1,1,1,1,0,0,1,1,1,1,0,1,0,1,1
227,0.0638881605426436,0,1,0,1,0,0,0,1,1,1,1,1,0,1,0
228,-0.424356903471532,1,1,1,1,0,0,1,1,1,0,1,1,0,0,0
229,-0.595428021827568,0,1,1,1,1,0,1,0,1,1,1,1,0,0,0
230,0.30604689855991,0,0,0,1,0,0,0,1,1,1,1,1,0,0,1
231,-1.00724999058052,0,0,0,0,0,0,1,1,1,0,0,0,1,0,0
232,1.99038845361731,1,1,0,1,1,1,1,1,1,1,1,1,0,1,1
233,1.17803903120084,1,1,1,1,1,1,1,1,1,1,1,1,1,0,1
234,1.45856661415174,1,1,0,1,1,1,1,1,1,1,1,1,1,1,1
235,0.148139512365149,0,1,1,0,0,0,1,0,1,1,1,1,0,1,0
236,-0.124745338953415,1,1,0,1,0,0,1,1,1,1,1,1,0,0,0
237,1.14588848912975,1,1,0,1,1,0,1,1,1,1,1,1,1,0,1
238,-0.373076040378351,0,1,1,0,1,0,0,1,1,1,1,1,0,0,1
239,-1.33478452893589,0,0,0,0,0,0,0,1,1,0,1,0,0,0,0
240,1.39466279458169,1,1,1,0,1,1,1,1,1,1,1,1,1,0,1
241,-1.27418086823349,0,1,0,1,0,0,0,1,0,0,0,1,0,0,0
242,-1.64973134490958,0,0,0,0,0,0,0,1,0,0,0,0,0,0,0
243,0.592776450217885,1,1,0,0,0,1,1,1,1,0,1,1,1,1,1
244,-0.381303894587699,1,1,1,1,1,0,1,1,1,1,0,1,0,0,0
245,1.72310720228611,1,1,1,1,0,0,1,1,1,1,1,1,1,1,0
246,0.127512054581221,0,1,0,1,0,0,1,1,1,1,1,1,0,0,0
247,-0.85397140961947,0,1,1,0,0,0,1,1,0,1,1,1,0,0,0
248,0.190051007979633,1,0,0,1,0,0,0,0,1,1,1,1,1,0,1
249,0.306773926046727,1,1,0,1,0,0,1,1,1,1,1,1,0,0,1
250,1.43498966021048,1,1,1,1,0,1,0,1,1,1,1,1,1,0,0
251,0.702515898066075,1,1,1,1,0,0,1,1,1,1,1,1,0,0,0
252,1.04865361490928,1,0,1,1,0,0,1,0,1,1,1,1,0,1,1
253,1.43054645738678,1,1,1,1,0,1,1,0,1,1,1,1,1,1,0
254,0.328213322981489,0,1,0,0,0,1,0,1,1,0,1,1,0,0,1
255,-0.83964168234355,0,1,0,1,0,0,1,0,1,0,1,0,0,0,0
256,-0.528432415272929,0,0,1,0,0,0,0,1,1,0,0,1,0,0,0
257,-1.24427272121059,0,1,0,0,0,0,1,0,0,0,0,0,0,0,0
258,-0.552937985990867,0,0,0,0,1,0,1,1,1,1,1,1,0,0,1
259,-1.85183338992947,0,0,1,0,0,0,0,0,0,0,0,0,0,0,0
260,0.19245215374461,0,1,1,1,1,0,0,1,1,1,1,1,0,0,1
261,-0.00942237867580302,0,1,0,1,1,0,1,1,1,1,1,1,0,0,0
262,-0.952988858743496,0,1,1,0,0,0,0,1,0,0,0,1,0,0,0
263,-0.907899978614098,0,1,1,1,0,0,0,1,1,0,0,1,0,0,0
264,0.361986876910962,0,1,1,0,1,1,1,0,1,1,0,1,0,0,1
265,-0.0739227272435175,0,1,0,0,0,0,0,1,1,1,1,1,0,0,0
266,0.0505244681136688,1,1,1,0,0,0,0,1,1,1,1,1,0,0,1
267,0.46291865418081,0,1,0,1,0,0,1,0,1,1,0,1,0,0,1
268,0.792996156634017,1,0,0,1,1,1,1,1,1,1,0,1,0,1,0
269,-0.860178794596215,0,0,0,0,0,0,1,1,1,0,0,1,0,0,0
270,1.32219782635797,1,1,1,1,0,1,1,1,1,1,1,1,0,1,0
271,-0.24129307184908,0,1,0,1,0,0,1,1,1,1,0,1,0,0,1
272,0.810244329855156,1,1,1,0,0,0,1,1,1,1,1,1,0,0,1
273,0.404137544574744,0,1,1,1,1,0,1,1,1,1,1,1,0,0,0
274,-0.0949467795806429,1,0,1,1,0,0,1,1,1,1,1,1,1,0,0
275,-1.13741763280364,0,0,0,0,0,0,0,1,0,0,1,0,0,0,0
276,0.0946542401924412,0,1,1,1,0,0,1,0,1,1,1,1,0,0,1
277,-0.279449719171504,0,0,1,0,0,0,1,1,1,0,1,1,0,0,0
278,-0.0374571674568271,0,1,1,0,0,1,0,1,1,1,1,1,0,0,0
279,-0.916099830284606,0,0,0,0,0,0,0,1,0,1,0,1,0,0,0
280,-0.233292956399633,1,1,0,1,0,0,1,1,1,1,1,1,1,0,0
281,0.0950500124108406,0,1,0,1,0,0,1,0,1,1,1,1,0,0,0
282,0.617370519636108,1,1,1,1,0,0,0,1,1,1,1,1,1,1,0
283,1.33498209160237,1,1,0,1,1,1,1,1,1,1,1,1,1,1,0
284,-0.297206401659499,0,1,0,1,0,0,0,1,1,0,1,1,0,0,1
285,-0.179676731301545,1,0,1,0,0,0,1,1,1,1,0,1,0,0,1
286,-0.813775340803,0,0,1,0,0,0,0,1,0,0,0,1,0,0,1
287,-0.122639384937777,0,1,1,0,0,0,1,1,1,1,1,1,0,0,0
288,-0.939705833923273,0,1,1,0,0,0,0,0,1,0,1,0,0,0,0
289,-0.993894485578229,0,0,0,1,0,0,0,1,1,0,1,1,0,0,0
290,0.282169935006347,1,1,0,1,0,1,1,0,1,1,1,1,0,0,1
291,-0.700136810523436,0,1,0,0,0,0,0,1,0,0,1,1,0,0,0
292,-1.17374541578219,0,0,1,0,0,0,0,0,1,0,0,0,0,0,0
293,-1.61960607740747,0,0,0,0,0,0,1,0,0,0,1,0,0,0,0
294,1.33298719158109,1,1,1,1,0,1,1,1,1,1,1,1,1,1,1
295,-0.0160003224479027,0,1,1,1,0,1,1,0,1,1,0,1,1,1,0
296,-1.2097729694937,0,1,0,0,0,1,0,1,0,0,0,0,0,0,0
297,-0.580748574105308,0,1,0,1,0,0,1,1,1,1,0,0,0,0,0
298,1.32181749320931,1,1,1,1,0,0,1,1,1,1,1,1,0,1,1
299,0.342862711686249,0,1,1,1,0,0,1,1,1,1,1,1,0,0,1
300,0.602528667777431,1,1,0,1,1,1,1,1,1,1,1,1,0,0,0
301,1.05600766325453,1,1,1,1,0,0,1,1,1,1,1,1,0,0,1
302,0.653802789006913,1,0,1,1,1,0,1,0,1,1,1,1,0,0,1
303,-0.345195824299587,0,1,0,1,0,0,0,1,1,1,0,1,0,0,0
304,0.698843190872883,1,1,1,1,1,0,1,1,1,1,1,1,0,0,1
305,-0.77347484795168,1,1,0,0,0,0,1,0,0,0,0,1,0,0,1
306,-0.12981219896601,0,1,1,1,0,0,0,0,1,1,1,1,0,1,0
307,0.238978718249886,1,1,0,1,0,0,1,1,1,1,1,1,0,0,1
308,-0.916517443484166,0,0,1,0,0,0,1,1,1,1,0,1,0,0,1
309,1.34094059301686,1,1,1,1,1,1,1,1,1,1,1,1,0,1,1
310,-0.565417192126389,0,1,0,1,0,0,0,1,0,0,0,1,0,0,1
311,0.921473112368093,1,1,0,1,1,1,1,1,1,1,1,1,0,0,1
312,0.311113864376848,0,0,0,1,0,0,1,1,1,1,1,1,0,0,1
313,2.06449975135167,1,1,1,1,1,1,1,1,1,1,1,1,1,0,1
314,1.48394765305274,1,1,1,1,0,1,1,1,1,1,1,1,1,1,1
315,-0.377206855094176,0,0,0,1,0,0,1,1,1,1,0,1,0,0,0
316,-1.06976274478035,0,0,0,0,0,0,1,1,1,0,0,0,0,0,0
317,0.58147188512646,1,1,1,1,0,1,1,0,1,1,1,1,0,1,1
318,-0.0162942028412871,0,1,1,1,0,0,1,1,1,1,0,1,0,1,1
319,0.46725904605244,0,1,1,1,1,0,1,1,1,1,1,1,0,0,0
320,-2.4236458598502,0,1,0,0,0,0,0,0,0,0,0,0,0,0,0
321,0.581234775148566,0,1,0,1,0,0,1,1,1,1,1,1,0,1,1
322,0.28464026803547,1,1,1,1,0,0,1,1,1,1,1,0,0,1,0
323,0.298629732480191,0,1,0,1,0,0,1,1,1,1,1,1,0,0,1
324,-1.65787002909255,0,0,0,0,0,0,1,1,0,0,0,0,0,0,0
325,0.828008856388653,1,1,1,1,0,0,1,1,1,1,1,1,1,0,1
326,-0.0071471663556026,0,1,0,1,0,0,0,0,1,1,1,1,0,0,0
327,-0.896944183480193,0,0,0,0,0,0,0,1,1,0,0,0,1,0,1
328,-1.11156295720208,0,0,0,0,0,0,1,1,1,0,0,0,0,0,1
329,0.51384250276531,0,1,0,0,0,1,1,1,1,1,1,1,1,0,1
330,0.680442897250126,0,1,1,1,1,1,1,0,1,0,1,1,0,0,0
331,2.35661623259372,1,1,1,1,1,0,1,1,1,1,1,1,1,1,1
332,-1.11905394856681,0,0,1,0,0,0,0,1,0,0,0,1,0,0,0
333,-0.328027098241355,1,1,0,1,0,0,0,1,1,0,0,0,0,0,1
334,-0.190178010120145,0,1,0,0,0,1,0,0,1,1,1,1,0,0,0
335,-0.257105878693441,1,0,1,0,0,0,0,0,1,1,1,1,0,0,0
336,-0.523074114554725,0,1,1,0,0,0,0,0,1,0,1,1,0,0,0
337,0.493481733172467,1,1,1,1,1,0,1,1,1,1,1,1,0,1,1
338,-0.158873553552275,0,0,1,1,0,0,0,0,1,1,1,1,0,0,0
339,-1.89942198778626,0,1,0,0,0,0,0,0,1,0,0,0,0,0,0
340,-0.292663157712576,0,1,1,1,0,0,0,0,1,0,1,1,0,1,1
341,-1.22657536732381,0,0,1,0,0,1,0,0,1,1,0,1,1,0,0
342,1.47157247885367,1,1,1,1,1,1,1,1,1,1,0,1,0,1,1
343,-1.05714872378345,0,1,0,0,0,0,0,1,0,0,0,1,0,0,0
344,-1.17375019557755,0,0,0,0,0,0,1,0,0,0,0,1,0,0,0
345,1.131815138867,1,1,1,1,0,1,1,1,1,1,0,1,1,0,1
346,-1.01303556574658,0,0,0,0,0,0,1,1,0,1,0,1,1,0,1
347,-0.0584511186192016,1,1,0,1,0,0,1,1,1,0,0,1,0,0,1
348,-0.523532156661319,0,1,1,1,0,0,1,1,1,1,1,1,0,0,1
349,0.847641687819726,0,1,1,1,0,0,1,1,1,1,0,1,1,0,1
350,-0.232745579506361,0,1,1,0,0,1,1,1,1,0,0,1,0,0,1
351,-1.51312239665821,0,0,0,0,0,0,1,1,0,1,0,1,0,0,1
352,0.235696768837278,1,1,1,1,0,0,1,1,1,1,1,1,0,0,1
353,-0.742670077190859,0,0,0,1,0,0,0,1,1,1,0,1,0,0,1
354,0.395075859542231,1,1,0,1,0,0,1,1,1,1,1,1,0,0,1
355,0.168767879874594,0,1,1,1,0,1,1,1,1,1,1,1,0,0,1
356,-1.43014867231088,0,0,0,0,0,0,0,1,0,0,0,1,0,0,0
357,0.950093166111952,1,1,0,1,1,0,1,0,1,1,1,1,0,1,1
358,0.0882306018847604,0,1,0,1,1,0,1,0,1,1,1,1,1,0,0
359,1.28589156649333,0,1,0,1,0,1,1,1,1,1,1,1,1,1,1
360,-0.817099021937899,0,1,0,1,0,0,1,0,0,0,0,1,0,0,0
361,-0.206548900764889,0,1,1,1,0,0,1,1,1,1,1,1,0,0,1
362,-0.571561293536004,0,1,0,0,0,0,1,0,1,0,1,1,1,0,1
363,-0.46812393795445,0,1,0,0,1,0,1,0,0,1,1,1,0,1,0
364,-0.718860044589663,0,0,0,0,0,1,0,1,1,0,1,1,0,0,0
365,-0.715052918892394,0,1,0,0,0,0,0,0,1,1,1,1,0,0,0
366,0.683698559568104,1,1,1,1,1,1,1,1,1,1,1,1,0,0,0
367,0.116007932249493,0,1,0,0,1,1,1,1,1,1,1,1,0,0,1
368,-0.894355586151786,0,1,1,0,0,0,1,1,0,0,1,1,0,0,0
369,2.13135338193196,1,1,1,1,1,1,1,1,1,1,1,1,0,1,1
370,0.707074497870885,1,0,1,1,0,0,1,1,1,1,0,1,0,0,1
371,-0.568805499199589,0,1,0,1,0,0,1,1,0,1,1,1,0,0,0
372,-0.894355586151786,0,1,0,0,0,0,1,1,0,0,0,1,0,0,1
373,0.13152814539034,0,1,1,1,0,1,1,0,1,0,1,1,0,0,0
374,1.13646340357598,1,1,1,1,1,1,1,0,1,1,1,1,0,1,1
375,0.294885862321175,1,1,1,1,1,0,1,1,1,1,1,1,0,0,1
376,-0.02496177868609,1,1,0,1,0,0,1,1,1,1,1,1,0,0,0
377,0.531525491865405,0,1,1,1,1,1,1,1,1,1,1,1,0,0,0
378,-1.05736425203908,0,0,0,0,0,0,1,1,0,0,0,1,0,0,1
379,1.63255803181103,1,1,1,1,0,0,1,1,1,1,1,1,1,0,1
380,0.773148493004826,1,1,0,1,0,0,1,0,1,1,1,1,0,1,1
381,-0.298817642260294,0,0,0,1,0,0,1,1,1,0,1,1,0,0,1
382,0.00230228788086108,1,1,0,0,0,0,1,0,1,1,1,1,0,0,0
383,-0.460455324701439,0,1,1,1,0,0,1,1,1,1,1,1,0,0,0
384,0.0919457608429582,0,1,1,1,0,1,1,1,1,1,0,1,0,0,0
385,0.134482032368797,1,1,0,0,0,0,1,1,1,1,1,1,0,1,1
386,1.25429169016415,1,1,1,1,1,1,1,1,1,1,1,1,1,0,1
387,1.2839126023923,1,1,1,1,0,1,1,1,1,1,1,1,0,0,1
388,-1.06925366447433,0,0,0,0,0,0,0,1,0,0,0,1,0,0,0
389,0.325473233374989,1,1,1,1,0,0,1,1,1,1,1,1,0,0,1
390,0.27977890325884,0,1,1,1,0,1,0,0,1,1,1,1,0,0,1
391,0.659897923550104,1,1,0,1,1,1,1,0,1,1,0,1,0,1,0
392,0.900505520806861,1,1,0,1,0,0,1,1,1,1,1,1,0,0,1
393,0.233190594051348,0,1,1,1,0,0,1,1,1,1,1,1,0,1,1
394,-0.729872855342926,0,1,0,1,0,0,1,1,1,1,0,1,0,0,0
395,1.27316356304207,1,1,0,1,1,0,1,1,1,1,1,1,0,0,1
396,0.106189652685231,1,0,1,1,0,0,1,0,1,1,1,1,0,0,1
397,-1.87634444659235,0,0,0,0,0,0,1,1,0,0,0,0,0,0,0
398,-0.880017737544512,0,0,1,0,0,0,1,0,0,1,1,0,0,0,0
399,-0.105742045036768,0,1,1,1,1,0,1,1,1,1,0,1,0,0,1
400,0.347192393963462,0,1,0,1,0,0,1,0,1,1,1,1,0,0,1
401,0.612736381465728,0,1,1,1,0,0,1,1,1,1,1,1,0,0,0
402,1.3409306287774,1,1,0,1,1,1,1,1,1,1,1,1,1,0,1
403,-0.420535673786248,0,1,0,1,0,0,1,0,1,0,1,1,0,0,0
404,0.111347866583476,0,1,1,1,0,0,1,1,1,1,0,1,0,0,0
405,2.0721354745029,1,1,1,1,1,1,1,1,1,1,1,1,1,1,1
406,0.122677127308515,0,1,0,1,0,0,1,0,1,1,0,1,0,0,1
407,1.42226344262599,1,1,1,1,0,0,1,1,1,1,1,1,1,0,1
408,-1.57952109324536,0,0,1,0,0,1,1,0,0,0,1,1,0,0,1
409,0.535888432575692,0,1,1,1,0,0,1,1,1,1,1,1,0,0,0
410,-0.0482410313421324,0,1,0,1,0,0,0,1,1,1,1,1,1,0,1
411,-1.49700539716475,0,0,1,0,0,0,0,1,1,0,0,1,0,0,0
412,1.04227669231751,1,1,1,1,0,0,1,1,1,1,1,1,0,0,0
413,0.85137370377898,1,1,1,1,0,1,0,1,1,1,1,1,0,0,0
414,1.68261944227087,1,1,1,1,1,1,1,1,1,1,1,1,1,1,1
415,-1.93600934447128,0,1,0,0,0,0,1,1,0,0,0,1,0,0,0
416,-1.82558792660717,0,1,0,0,0,0,0,0,0,0,0,0,0,0,0
417,0.83933958034947,0,1,1,1,0,0,1,1,1,1,1,1,0,1,1
418,-2.32462449243882,0,0,0,0,0,0,1,0,0,0,0,0,0,0,0
419,0.14757975340758,1,1,1,1,0,0,0,1,1,1,1,1,0,1,1
420,0.584726797765238,1,1,0,1,1,1,1,1,1,1,1,1,0,1,0
421,-0.668662479699692,0,1,0,1,0,0,1,1,1,0,1,1,0,0,0
422,-0.235266703547371,0,1,0,0,0,0,1,1,1,0,1,1,0,0,0
423,0.185263248590974,1,1,0,1,0,0,0,1,1,1,1,1,0,1,0
424,-0.979556053834852,0,1,1,0,0,0,0,0,0,1,1,1,0,0,1
425,0.24403693512596,1,1,1,1,0,0,1,1,1,1,1,1,0,0,1
426,0.964418207518255,1,1,1,1,0,0,1,1,1,1,1,1,0,1,0
427,0.836280300444543,1,1,0,1,0,1,1,1,1,1,1,1,0,0,1
428,-2.36942020621818,0,0,0,0,0,0,0,1,0,0,0,0,0,0,0
429,1.65749510679418,1,1,1,1,1,0,1,1,1,1,1,1,0,0,1
430,1.00370422241721,1,1,1,1,1,0,1,1,1,1,1,1,1,0,1
431,0.0691755576803841,1,1,0,1,0,0,1,1,1,1,1,1,0,0,0
432,-2.48699623522582,0,0,1,0,0,0,0,1,0,0,0,0,0,0,0
433,1.33407754987769,1,1,1,1,1,1,1,1,1,1,1,1,1,1,1
434,0.367106290032956,1,1,1,1,0,1,1,1,1,1,1,1,0,0,0
435,0.182902974458525,1,1,1,1,1,0,1,0,1,1,1,1,0,0,1
436,-1.09059445655897,0,0,0,0,1,0,1,0,0,0,1,0,0,0,0
437,0.447596284241059,0,0,0,1,1,0,1,1,1,1,1,1,0,0,1
438,0.512021212650219,0,1,1,1,0,0,1,0,1,1,1,1,1,1,1
439,-0.890159215150521,0,0,0,0,0,0,1,0,0,0,1,1,0,0,0
440,0.883801772579025,1,1,1,1,0,0,1,0,1,1,1,1,0,0,0
441,-0.730204917393798,0,0,1,0,0,0,1,0,1,0,1,1,0,0,1
442,-0.862745905630296,0,1,0,0,0,0,1,0,1,1,1,1,0,0,0
443,-1.50374748920104,0,0,0,1,0,0,1,0,0,0,1,0,0,0,0
444,-1.36473412732071,0,0,0,0,0,0,0,1,1,0,0,0,0,0,0
445,0.404266233409095,0,1,1,1,0,1,1,0,1,1,1,1,1,0,0
446,-0.543629857290471,1,1,0,0,0,0,0,0,1,0,1,1,0,0,1
447,-0.303580546765349,0,0,1,0,0,0,0,0,1,0,1,1,0,0,1
448,1.38144930147416,1,1,1,1,1,1,1,1,1,1,1,1,1,1,1
449,2.03249945855654,1,1,1,1,1,1,1,1,1,1,1,1,1,1,1
450,-0.222138798117335,0,1,0,1,0,0,1,1,1,1,1,1,0,0,1
451,-0.203810651901799,0,1,1,1,0,0,1,1,1,1,1,1,1,0,0
452,-2.26298066976442,0,0,0,0,0,0,0,1,0,1,0,0,0,0,0
453,-0.90759907389124,0,1,0,0,0,0,0,1,1,1,1,1,0,0,1
454,1.55015465621318,1,1,1,1,1,1,1,1,1,1,1,1,0,0,1
455,1.91951035356213,1,1,1,1,0,1,1,1,1,1,1,1,1,0,1
456,-0.88512494722945,0,0,0,1,0,1,1,1,1,0,1,1,0,0,0
457,1.1963116774421,1,1,0,1,0,1,1,1,1,1,1,1,0,1,1
458,0.0457141095675151,0,0,0,0,0,1,1,1,1,0,1,1,0,0,0
459,0.61789046126472,1,1,0,1,0,1,0,1,1,1,0,1,0,0,0
460,1.20162607538071,1,1,0,1,0,0,1,1,1,1,1,1,1,0,1
461,0.171549732458098,0,0,0,1,0,1,1,1,1,1,1,1,0,0,0
462,-1.08115426480744,0,0,0,0,0,0,0,0,1,0,1,1,0,0,0
463,0.874383241629045,1,1,1,1,0,1,1,1,1,1,1,1,0,1,1
464,-0.656976927394387,0,1,0,0,0,0,0,1,1,0,0,0,0,0,0
465,2.11736524712102,1,1,1,1,1,1,1,1,1,1,1,1,1,1,1
466,-0.598923522571104,0,0,1,0,0,0,1,0,1,0,0,1,1,0,1
467,0.333295467108211,0,1,1,1,0,1,1,1,1,1,1,1,1,0,1
468,-0.660256190319094,0,1,1,1,0,0,1,0,0,1,1,1,0,0,0
469,0.709184118233996,1,1,1,1,0,0,1,1,1,1,1,1,1,0,0
470,0.534933957517352,1,1,1,1,1,0,1,1,1,1,1,1,1,0,1
471,-0.174549766304195,0,0,0,1,0,0,1,1,1,1,0,1,0,0,1
472,0.702520230318157,1,1,1,1,0,0,1,1,1,1,1,1,0,0,1
473,-1.13365848670404,0,1,1,0,0,0,0,1,0,0,1,1,0,0,0
474,-0.45295263312877,0,1,0,0,0,0,1,1,1,1,0,1,0,0,0
475,0.803943274807441,0,1,1,0,0,1,1,1,1,1,1,1,0,0,1
476,-0.0771799729344825,1,1,1,1,1,0,1,1,1,1,1,1,1,0,1
477,1.65117374693818,1,1,1,1,0,1,1,1,1,1,1,1,1,1,1
478,-0.699446170659475,0,1,1,0,0,0,0,0,1,0,1,1,0,0,0
479,-0.0983930100353138,0,1,1,1,0,0,1,1,1,1,1,1,0,0,0
480,-0.470321736725256,0,1,1,0,0,0,1,1,1,1,1,1,0,0,0
481,0.2946203069578,1,1,0,1,0,0,0,1,1,0,1,1,0,1,1
482,0.901282570209757,1,1,1,1,1,0,1,1,1,1,1,1,0,0,1
483,-2.22237932695417,0,0,0,0,0,0,1,0,0,0,0,0,0,0,0
484,0.136779473298084,0,0,1,1,0,0,1,1,1,1,1,1,1,0,1
485,1.75861545099092,1,1,0,1,1,1,1,1,1,1,1,1,1,1,1
486,-0.853350306194969,0,1,1,1,0,1,1,0,1,0,0,1,0,0,1
487,-1.49152946548877,0,0,0,0,0,0,1,0,0,0,1,0,0,0,0
488,1.68480858425674,1,1,1,1,0,0,1,1,1,1,1,1,0,0,1
489,1.47358680571892,1,1,1,1,1,1,0,1,1,1,1,1,1,1,1
490,1.21672716886947,1,1,1,1,1,0,1,1,1,1,1,1,1,1,1
491,-0.525869906966869,0,1,0,0,0,0,0,0,1,0,0,1,0,0,0
492,1.80216648667373,1,1,1,1,1,0,1,1,1,1,1,1,1,0,1
493,0.325298975857922,1,1,1,1,0,1,1,1,1,1,1,1,0,0,1
494,-0.791662268712269,0,1,1,0,0,0,1,1,1,1,0,1,0,0,0
495,1.43087107438357,1,1,1,1,1,0,1,1,1,1,1,1,0,0,1
496,0.564989977741005,1,1,0,1,0,0,1,0,1,1,1,1,0,0,1
497,-1.76082111563694,0,0,0,0,0,0,1,0,0,0,1,0,0,0,0
498,-0.103843763543678,0,1,1,0,0,0,1,1,1,1,1,1,0,0,0
499,-0.113217911021287,0,1,1,1,0,0,1,1,1,1,1,1,0,0,1
500,0.510866949834863,0,1,1,1,1,1,1,1,1,1,1,1,0,0,0
501,0.00198299804635011,0,1,1,1,1,1,1,1,1,1,1,1,0,0,0
502,-0.833090830470439,0,0,0,1,0,0,1,0,0,1,1,1,0,0,0
503,1.36682762650876,1,1,1,1,1,1,1,1,1,1,1,1,0,1,1
504,-0.214107923232522,0,1,1,1,0,0,1,1,1,1,1,1,1,0,1
505,-0.179676731301545,0,1,0,0,1,1,0,0,1,0,1,1,0,0,0
506,0.0186465800260251,0,1,0,0,1,0,0,0,1,1,1,1,1,0,0
507,-0.977917719816544,0,1,1,0,0,0,1,1,0,0,0,1,0,0,0
508,0.507350336526907,0,1,0,1,0,1,1,1,1,0,1,1,0,1,1
509,-0.179968277910372,0,1,0,0,0,0,1,1,1,1,1,1,0,0,1
510,-1.16369626927599,0,1,0,0,0,0,1,0,1,0,0,0,0,0,0
511,0.311633531641601,1,1,0,0,1,0,1,1,1,1,0,1,0,0,1
512,-0.353570058057021,1,0,0,0,1,0,1,1,1,1,0,1,0,0,0
513,0.760331059591533,1,1,1,1,0,0,0,0,1,1,0,1,1,0,1
514,0.194777358757359,0,0,1,1,0,1,1,1,1,1,1,1,0,0,1
515,-1.3869975788563,0,0,0,0,0,0,0,1,0,0,1,1,0,0,0
516,-1.82765024871843,0,0,0,0,0,0,0,1,0,0,0,1,0,0,0
517,-0.339139902633695,0,0,0,0,0,1,1,0,1,1,1,1,1,0,1
518,-0.555558315682314,0,1,0,1,0,0,0,1,1,1,1,1,0,0,1
519,-0.328517518078052,0,1,1,0,0,0,0,1,1,0,1,1,0,0,0
520,0.774419473990416,1,1,0,1,1,0,1,0,1,1,1,1,0,0,1
521,-0.0712705931334348,0,1,1,0,1,0,1,1,1,1,1,1,0,0,0
522,0.866308507021399,0,1,0,1,0,0,1,0,1,1,1,1,0,0,1
523,-0.612084633808297,0,1,1,0,0,0,1,1,1,0,1,1,0,0,0
524,-0.936553422831943,0,1,1,0,0,0,1,0,1,0,0,1,0,0,0
525,1.59776396407197,0,1,0,1,0,1,1,1,1,1,1,1,1,1,1
526,-1.20054476684157,0,0,0,0,0,0,1,0,1,1,1,1,0,0,0
527,-1.43116608662956,0,0,0,0,0,0,1,1,0,1,0,1,0,0,0
528,-0.873647608467026,0,1,1,0,0,0,0,0,0,0,0,1,0,0,0
529,-0.0230332419448891,0,1,1,0,0,0,1,1,1,1,1,1,0,0,1
530,-1.28445703251179,0,1,0,1,0,0,1,1,1,0,0,0,0,0,0
531,0.364318219901559,0,1,1,1,0,1,1,0,1,1,1,1,0,0,1
532,-0.820522153624011,0,0,0,0,0,0,0,1,1,1,0,1,0,0,0
533,-1.63226435118207,0,0,0,0,0,0,0,0,0,0,0,1,0,0,0
534,-0.893021625467062,0,1,1,0,0,0,1,0,0,1,1,1,0,0,0
535,-0.0766939229478784,0,1,1,1,0,1,1,1,1,1,0,1,0,0,1
536,0.0872541853767015,1,1,1,1,0,0,1,1,0,1,1,1,0,0,0
537,0.0976636206350927,0,1,1,1,0,0,1,0,1,1,1,1,0,0,1
538,-0.603645487698542,1,1,0,0,1,0,1,0,1,1,1,1,0,0,0
539,1.42136347764863,0,0,1,1,0,0,1,0,1,1,1,1,0,1,1
540,0.0953805269967862,0,1,0,0,1,0,1,0,1,1,1,1,0,0,0
541,-0.595379720222911,0,0,1,0,0,0,0,0,0,1,0,1,0,0,1
542,1.00614987235114,1,1,0,1,0,0,1,1,1,1,1,1,1,0,1
543,-0.803639887287685,0,1,0,1,0,0,1,0,1,0,0,1,0,0,0
544,0.265581440620575,1,1,0,1,0,0,0,1,1,1,1,1,1,0,1
545,1.49844343846595,1,1,1,1,1,0,1,0,1,1,1,1,0,0,1
546,-0.0848298477401439,0,1,1,0,1,0,1,0,1,1,1,1,0,0,1
547,-0.225090349659837,0,1,1,0,0,1,1,1,1,0,0,1,0,0,0
548,-0.598301009960565,1,1,1,0,0,0,1,0,1,0,1,1,0,0,0
549,-2.70447947804779,0,0,0,0,0,0,1,0,0,0,1,0,0,0,0
550,0.150724640976005,0,1,0,0,0,1,1,1,1,1,1,1,1,1,1
551,-0.596549496576287,0,0,1,1,0,1,1,1,1,0,1,1,0,0,1
552,-0.565282805206381,0,1,0,1,0,0,1,0,1,0,1,1,0,0,1
553,0.177388339393711,0,1,1,1,0,0,1,1,1,1,1,1,1,0,1
554,0.15101748652643,0,0,0,1,0,1,1,1,1,1,1,1,0,1,0
555,-0.299152813787969,0,1,1,1,0,0,0,1,1,1,0,1,0,0,0
556,1.02528961128786,1,1,1,1,0,0,1,0,1,1,1,1,1,0,1
557,0.400312116961878,1,1,1,1,1,0,1,1,1,1,0,1,0,0,1
558,0.00230405230159594,0,1,0,0,1,0,1,1,1,1,1,1,0,0,1
559,0.961289624961294,1,0,0,1,0,1,1,1,1,1,1,1,0,0,1
560,1.71346098514263,1,1,1,1,1,1,1,1,1,1,1,1,1,1,1
561,-1.58002258909784,0,0,1,1,0,0,1,0,0,0,0,1,0,0,0
562,0.606035969346364,0,1,1,1,1,0,0,1,1,1,1,1,0,0,1
563,-1.46429579653432,0,1,0,1,0,0,1,1,0,1,1,0,0,0,0
564,-0.754265671274062,0,0,0,0,0,0,1,0,1,1,1,0,0,0,1
565,0.177677826944076,0,1,1,1,0,0,0,1,1,1,1,1,0,0,1
566,1.76689753219842,1,1,0,1,1,1,1,1,1,1,0,1,1,1,1
567,-1.73895489207825,0,0,1,0,0,0,0,1,0,0,0,1,0,0,0
568,-0.204497498996361,0,1,1,1,0,1,1,1,1,1,1,1,0,0,1
569,-0.273039772066827,1,1,1,1,0,1,1,1,1,1,1,1,0,0,0
570,0.994022212508571,1,1,0,1,1,0,1,1,1,1,1,1,1,1,0
571,-0.944204120937361,0,1,0,1,0,0,0,1,1,1,0,1,0,0,0
572,0.637862060174674,1,1,0,1,0,0,1,1,1,1,1,1,0,0,1
573,-1.06127929705069,0,0,1,1,0,0,1,0,1,0,0,1,0,0,0
574,0.517205097204938,0,1,1,1,0,1,1,1,1,1,1,1,0,0,1
575,0.0458633414628117,1,1,0,1,1,0,1,1,0,1,1,1,0,0,0
576,0.748628404625744,1,1,0,1,0,1,1,1,1,1,1,1,0,1,0
577,0.0923485691252676,0,1,1,1,1,0,1,1,1,0,1,1,0,1,1
578,-0.490634255320438,0,1,1,1,0,0,0,1,1,1,1,1,0,0,0
579,-0.587103549155734,0,1,1,0,0,1,1,0,1,1,1,1,0,0,0
580,-0.977923896465556,0,0,0,1,0,0,0,1,1,0,0,1,0,0,0
581,-0.808189106848163,0,0,0,1,0,0,1,1,1,0,1,1,1,0,0
582,-0.457356685472156,0,1,1,0,0,0,1,1,1,1,1,1,0,0,1
583,0.316356677961497,1,1,0,1,0,0,1,0,1,1,1,1,0,1,0
584,-0.672523465703917,0,1,1,1,0,0,1,1,1,1,1,1,0,0,0
585,-1.54009743626693,0,0,0,0,0,0,1,1,0,0,0,1,0,0,0
586,0.0205169418122525,0,1,0,0,1,0,1,1,1,1,1,1,0,0,1
587,-0.608473576602667,0,0,1,1,1,0,0,1,1,0,1,1,0,0,1
588,-0.169562308480617,0,1,0,0,1,0,1,0,1,1,0,1,0,0,1
589,0.0662228233495328,0,1,0,1,0,0,1,0,1,1,1,1,0,0,0
590,1.55641342117872,1,1,1,0,1,1,1,1,1,1,1,1,1,1,1
591,0.223101442386501,0,0,0,0,0,0,1,0,1,1,1,1,0,0,1
592,-0.504407671258522,1,0,1,0,0,0,1,0,0,1,1,1,0,0,0
593,-0.279710263508594,0,1,0,0,0,0,1,1,0,1,0,1,0,0,0
594,0.295111253788839,0,1,0,1,0,0,0,1,1,1,1,1,0,0,1
595,-0.603158271947939,0,0,0,0,1,0,1,1,1,1,0,1,0,0,1
596,-0.446469529507929,0,1,0,1,0,0,0,1,1,1,1,1,1,0,0
597,-0.201533622218214,0,0,1,1,0,1,1,0,1,1,0,1,0,0,1
598,-0.802919006016901,0,1,0,0,0,0,0,0,1,0,0,1,0,0,0
599,2.54616033965927,1,1,1,1,1,1,1,1,1,1,1,1,0,1,1
600,-0.953571504290839,0,1,0,0,0,0,1,1,0,0,0,1,0,0,0
601,0.857983979159412,1,1,0,1,0,1,1,1,1,1,1,1,1,0,1
602,-0.400748288486705,0,1,1,1,0,0,1,0,1,1,1,1,0,0,1
603,-0.203503598933321,0,1,1,1,1,0,0,1,1,1,0,1,0,0,0
604,-1.47349158398091,0,0,1,0,0,0,1,1,0,0,0,1,0,0,0
605,1.0259271162231,1,1,1,1,0,0,1,1,1,1,1,1,1,0,1
606,-0.0953389596742936,1,1,1,0,0,0,1,0,1,1,1,1,0,1,1
607,0.108240590385294,1,0,0,1,1,0,0,1,1,1,1,1,0,0,0
608,-0.291947254975253,0,1,1,0,0,1,1,1,1,1,1,1,0,0,0
609,-0.592330187185625,0,1,0,1,0,0,1,1,1,0,1,1,0,0,0
610,-0.352426052053987,0,1,0,1,0,0,1,0,1,0,1,1,0,0,1
611,-1.50551879660439,0,0,0,0,0,0,0,1,0,0,1,1,0,0,0
612,-0.298095153934594,0,1,0,1,0,1,1,1,1,1,1,1,0,0,0
613,0.320713047765453,0,1,1,1,0,1,1,0,1,1,0,1,0,1,1
614,1.28070503647475,1,1,0,1,1,1,1,1,1,1,1,1,0,1,1
615,0.0533639053877023,1,1,1,1,0,0,1,0,1,1,1,1,1,0,1
616,1.70482217283605,1,1,1,1,1,0,1,1,1,1,1,1,1,1,1
617,-0.69780410102492,0,0,0,1,0,0,1,1,0,0,0,1,0,0,1
618,1.20951505580962,1,0,1,1,0,0,1,0,1,1,1,1,1,1,1
619,-0.0696721070226421,1,0,0,0,0,0,1,0,1,1,0,1,1,0,1
620,-0.584672540931297,0,1,1,0,0,0,1,0,1,1,1,1,0,0,1
621,-0.908140869721702,0,0,0,0,0,0,0,0,1,1,0,1,0,0,0
622,-0.733437819010029,0,0,1,1,0,0,1,1,1,1,0,1,0,0,0
623,-0.262619078277991,0,1,0,1,0,0,0,0,1,1,1,1,0,1,0
624,-0.821436286300128,0,0,1,0,0,0,0,1,0,0,0,1,0,0,1
625,-0.295526970161116,0,0,1,1,0,0,1,1,1,1,1,1,0,0,1
626,0.649408034145652,1,1,1,1,0,0,1,1,1,1,1,1,0,1,1
627,2.01364773489638,1,1,1,1,1,1,1,1,1,1,1,1,0,1,1
628,-3.16992246821481,0,0,0,0,0,0,0,0,0,0,0,0,0,0,0
629,0.565368609863982,0,1,1,1,0,1,1,1,1,1,1,1,1,1,1
630,2.07183278592572,1,1,0,1,1,1,1,1,1,1,1,1,1,1,1
631,1.26663116269983,1,1,0,1,0,1,1,1,1,1,1,1,0,0,1
632,-0.742404095228512,0,1,0,1,1,0,1,1,1,0,1,1,0,0,0
633,0.364587049765328,1,1,0,1,0,0,1,1,1,1,1,1,0,1,1
634,-2.41765392743039,0,0,0,0,0,0,0,0,0,0,0,0,0,0,0
635,0.850609382458807,0,1,1,1,1,0,1,0,1,1,1,1,0,1,1
636,1.47674123648546,1,1,1,1,1,0,1,1,1,1,1,1,0,1,1
637,-0.397565117121994,0,1,1,0,1,0,1,1,1,1,1,1,0,0,1
638,-0.423052968599022,1,1,0,0,0,1,1,1,1,1,1,1,0,0,0
639,0.420044998241153,1,0,1,0,0,0,1,1,1,1,1,1,1,0,1
640,1.76359714467368,1,1,1,1,1,0,1,1,1,1,1,1,1,1,1
641,-1.32850550263102,0,0,0,0,0,0,0,1,0,1,1,1,0,0,0
642,0.69826224500968,0,1,0,1,1,1,1,1,1,1,1,1,1,0,1
643,-0.785655201970427,1,0,1,1,0,0,1,1,1,1,0,1,1,0,0
644,0.216026945649322,1,1,1,0,1,0,1,1,1,1,1,1,0,0,1
645,0.660704238146469,1,0,1,1,1,1,1,0,1,1,1,1,0,0,1
646,0.273225764362402,0,1,1,0,1,0,1,1,1,1,1,1,0,1,0
647,0.00719000079327267,0,1,1,1,0,0,1,1,1,1,1,1,0,0,0
648,-0.991704163727506,1,1,0,1,0,0,1,0,1,0,0,0,0,0,0
649,0.341979663474468,1,1,1,1,0,1,1,1,1,1,1,1,0,0,1
650,-0.338109573104087,1,0,0,1,0,0,1,1,1,1,1,1,0,0,0
651,-0.884890264670613,1,0,0,0,1,0,1,0,1,0,1,1,0,0,0
652,-0.75066637465095,0,1,0,0,1,0,0,0,1,1,0,1,0,0,1
653,1.39892020372988,1,1,1,1,0,1,1,1,1,1,1,1,1,0,1
654,0.828468138783638,1,1,1,1,0,1,1,1,1,1,1,1,0,0,0
655,0.788359364003407,1,1,0,1,0,0,1,1,1,1,1,1,0,1,1
656,-0.195231866107738,0,1,0,0,0,0,1,1,1,1,1,1,0,0,1
657,0.493365796397131,1,1,0,1,0,0,1,1,1,1,1,1,0,0,0
658,-0.792160199884403,0,1,0,0,0,0,1,1,1,0,1,1,0,0,0
659,0.0948356194267391,0,1,0,1,0,0,1,1,1,1,1,0,0,0,0
660,-1.65994956472372,0,1,0,0,0,0,1,0,0,1,1,0,0,0,0
661,1.51157227988948,1,1,1,0,0,0,1,1,1,1,1,1,0,1,1
662,0.814071106921539,0,1,1,1,0,1,1,1,1,1,1,1,0,0,1
663,-0.799752719571448,1,0,0,0,0,0,1,0,0,1,1,1,0,0,1
664,-1.70148952149813,0,0,0,1,0,0,1,0,1,0,0,1,0,0,0
665,1.79924104651763,1,1,1,1,1,1,1,1,1,1,1,1,1,0,1
666,0.519989266071291,0,1,1,1,0,0,1,0,1,0,1,1,0,0,0
667,0.763854974053199,1,1,1,1,1,1,1,1,1,1,1,1,0,0,1
668,-1.52797110834283,0,0,0,1,0,0,0,1,0,0,0,1,0,0,0
669,0.698264931133173,1,1,1,1,1,0,1,1,1,1,1,1,0,0,1
670,-1.84940391558422,0,0,0,0,0,0,1,1,0,0,0,0,0,0,0
671,1.1541504667905,1,1,1,1,0,0,1,1,1,1,1,1,1,0,1
672,0.158804881792961,0,1,0,1,0,1,1,1,1,1,1,1,0,0,0
673,-0.185470202446144,0,1,1,0,0,0,1,1,1,0,0,1,0,0,0
674,-0.799165481523835,0,1,0,1,0,0,1,0,1,0,0,1,0,0,0
675,0.171804676661399,1,1,1,1,0,1,1,0,1,0,1,1,0,1,0
676,0.232447660314782,0,1,1,1,1,0,1,1,1,1,1,1,0,0,0
677,0.412360275803769,0,0,1,1,0,0,1,1,1,1,1,1,0,0,1
678,-0.730151628565836,0,1,1,1,0,1,1,0,1,0,0,1,0,0,1
679,0.311120319802973,0,1,1,1,0,0,1,1,1,1,1,1,0,0,0
680,0.22518071605829,1,1,1,0,0,0,1,1,1,1,1,1,1,1,0
681,-0.372325721567296,0,1,0,0,0,0,1,1,1,1,0,1,0,0,1
682,1.31416139263958,1,1,1,1,1,0,1,1,1,1,1,1,0,1,1
683,0.0160417024368312,0,1,1,1,0,0,1,1,1,1,0,1,0,0,0
684,0.770989334474238,1,1,1,0,1,1,1,1,1,1,1,1,0,1,1
685,0.595515771557902,0,1,0,1,0,0,1,1,1,1,1,1,1,0,1
686,0.586670291484223,1,1,0,1,0,0,1,1,1,1,1,1,0,1,1
687,-0.751721089423897,0,0,1,0,0,1,1,0,0,0,0,1,0,0,1
688,-0.209409659244125,0,1,0,1,1,0,0,1,1,1,1,1,0,0,1
689,-0.520524825214987,0,0,1,0,0,1,1,1,1,1,0,1,0,0,1
690,1.17739274604728,1,1,0,1,0,1,1,1,1,1,1,1,1,0,0
691,-0.437555242633963,0,1,1,1,0,0,0,1,1,0,0,1,0,0,0
692,-0.733807714997762,0,1,0,1,0,0,1,1,0,0,0,1,0,0,0
693,-1.08057464349838,0,1,0,0,0,0,1,0,1,0,1,1,0,0,0
694,-1.14297990387542,0,0,0,0,0,1,0,1,1,1,1,1,0,0,0
695,2.0245274075727,1,1,1,1,1,1,1,1,1,1,1,1,0,1,1
696,0.850375208756773,1,1,1,1,0,1,1,1,1,1,0,1,0,0,1
697,0.93964057046903,1,0,1,1,1,0,1,1,1,1,1,1,1,0,0
698,0.562892979970105,0,1,1,1,1,0,1,1,1,1,1,1,1,0,1
699,0.423007934722383,0,1,0,1,1,0,1,1,1,0,1,1,1,0,1
700,-1.24402989936943,0,0,0,0,0,0,1,1,0,0,1,1,0,0,0
701,-0.411699834112877,1,0,1,0,0,0,1,1,1,0,1,1,0,0,0
702,0.982518722309628,1,1,0,1,1,1,1,1,1,1,1,1,0,0,1
703,-2.28744838559998,0,0,0,0,0,0,1,0,0,0,0,1,0,0,0
704,0.91250436082441,1,1,0,1,1,0,0,1,1,1,0,1,1,0,0
705,2.43547703969728,1,1,1,1,1,1,1,1,1,1,1,1,0,1,1
706,0.683002618647061,1,1,1,1,1,1,1,1,1,1,1,1,1,0,0
707,0.375572601984994,1,1,0,0,0,1,1,1,1,1,1,1,0,0,0
708,0.333325959565702,0,1,1,1,0,0,1,1,1,1,1,1,0,0,0
709,-0.551943102516855,0,0,1,0,0,1,0,0,1,0,0,1,0,0,0
710,-0.896950888981078,0,0,1,0,0,0,1,0,0,1,1,1,0,0,0
711,-0.246652131246153,0,1,1,0,0,1,1,1,1,1,1,1,0,0,0
712,-0.430232454628823,0,0,1,0,0,0,1,1,1,1,0,0,0,0,0
713,0.414687500018256,1,1,0,1,0,0,1,1,1,1,1,1,0,0,1
714,0.32076323534767,1,1,0,1,0,1,1,1,1,1,1,1,0,1,0
715,0.103737549879068,1,1,0,1,0,0,1,0,1,1,0,1,0,1,1
716,0.234811874680268,0,1,1,1,1,1,1,1,1,1,0,1,0,0,1
717,-0.973719200298053,0,0,0,1,0,1,0,0,1,0,1,1,0,0,0
718,-0.085008503768301,0,1,1,1,1,0,1,1,1,1,1,1,0,0,0
719,-0.203618670784151,0,0,0,1,1,0,1,0,1,1,1,1,0,0,0
720,-1.028901843269,0,1,1,0,0,0,1,0,1,1,1,1,0,0,0
721,-1.12859184759071,0,0,0,0,0,0,1,0,0,0,1,1,0,0,0
722,0.207088703781896,0,1,0,1,0,0,1,1,1,1,1,1,0,0,0
723,0.238574155510381,0,1,1,0,0,0,1,1,1,1,1,1,0,0,1
724,0.570639317998152,1,1,1,1,1,1,1,1,1,1,1,1,0,1,1
725,1.56656918078005,1,1,1,1,1,0,1,1,1,1,1,1,1,1,1
726,0.142839263855751,0,1,0,1,0,0,1,1,1,0,1,1,0,0,1
727,1.19031180812062,1,1,1,1,1,1,0,1,1,1,1,1,1,0,0
728,-0.171055271063559,1,1,0,1,0,0,1,0,1,1,1,1,0,0,1
729,-0.792612154303974,0,1,0,0,0,0,0,0,0,0,1,1,0,0,0
730,-0.651295000159817,0,0,0,1,0,0,1,0,0,0,1,1,0,0,0
731,0.525136831411715,0,1,0,0,1,1,1,1,1,1,1,1,0,0,0
732,1.73616888154967,1,1,1,1,0,0,1,1,1,1,1,1,0,1,1
733,1.67067537741603,1,1,1,1,1,1,1,1,1,1,1,1,0,0,1
734,1.32893943837494,1,1,1,1,0,0,1,1,1,1,1,1,1,1,1
735,1.98662991899828,1,1,1,1,0,1,1,1,1,1,1,1,1,1,1
736,-1.91566522323103,0,0,0,1,0,0,0,0,0,0,0,0,0,0,1
737,-0.761104565745577,0,1,1,1,0,0,0,0,1,1,0,1,0,0,0
738,0.0557039266829168,0,1,0,1,0,0,0,1,1,0,1,1,0,0,0
739,0.806675352758711,1,1,0,1,1,0,1,1,1,1,1,1,0,0,1
740,1.22194431001409,0,1,1,1,1,1,1,1,1,1,1,1,0,0,1
741,-0.0480377099453352,0,1,0,1,1,1,1,0,1,1,1,1,0,0,0
742,-0.00434395651158993,0,1,1,1,0,0,1,1,1,1,1,1,0,0,1
743,-0.921786432857973,0,0,0,1,0,0,1,1,0,1,0,0,0,0,0
744,-0.538486702755193,0,1,0,0,0,0,1,0,1,0,1,1,0,0,0
745,-0.124061885628312,0,1,0,1,0,0,0,1,1,1,1,1,0,0,0
746,-0.00205172299343844,0,0,0,1,0,0,1,1,1,0,1,1,0,0,0
747,1.02224610315999,1,1,1,1,1,1,1,1,1,1,1,1,0,0,0
748,-0.994493615874536,0,0,1,0,0,0,1,0,0,1,1,1,0,0,0
749,1.06077506552691,1,1,1,1,0,1,1,1,1,1,1,1,1,0,0
750,-1.55806756301053,0,0,0,0,0,0,1,0,0,0,1,1,0,0,0
751,-0.897757129636634,0,1,0,0,0,0,0,1,1,0,0,1,0,0,0
752,0.319989519719409,1,1,1,1,1,0,1,0,1,1,1,1,0,0,1
753,-2.32248322126008,0,0,0,0,0,0,1,1,0,0,1,0,0,0,0
754,1.57201974239065,1,1,0,1,1,1,1,1,1,1,1,1,0,0,1
755,-1.04233689980861,0,0,1,0,0,0,1,1,0,0,0,1,0,0,0
756,0.0582088625154447,1,1,1,1,1,0,1,1,1,1,1,1,0,0,1
757,0.86569428623535,0,1,1,1,1,0,1,1,1,1,1,1,0,0,1
758,0.669580520873774,1,1,1,1,1,0,1,1,1,1,1,1,0,0,1
759,1.51395478182895,1,1,1,1,1,0,1,1,1,1,1,1,0,0,1
760,-0.344677059794947,0,1,0,1,0,0,1,1,1,1,1,1,0,0,0
761,-0.634958027831812,0,1,1,1,0,1,1,0,1,0,0,1,0,0,1
762,-1.05793265504561,0,1,0,0,0,0,0,1,0,0,1,1,0,0,0
763,-0.427042425036594,0,1,1,1,0,0,1,0,0,1,1,1,0,0,0
764,0.676143234184964,1,1,1,1,1,0,1,1,1,1,1,1,0,0,1
765,-0.643221235849302,0,0,0,0,0,0,0,1,1,1,1,1,0,0,0
766,1.23813638291284,1,0,0,1,1,1,1,1,1,1,1,1,0,0,1
767,0.565453622613488,1,1,1,0,0,0,0,1,1,1,0,1,0,1,1
768,0.553033447913455,1,1,0,1,0,1,1,1,1,1,1,1,0,0,1
769,-0.285273440867594,0,1,0,1,0,0,1,1,0,0,1,1,0,0,0
770,-0.535789172920739,0,1,1,1,1,0,1,1,1,0,1,1,0,0,0
771,1.63155011704872,1,1,1,1,1,1,1,1,1,1,1,1,1,1,1
772,-0.505065910109728,0,1,0,1,0,0,0,1,1,0,0,1,0,0,0
773,0.885000643524319,1,0,1,1,0,0,1,1,1,1,1,1,0,1,1
774,-1.11776844429655,0,0,1,0,0,0,1,0,1,0,0,1,0,0,0
775,1.30344244792425,1,1,1,1,1,0,0,1,1,1,1,1,1,1,0
776,-0.546892181411869,1,0,0,0,1,0,0,1,1,1,1,1,0,0,0
777,1.81049056902974,1,1,1,1,1,1,1,1,1,1,1,1,0,0,1
778,-1.14707550715491,0,1,0,0,0,0,1,1,1,0,0,1,0,0,0
779,0.455787448310032,1,0,0,1,0,0,1,1,1,1,1,1,0,1,1
780,0.630832799737333,0,1,1,1,0,1,1,1,1,1,1,1,0,0,1
781,-1.36473412732071,0,0,0,0,0,0,0,1,0,0,0,1,0,0,0
782,-0.300981669172881,0,1,1,1,0,0,0,1,1,0,1,1,1,0,1
783,-0.257544691497976,0,1,1,1,1,0,1,1,1,1,0,1,0,0,0
784,-1.52784458021156,0,0,0,0,0,0,1,1,0,0,0,1,0,0,0
785,0.97377801958159,1,1,1,1,0,1,1,1,1,1,1,1,0,1,1
786,0.279488904614904,1,1,0,1,1,0,1,1,1,1,1,1,0,0,1
787,-0.982657786046907,0,1,1,0,0,0,1,1,1,0,1,1,0,0,0
788,0.0114772254973027,1,1,1,1,1,1,1,1,1,1,1,1,0,0,1
789,-1.15502474654643,0,1,1,0,0,0,0,1,0,0,1,0,0,0,1
790,0.204242142096022,0,1,0,1,1,1,1,1,1,1,1,1,0,0,1
791,-0.211658929289321,1,1,1,0,0,1,0,1,1,1,1,1,0,0,1
792,-0.702570924095557,0,0,0,0,0,0,1,0,1,1,1,1,0,0,0
793,-2.13068519720235,0,0,0,0,0,0,0,0,0,0,0,0,0,0,1
794,-0.857637325152899,0,1,0,0,0,1,0,1,0,1,0,1,0,0,0
795,1.85522081694425,1,1,0,1,1,0,1,1,1,1,1,1,1,0,1
796,0.298626949071797,1,1,1,1,0,0,1,0,1,1,0,1,0,0,0
797,0.37545857048003,0,1,1,1,1,0,1,1,1,1,0,1,0,1,0
798,-1.03698046905997,0,1,0,1,0,0,1,1,1,0,1,1,0,0,0
799,1.52633492566431,1,1,1,1,0,1,1,1,1,1,1,1,1,0,1
800,0.730462945704439,0,1,0,1,0,0,1,1,1,1,1,1,0,0,1
801,0.631713501322621,1,1,1,1,0,1,1,0,1,1,1,1,0,1,1
802,-0.908876240926642,0,1,1,0,0,0,1,1,1,1,1,1,0,0,1
803,0.876967711687296,1,1,1,1,1,1,1,1,1,1,1,1,1,0,1
804,1.22618982156385,1,1,1,1,1,1,1,0,1,1,1,1,0,1,1
805,-0.936549764672249,0,1,0,0,0,0,1,0,1,0,1,1,0,0,1
806,-0.195518937516358,1,1,1,1,1,0,0,1,1,1,1,1,0,0,1
807,-0.256377517082166,0,0,0,0,0,0,1,1,1,1,1,1,0,0,0
808,-0.372768530781785,0,1,1,0,0,0,1,0,0,1,1,1,0,0,0
809,-0.110647644822411,0,0,1,0,0,0,1,1,1,1,1,1,0,0,0
810,0.660165249914448,1,1,1,1,0,1,1,0,1,1,1,1,0,0,1
811,1.00377563610587,1,1,1,1,0,1,1,0,1,1,1,1,1,0,1
812,-1.93152379277723,0,0,0,0,0,0,0,1,0,0,0,0,0,0,0
813,0.387040172756264,1,1,0,1,0,0,1,1,1,1,1,1,0,0,1
814,-0.178153138614703,0,0,0,1,0,0,1,0,1,1,1,0,0,0,1
815,-0.0204469896575035,0,0,0,0,1,1,1,1,1,1,0,1,0,0,1
816,-0.511775212554875,0,0,1,0,0,1,1,1,1,1,0,1,0,0,1
817,-1.88597303900158,0,0,0,0,0,0,0,0,0,0,0,1,0,0,0
818,1.2718928865669,1,1,1,1,1,1,1,1,1,1,0,1,0,0,1
819,2.08565746482147,1,1,0,1,1,1,1,1,1,1,1,1,1,1,1
820,-1.32851632200484,0,0,0,0,0,0,0,1,0,0,0,1,0,0,0
821,1.11435704977443,0,1,1,1,1,0,1,1,1,1,1,1,0,1,1
822,1.5798060071624,0,1,1,1,1,0,0,1,1,1,1,1,0,1,0
823,-0.475570133477789,0,0,1,0,0,0,1,1,1,1,1,1,0,0,0
824,-0.127588778785185,0,1,1,1,0,1,1,1,1,0,1,1,0,0,1
825,1.19064311550134,1,1,1,1,0,1,1,1,1,1,1,1,0,0,1
826,1.78919645727041,1,1,1,1,1,1,0,1,1,1,1,1,0,1,0
827,-0.377825498533574,0,1,1,1,0,0,1,0,1,1,1,1,0,0,0
828,-1.59987181035507,0,1,0,1,0,0,0,0,0,0,1,0,0,0,0
829,0.785801112685119,0,1,0,1,1,1,1,0,1,1,0,1,0,0,1
830,-1.33914401805761,0,0,1,0,0,0,1,1,1,1,0,1,0,0,1
831,0.00198565793187537,1,0,0,1,0,1,1,1,1,0,1,1,0,0,1
832,-0.608476087214525,0,0,0,1,0,0,1,0,1,0,0,1,0,0,0
833,1.66953640918819,1,1,0,1,1,1,0,1,1,1,1,1,1,1,1
834,-0.535184195718098,0,0,1,1,0,0,1,0,0,0,1,1,0,1,1
835,2.58601456493979,1,1,0,1,1,1,1,1,1,1,1,1,0,1,1
836,0.268717648139832,1,0,0,1,0,1,1,1,1,1,1,1,0,1,1
837,0.330960306735027,0,1,0,1,1,0,1,1,1,1,1,1,0,1,1
838,-1.52797675428513,0,0,0,0,0,0,1,1,0,0,0,0,0,0,0
839,0.190795543505323,0,1,0,1,0,0,1,1,1,1,1,1,0,0,0
840,0.113446430966478,0,0,0,1,0,0,0,1,1,1,1,1,0,0,0
841,-1.764791457196,0,0,0,0,0,0,0,1,0,0,1,0,0,0,0
842,0.201204836685477,1,0,1,0,1,1,1,1,1,1,1,1,0,1,0
843,0.771174897540248,1,1,1,1,0,1,1,1,1,1,1,1,1,0,0
844,-1.32955951329384,0,0,0,0,0,0,1,1,1,0,0,1,0,0,0
845,-0.745692548579408,1,1,1,1,0,0,1,1,0,0,1,0,0,0,0
846,1.52029052856043,1,1,1,1,1,1,1,1,1,1,1,1,0,1,1
847,1.42215117090595,1,1,1,1,0,1,1,1,1,1,1,1,0,1,0
848,-1.75948898483356,0,0,0,1,0,0,0,1,0,0,0,1,0,0,0
849,-0.767729413202193,0,0,0,0,0,1,0,0,1,1,0,1,0,0,0
850,-0.190178010120145,1,1,0,1,0,1,1,1,1,1,1,1,0,0,0
851,0.659898214897169,1,1,1,1,0,1,1,1,1,1,1,1,0,0,0
852,0.733714735495279,0,1,0,1,0,1,1,1,1,1,1,1,1,0,1
853,-0.016328044809359,0,0,1,1,0,1,1,1,1,1,0,1,0,0,0
854,-0.870131571308792,0,0,0,1,0,0,0,1,1,0,0,1,0,0,1
855,-1.27369623979967,0,0,0,1,0,0,0,0,0,1,0,0,0,0,0
856,-1.05785720441967,0,1,0,0,0,0,1,1,0,1,0,0,0,0,1
857,-0.131602215176231,1,1,1,1,0,0,1,1,1,1,1,1,0,0,0
858,1.16790138582166,0,0,1,1,1,0,1,1,1,1,1,1,0,1,1
859,1.04157569321682,1,1,1,1,0,0,1,1,1,1,1,1,0,1,1
860,2.13623666268407,1,1,1,1,1,0,1,1,1,1,1,1,1,0,1
861,-0.908211454820976,0,0,1,0,0,0,1,0,0,0,1,1,0,0,0
862,0.535881063955772,1,1,1,1,1,0,1,1,1,1,1,1,0,0,1
863,-1.93151179240145,0,1,1,0,0,0,0,0,0,0,0,1,0,0,0
864,0.243553119921181,1,1,0,1,1,1,1,1,1,1,0,1,0,0,0
865,1.45561381150664,1,1,0,1,0,0,1,1,1,1,1,1,0,1,1
866,1.22589387591223,1,1,0,1,0,1,1,1,1,1,0,1,1,0,1
867,-1.68430309033838,0,0,0,0,0,0,1,1,0,0,1,0,0,0,0
868,0.68246646783187,0,1,0,1,0,0,1,1,1,1,1,1,1,0,1
869,-0.792611283603328,0,0,0,1,0,0,1,0,0,1,1,1,1,0,0
870,-1.43741536840667,0,0,1,0,0,0,0,1,0,0,0,0,0,0,1
871,1.26644184533569,1,1,1,1,1,1,1,1,1,1,1,1,0,0,1
872,1.10406059476652,1,1,1,1,0,1,1,1,1,1,1,1,0,1,1
873,-1.64919699188642,0,0,1,0,0,0,0,0,0,0,0,1,0,0,0
874,-0.598148030646267,0,1,0,0,0,1,1,1,0,1,1,1,0,0,0
875,-0.0188919137268641,0,1,1,1,0,1,1,1,1,0,1,1,0,0,1
876,-0.654559501060037,0,1,0,0,0,0,0,0,0,0,1,0,0,0,0
877,-0.0187640958558409,1,1,0,1,0,0,1,1,1,1,1,1,0,0,1
878,-0.440505079182314,1,0,1,1,0,0,0,1,1,1,1,1,0,0,0
879,-0.493847442005083,0,0,0,1,0,0,1,1,1,0,1,1,0,0,0
880,-0.339937652369324,0,1,0,1,0,0,0,0,1,1,1,1,0,0,1
881,-1.41220453614791,1,0,0,0,0,0,0,1,0,0,0,1,0,0,0
882,0.164078303880145,0,1,1,1,0,0,0,0,1,1,1,1,0,0,0
883,0.990238391901712,1,1,0,1,1,1,1,1,1,1,1,1,1,1,1
884,-1.42235908110149,0,0,0,1,0,0,0,0,0,0,0,1,0,0,0
885,-0.36206501089809,1,1,0,0,0,1,1,1,1,1,1,1,0,0,0
886,1.74768450820798,1,1,0,1,1,1,1,1,1,1,1,1,0,0,1
887,-0.0488924949092462,0,1,0,1,1,0,1,1,1,1,1,1,0,0,0
888,0.0988613291179784,1,1,1,1,0,0,1,1,1,1,1,1,0,0,0
889,-0.460288802065173,0,1,0,0,0,0,0,0,1,0,1,1,0,0,0
890,0.252235745394688,0,1,1,1,0,1,1,1,1,1,1,1,0,0,1
891,-0.345579223807739,0,0,0,1,0,0,1,0,1,1,1,1,0,0,1
892,-0.760165398638713,0,1,0,1,0,0,0,1,1,1,1,1,0,0,0
893,0.0643199653669161,1,1,0,1,1,1,0,1,1,1,1,1,0,0,1
894,0.234857606868934,0,1,1,1,1,0,1,1,1,1,1,1,1,0,1
895,0.00143485367627004,0,1,0,0,0,0,1,1,1,1,1,1,0,0,1
896,-0.179681293609361,0,1,1,0,0,0,1,0,1,1,1,1,0,0,1
897,-0.381875917577026,0,1,1,1,0,0,1,1,1,1,0,1,0,0,0
898,2.69525321786458,1,1,1,1,1,1,1,0,1,1,1,1,1,1,1
899,0.900682698069343,1,1,0,1,1,1,1,1,1,1,1,1,0,0,0
900,-3.12393720521626,0,0,0,0,0,0,1,0,0,0,0,0,0,0,0
901,0.198562780494821,0,1,0,1,0,1,1,0,1,1,1,1,1,1,1
902,1.54631642468047,1,1,1,1,1,0,1,1,1,1,1,1,1,0,1
903,-1.06491712709384,0,0,0,0,0,0,1,1,1,1,1,1,0,0,0
904,-1.30925275939098,0,0,0,0,0,0,0,1,0,1,0,0,0,0,0
905,0.549331305533007,1,1,1,1,0,0,1,1,1,1,1,1,0,0,1
906,0.856915088577103,1,1,1,1,0,0,1,1,1,1,1,1,0,1,1
907,-1.24516946021001,0,0,0,0,0,0,0,0,0,0,1,0,0,0,0
908,0.0111647938088553,0,1,1,1,1,0,1,0,1,1,0,1,0,0,0
909,-1.76632497936661,0,0,0,0,0,0,1,1,0,0,0,0,0,0,0
910,-0.358464373527793,1,1,1,1,0,0,1,1,1,1,1,1,0,0,1
911,1.07060284797068,1,1,0,1,1,1,1,1,1,1,1,1,0,0,1
912,1.06912445273048,0,1,1,1,1,1,1,1,1,1,1,1,0,1,0
913,-0.113728695050073,0,1,0,1,0,0,1,1,1,1,1,1,0,0,0
914,-0.472420770268191,0,1,1,1,0,0,1,0,1,1,1,1,0,0,0
915,-1.20425405522618,0,0,0,0,0,0,1,0,0,0,0,1,0,0,1
916,0.122398783094937,1,1,1,1,0,0,1,1,1,1,1,1,0,1,0
917,0.187594770803774,0,1,0,1,0,0,1,1,0,1,1,1,0,1,1
918,-1.66865446703246,0,0,0,0,0,0,1,1,0,0,1,1,0,0,0
919,-0.665569061248665,0,1,1,0,0,0,1,1,1,0,1,1,0,0,1
920,-0.75800921966707,0,1,0,0,0,0,0,1,1,0,0,1,0,0,0
921,0.621186339300163,0,1,1,1,0,1,1,0,1,1,1,1,0,1,0
922,0.496149165195212,1,1,0,1,0,0,1,1,1,1,1,1,0,0,1
923,-0.80275658925013,0,0,0,1,0,0,0,1,1,0,0,1,0,0,1
924,-0.761317392283791,0,0,1,0,0,0,1,1,1,1,1,1,0,0,1
925,1.8132668143,1,1,1,1,1,0,1,1,1,1,1,1,1,1,1
926,0.0111647938088553,0,1,1,0,1,0,0,1,1,0,1,1,0,0,1
927,0.68941203622757,0,1,1,1,1,1,1,1,1,1,1,1,0,0,1
928,0.925683628195663,1,1,1,1,1,0,1,1,1,1,1,1,1,0,1
929,0.843039787012877,1,1,0,1,0,0,1,0,1,1,1,1,0,1,1
930,0.150182983855127,1,0,0,1,0,0,1,1,1,1,1,1,0,0,1
931,-0.344969496863327,0,1,1,1,0,1,1,0,0,1,1,1,0,0,0
932,-1.43114688550462,0,1,0,0,0,0,0,0,0,0,1,1,0,0,0
933,1.39920751292642,1,1,1,1,1,1,1,1,1,1,0,1,0,0,1
934,-0.789640681163194,0,1,1,0,0,0,1,1,1,1,1,1,0,0,0
935,0.8016704608722,1,1,0,1,0,0,1,1,1,1,1,1,0,1,1
936,0.120090588552199,1,1,0,0,0,0,1,0,1,1,0,1,1,0,1
937,0.935530505265454,1,1,0,1,1,0,1,1,1,1,1,1,0,1,1
938,-0.757822381887869,0,0,1,0,0,0,1,0,1,1,0,1,0,0,1
939,0.342437246417495,1,1,1,1,0,1,1,1,1,1,1,1,0,0,1
940,3.19956328717825,1,1,1,1,1,1,1,1,1,1,1,1,1,1,1
941,-2.05007619560467,0,0,0,0,0,0,0,1,0,0,0,0,0,0,0
942,0.583562180502615,1,0,1,1,1,0,0,1,1,1,1,1,1,1,1
943,-0.706424451461109,0,1,0,0,0,0,1,0,1,0,0,1,0,0,1
944,-1.21597421089728,0,1,0,1,0,0,1,0,1,0,0,1,0,0,1
945,-0.623807983666635,0,1,1,1,0,0,1,1,1,0,1,1,0,0,0
946,1.36520613205377,1,1,1,1,1,1,1,1,1,1,1,1,1,1,1
947,1.18318994226553,1,1,1,1,0,1,1,0,1,1,1,1,0,0,1
948,0.514790884400806,1,1,1,1,1,1,0,1,1,1,1,1,0,0,0
949,1.03764408472977,1,1,1,1,1,1,1,1,1,1,1,1,0,1,0
950,-0.936984916098417,0,0,0,0,0,0,1,0,1,1,1,1,0,1,0
951,-0.691752356168002,0,1,1,0,0,0,1,1,1,1,1,1,0,0,0
952,-1.19646334005169,0,1,0,0,0,0,1,1,0,0,0,1,0,0,0
953,-0.0881911606992459,1,1,0,1,0,0,0,1,1,1,1,1,0,0,0
954,-0.326158680430829,1,0,1,1,0,1,1,1,1,1,0,1,0,0,0
955,0.925457605048185,1,1,1,1,0,0,1,1,1,1,1,1,0,0,1
956,0.651439700382831,0,1,1,1,0,1,1,0,1,1,1,1,1,0,1
957,-0.66953169391134,0,1,0,0,0,0,1,1,1,1,1,1,0,0,1
958,-1.80109562985893,0,0,0,0,0,0,1,0,0,0,0,0,0,0,0
959,2.35935838196734,1,1,1,1,1,1,1,1,1,1,1,1,0,1,1
960,-0.392208660159353,0,0,1,1,0,0,0,1,1,1,1,1,0,0,0
961,2.04630656357432,1,1,0,1,1,1,1,1,1,1,1,1,1,1,1
962,0.99071790938238,1,1,0,1,1,1,1,0,1,1,1,1,1,0,1
963,-1.67024409912942,0,0,0,1,0,0,1,1,0,0,0,1,0,0,0
964,1.87610058138277,1,1,1,1,1,1,1,1,1,1,1,1,1,1,1
965,3.25210334400832,1,1,1,1,1,1,1,0,1,1,1,1,1,1,1
966,-0.651493767677075,0,1,1,0,0,0,1,1,1,1,1,0,0,0,1
967,-0.682383109231411,0,0,1,1,0,0,0,0,0,0,1,1,0,0,1
968,-0.404623426753859,0,1,0,0,0,0,1,0,0,0,0,1,0,0,1
969,-0.576470035982169,0,1,0,0,1,0,1,1,1,0,0,1,0,0,0
970,-0.0721333796860454,1,1,0,1,0,1,1,1,1,1,1,1,0,1,0
971,-0.00482967468965429,0,1,0,1,0,1,1,1,1,0,1,1,0,0,0
972,0.339681224565213,1,1,1,0,0,1,1,0,1,1,1,1,0,0,1
973,-1.89970260946624,0,0,0,0,0,0,0,1,0,0,1,1,0,0,0
974,1.22073580157984,1,1,1,1,1,1,0,0,1,1,1,1,1,1,1
975,-0.172062798913041,0,1,0,1,0,0,1,1,1,0,0,1,0,0,0
976,-1.64973837345045,0,1,0,0,0,0,0,1,0,0,0,0,0,0,0
977,0.876722449896097,1,1,1,1,0,0,1,1,1,1,1,1,0,0,1
978,-0.158695997133178,0,1,1,0,1,0,0,1,1,1,0,1,0,0,0
979,0.0588567197231727,0,1,0,1,0,0,1,1,1,1,1,1,0,0,1
980,-2.03180904492529,0,1,0,0,0,0,0,1,0,0,0,0,0,0,0
981,1.48090574502004,0,1,1,1,0,1,1,1,1,1,1,1,0,1,1
982,-1.68231582841852,0,0,0,0,0,0,1,1,0,1,0,0,0,0,0
983,-1.06557606157751,0,1,0,0,0,0,1,1,1,0,1,1,0,0,0
984,0.615585618849931,1,1,1,1,0,1,1,1,1,1,1,1,0,0,0
985,-0.538598677412649,0,1,0,1,0,0,1,1,1,0,1,1,0,0,0
986,-0.108316592295043,1,0,0,1,0,0,1,1,0,1,1,1,0,0,1
987,0.412359666039373,1,1,1,1,0,1,1,1,1,1,1,1,0,0,1
988,0.712008500517577,0,1,1,1,0,0,1,1,1,1,1,1,0,1,1
989,-0.817287472833957,0,0,0,0,0,0,0,1,1,0,0,1,0,0,0
990,0.760497789428356,1,1,1,1,0,1,1,1,1,1,0,1,0,0,1
991,0.801913294744604,0,1,0,1,1,0,0,1,1,1,1,1,0,0,0
992,-0.817089461158191,0,1,0,1,0,0,1,0,1,0,1,1,0,0,0
993,-0.840411124670327,0,0,0,0,0,0,0,1,1,0,0,1,0,0,0
994,-1.44433995128691,0,0,0,0,0,0,0,1,1,1,0,1,0,0,0
995,-0.866214132740129,0,1,1,0,0,0,1,0,0,0,0,0,0,0,0
996,0.253764094343224,1,1,1,1,0,1,1,0,1,1,1,1,0,0,0
997,-1.19588108896608,0,0,0,0,0,0,0,1,0,1,1,1,0,0,0
998,0.113298244855329,1,0,1,0,0,0,1,1,1,0,1,1,0,0,1
999,-0.531232370472025,0,1,0,0,1,0,0,1,1,0,1,1,0,0,0
1000,-1.61112437489336,0,0,0,1,0,0,1,1,0,0,0,0,0,0,0
1001,0.540945986934698,1,1,0,0,0,0,1,1,1,1,1,1,0,0,0
1002,1.73422217023986,1,1,1,1,1,0,0,1,1,1,1,1,1,1,1
1003,0.33989766084927,1,1,0,1,0,0,1,1,1,1,1,1,0,0,1
1004,-0.754386057099209,0,1,0,1,0,0,1,0,1,1,1,1,0,0,1
1005,-1.35236664582002,0,0,0,0,0,0,1,0,1,0,1,0,0,0,0
1006,2.90524401321878,1,1,1,1,0,1,1,1,1,1,1,1,1,1,1
1007,-1.2105507027697,0,0,0,0,0,0,0,1,0,1,0,0,0,0,0
1008,-1.10413899543619,0,0,1,0,0,0,1,0,0,0,0,1,0,0,0
1009,0.362110929085665,1,1,0,1,1,0,1,1,1,1,0,1,0,0,0
1010,-0.282205842358165,1,1,0,1,0,0,0,1,1,1,0,1,0,0,1
1011,1.4711322570831,0,1,1,1,1,0,1,1,1,1,1,1,0,1,1
1012,-1.04429922738387,0,0,0,1,0,0,1,1,1,0,0,1,0,0,0
1013,-0.427320131403663,0,1,0,0,0,0,1,1,1,0,0,1,0,0,0
1014,-0.316153506487465,0,1,0,1,0,0,1,1,1,1,1,1,0,0,1
1015,0.195314028704623,1,1,0,1,0,0,1,1,1,1,1,1,0,0,0
1016,0.840673896522651,0,1,1,1,1,0,1,1,1,1,1,1,0,1,1
1017,-1.90040340292492,0,1,0,0,0,0,1,0,0,0,0,0,0,0,0
1018,-0.839846671039345,0,0,0,0,1,0,0,1,1,1,1,1,0,0,0
1019,-1.15970413427357,0,0,0,0,0,0,1,1,1,0,0,1,0,0,0
1020,0.695189829186689,1,1,1,1,0,0,1,1,1,1,1,1,0,0,1
1021,-0.631101384169486,0,1,0,1,0,0,1,0,1,0,0,1,0,0,0
1022,0.0145844925512945,0,1,1,1,0,0,1,1,1,1,0,1,1,0,1
1023,-1.15843123881871,0,0,0,1,0,0,1,1,0,0,1,0,0,0,0
1024,0.709723350421019,1,1,1,1,0,0,1,0,1,1,1,1,0,0,1
1025,-0.145630497031192,0,1,0,1,0,1,1,1,1,1,1,1,0,0,0
1026,0.889037470157837,1,1,1,1,1,1,1,1,1,1,1,1,0,1,1
1027,1.24357729561027,1,1,1,1,1,0,1,1,1,1,1,1,1,0,1
1028,-0.961612040665559,0,0,0,0,0,0,1,0,1,0,1,1,0,0,0
1029,1.15350663260318,1,1,1,1,0,0,1,0,1,1,1,1,1,1,1
1030,-0.538765955452058,0,0,0,0,0,1,0,1,1,1,1,1,0,0,1
1031,-0.429472195964408,0,0,1,1,0,0,1,1,1,1,0,1,0,0,0
1032,0.0948701488750777,0,1,0,1,0,0,1,0,1,1,0,1,0,0,0
1033,0.77074099137582,0,1,1,1,0,1,1,1,1,1,1,1,0,0,0
1034,0.450182037091446,1,1,0,1,1,0,0,1,1,1,1,1,0,0,1
1035,0.872955700305328,1,1,0,1,1,1,1,1,1,1,1,1,0,0,1
1036,2.10784615140509,1,1,0,1,0,1,1,1,1,1,1,1,1,1,1
1037,-1.09915900917615,0,0,0,1,0,0,1,1,1,1,1,1,0,0,0
1038,-0.18062915447926,0,1,0,1,0,0,1,1,1,1,1,1,0,0,1
1039,0.333562644282313,1,1,1,1,1,1,1,1,1,1,0,1,0,1,1
1040,0.96419330690179,1,1,1,1,1,0,1,1,1,1,1,1,1,1,1
1041,-1.21121337939726,0,0,0,1,0,0,0,1,0,0,0,1,0,0,0
1042,-0.794869822967494,0,0,0,0,0,0,0,0,0,1,0,1,0,0,0
1043,-0.501627406000308,0,0,0,0,0,1,1,1,1,1,1,1,1,0,0
1044,0.105984163516604,0,1,1,1,0,0,1,1,1,1,1,1,0,1,0
1045,0.541321737263008,1,1,1,1,1,0,1,0,1,1,1,1,0,0,1
1046,-0.00223746074106521,1,1,0,0,0,1,1,0,1,1,1,1,1,0,1
1047,0.203546649522448,1,1,0,1,0,0,1,1,1,1,1,1,1,0,1
1048,-0.611994722917244,1,0,0,0,0,1,1,1,1,0,1,1,0,0,0
1049,-0.709563760265653,0,1,1,1,0,0,1,1,0,0,0,1,0,0,0
1050,-0.571534610161686,0,0,0,1,0,0,1,1,1,0,1,1,0,0,1
1051,-0.0117757250456852,0,1,1,1,0,0,1,0,1,1,0,1,0,0,0
1052,0.873970119607132,0,1,0,1,0,1,1,1,1,1,1,1,1,1,1
1053,1.29185216000065,1,1,1,1,0,1,0,1,1,1,1,1,0,1,1
1054,0.587058509260468,1,1,1,1,0,0,1,0,1,1,1,1,0,0,1
1055,-0.0197366193717732,0,1,1,1,0,0,0,1,0,1,1,1,0,0,0
1056,-0.294357335025157,0,1,0,0,0,0,1,1,1,1,1,1,0,0,1
1057,0.24392763052516,1,1,0,0,0,0,1,1,1,1,1,1,1,0,1
1058,-0.567711731754595,0,1,1,1,0,1,1,1,1,0,1,1,0,0,0
1059,-0.535179025327895,0,1,1,0,0,0,1,0,1,1,1,1,0,0,1
1060,1.12436390775541,1,1,0,1,1,0,1,1,1,1,1,1,0,0,1
1061,-0.901661425776496,0,0,0,0,0,1,0,1,1,0,0,1,0,0,0
1062,0.0968509323421508,0,0,1,1,0,1,1,1,1,1,1,1,0,1,0
1063,0.649809501258931,1,1,1,1,0,0,1,1,1,1,1,1,1,0,1
1064,-0.303509013184248,0,0,0,0,0,0,1,1,1,1,1,1,0,0,0
1065,-0.481562860549259,0,1,0,1,1,0,0,1,1,1,1,1,0,0,0
1066,1.77358107150307,1,1,1,1,0,1,1,0,1,1,1,1,1,1,1
1067,1.42420048640035,0,1,0,1,1,0,1,0,1,1,1,1,0,1,1
1068,0.555390472960252,0,1,0,0,1,0,1,1,1,1,1,1,0,0,1
1069,0.0950858396150094,0,1,0,1,0,1,0,1,1,0,0,1,1,0,0
1070,-0.832426289716684,0,1,0,0,0,0,1,1,1,0,0,1,0,0,1
1071,-2.04925191747918,0,1,1,0,0,0,0,0,0,0,0,1,0,0,0
1072,0.828286703901854,1,1,1,1,0,1,1,1,1,1,1,1,1,0,1
1073,0.195475799086011,0,1,1,0,0,1,1,0,1,1,1,1,1,0,1
1074,1.57255986461877,1,1,1,1,1,1,1,1,1,1,1,1,1,0,1
1075,-0.0587748563277175,0,1,0,0,0,0,0,1,1,1,0,1,0,1,0
1076,0.227996739703923,0,1,1,1,0,0,1,1,1,1,1,1,0,0,1
1077,1.04922137632265,1,1,0,1,1,0,1,1,1,1,1,1,0,1,1
1078,0.273076227485287,0,1,1,1,0,0,1,1,1,1,1,1,1,1,0
1079,-0.480966903093494,0,1,0,1,0,0,1,1,0,1,0,1,0,0,0
1080,-0.0598963880272463,0,0,1,1,1,1,1,1,1,1,1,1,0,0,0
1081,0.634052820277862,1,1,1,0,0,1,0,1,1,1,1,1,0,0,1
1082,0.889044118481916,1,1,0,1,1,1,1,1,1,1,1,1,0,0,1
1083,0.916023387341595,1,1,1,1,1,1,1,1,1,1,1,1,0,0,0
1084,1.35913218179506,1,1,0,1,1,1,1,1,1,1,1,1,1,1,1
1085,0.698791823492604,1,1,1,1,1,0,1,1,1,1,1,1,1,0,0
1086,-0.77347484795168,1,0,0,1,0,0,1,1,1,1,0,1,0,0,0
1087,0.411775563007858,0,1,1,1,0,1,1,0,1,1,1,1,1,0,0
1088,0.358230826250829,1,1,1,1,1,1,1,1,1,1,1,1,0,1,0
1089,-0.795759497467025,0,1,1,0,0,0,0,1,1,0,1,0,0,0,1
1090,0.398046768658608,1,1,1,1,1,1,1,0,1,0,1,1,0,0,1
1091,-0.330834156069116,0,1,1,1,0,0,0,0,1,1,0,1,0,0,0
1092,0.0222538652975778,0,1,0,0,0,0,1,1,1,1,1,1,1,0,0
1093,-1.5921603229295,0,0,0,0,0,0,1,1,0,0,0,0,0,0,1
1094,1.28392683140434,1,1,1,1,1,0,1,1,1,1,1,1,1,0,1
1095,0.560243227522726,1,1,1,0,0,0,1,1,1,1,1,1,0,1,0
1096,0.126482884397207,1,1,0,1,1,0,1,1,1,1,1,1,0,0,1
1097,-0.320939028988556,0,1,1,1,0,1,1,1,1,1,1,1,0,0,0
1098,-0.185465648186094,0,1,0,1,0,0,0,1,1,1,0,1,0,0,0
1099,1.828604103096,1,1,1,1,1,0,0,0,1,1,0,1,1,1,1
1100,-0.653851130559308,0,0,0,0,0,1,1,1,1,1,0,1,0,0,0
1101,-0.465517074596473,0,1,1,0,0,0,1,1,1,0,0,1,0,0,1
1102,-0.379843829441528,1,0,0,0,0,0,0,1,1,1,1,1,0,0,0
1103,-0.544123480633104,0,1,0,1,0,0,0,1,1,1,0,1,1,0,1
1104,-0.418034308098691,0,0,0,1,0,0,1,1,1,1,0,1,0,0,1
1105,-0.222255132052037,0,1,0,1,0,0,1,0,1,1,1,1,0,0,0
1106,0.815020260162958,1,1,0,1,1,0,1,1,1,1,1,1,0,1,1
1107,-1.13855356027614,0,0,0,0,0,0,1,0,1,1,0,1,0,0,0
1108,-1.44959831725657,0,0,0,0,1,0,0,1,0,0,1,0,0,0,0
1109,2.06490123985136,1,1,1,1,1,0,1,1,1,1,1,1,0,1,1
1110,-1.58129110750897,0,0,0,0,0,0,0,1,0,0,0,1,0,0,0
1111,0.0851180950063132,0,0,1,1,1,1,1,1,1,1,1,1,0,0,0
1112,-1.37397796520217,0,1,0,0,0,0,0,0,1,0,0,0,0,0,1
1113,-0.957145671085105,0,0,0,0,0,0,0,1,0,1,1,1,0,0,0
1114,-0.680335874464696,1,0,0,0,0,0,0,0,1,1,1,1,0,0,0
1115,-1.32337467955714,0,0,1,0,0,0,0,1,0,0,1,1,0,0,0
1116,0.570504878935055,0,1,0,1,1,0,1,0,1,1,1,1,0,0,1
1117,0.738928711744182,1,1,1,1,0,0,1,1,1,1,1,1,0,0,1
1118,-0.660480264981152,0,0,0,0,0,0,0,0,0,0,0,1,0,0,0
1119,1.0612333072509,1,1,1,1,1,0,1,1,1,1,1,1,0,0,1
1120,0.422738140740961,1,1,1,1,0,1,1,0,1,1,1,1,1,0,1
1121,-1.35382788614701,0,0,0,0,0,0,1,1,1,0,0,0,0,0,0
1122,-0.284406328193074,0,1,1,1,0,0,0,1,1,1,1,1,1,0,0
1123,2.13625990031186,1,1,1,1,1,1,1,1,1,1,1,1,1,1,1
1124,-0.668455026809823,0,1,1,1,0,0,1,1,1,1,1,1,0,0,0
1125,-0.515029968008534,0,1,1,1,0,0,0,1,1,1,1,1,0,0,0
1126,-1.52703927851557,0,0,0,0,0,0,1,1,0,0,0,0,0,0,0
1127,0.501435128757597,0,1,0,1,0,1,0,0,1,1,1,1,0,0,1
1128,-0.770297731289684,0,0,0,0,0,0,1,0,1,1,0,1,0,0,0
1129,0.211738726982999,1,1,1,1,1,0,1,1,1,0,1,1,0,1,1
1130,-0.356212479385882,1,1,0,1,0,0,1,0,1,0,0,1,0,0,1
1131,0.828297244112724,1,1,1,1,0,0,1,1,1,1,1,1,0,1,1
1132,1.10399428900149,1,1,0,1,0,0,1,1,1,1,1,1,0,1,1
1133,-2.19822792148758,0,0,1,0,0,0,1,0,0,0,0,0,0,0,0
1134,-0.544461532545132,1,1,0,1,0,0,1,0,1,0,1,1,0,0,1
1135,-0.0374553904904688,0,1,1,1,0,0,0,0,1,1,1,1,0,0,0
1136,0.543962983448892,1,1,1,0,0,1,1,0,1,1,1,1,0,0,1
1137,1.04136566146797,1,1,0,1,0,1,1,0,1,1,1,1,0,1,0
1138,-0.49051061736744,0,1,1,1,0,0,0,1,0,0,1,1,0,0,0
1139,-0.473068138954271,0,1,1,1,0,0,1,1,1,1,0,1,0,0,1
1140,-0.325215158466008,0,1,0,0,0,0,1,1,1,1,1,1,0,1,1
1141,-1.18384404041017,0,0,1,0,1,0,0,1,1,0,0,1,0,0,0
1142,-1.93280195516181,0,0,0,0,0,0,1,0,0,0,0,0,0,0,0
1143,0.0134885525194023,1,1,1,1,1,0,1,1,1,1,0,1,0,0,0
1144,-0.907591405957718,0,0,0,1,0,0,0,0,1,0,0,1,0,0,0
1145,-0.850432053449248,0,1,0,0,0,0,0,1,0,1,1,1,0,0,0
1146,-1.16774824387174,0,1,0,0,0,0,1,1,1,0,0,1,0,0,0
1147,-0.520114462265614,0,1,0,1,0,0,1,1,1,1,1,1,0,0,0
1148,0.257508725188231,0,0,1,1,0,0,1,1,1,1,1,1,0,0,0
1149,-1.85182308316403,0,0,0,0,0,0,1,1,0,0,0,0,0,0,0
1150,0.128899956927669,0,1,1,0,1,0,1,1,1,1,1,1,0,0,1
1151,1.41154974790892,1,1,1,1,1,0,1,1,1,1,1,1,1,1,1
1152,-0.332912677680169,0,0,1,1,0,0,1,1,1,1,0,1,0,0,1
1153,-0.342217280744975,0,1,0,1,0,0,1,1,1,0,1,1,0,0,0
1154,0.736528496005993,1,1,1,0,1,0,1,1,1,1,1,1,1,1,1
1155,-0.778980986079825,0,1,1,0,0,0,0,0,1,1,1,1,0,0,0
1156,-0.623631632020839,0,0,0,0,0,1,0,1,0,0,0,1,1,0,0
1157,0.634850241415886,0,1,1,1,1,1,1,1,1,1,1,1,1,0,1
1158,-1.10293317034166,0,1,0,1,0,0,1,1,0,0,0,1,0,0,1
1159,0.857336632391521,1,1,1,1,1,0,1,0,1,1,1,1,0,0,1
1160,-0.73019737350157,0,1,0,0,1,0,1,1,1,0,1,1,0,0,0
1161,-2.29768837745826,0,0,0,0,0,0,0,1,0,0,1,0,0,0,0
1162,-1.26142688594666,0,1,0,0,0,0,1,1,1,0,0,0,0,0,0
1163,0.689409027353971,0,1,1,1,0,0,1,1,1,1,1,1,0,0,0
1164,-0.113736202347632,0,1,0,1,0,1,1,1,1,1,0,1,0,0,1
1165,0.177679756734854,0,1,0,1,0,1,1,1,1,1,1,1,0,0,0
1166,-0.490364117780385,0,1,1,0,1,0,1,1,1,1,1,1,0,0,0
1167,0.89739482264961,1,1,1,1,1,0,1,0,1,1,1,1,0,1,1
1168,0.403643043274886,0,1,1,1,0,0,1,1,1,1,1,1,1,0,1
1169,1.68129162262243,1,1,1,1,0,1,1,1,1,1,1,1,0,1,1
1170,-0.294362632254784,0,1,0,0,0,0,1,0,1,1,1,1,0,0,0
1171,0.964895653244387,1,1,1,1,0,0,1,1,1,1,1,1,1,0,0
1172,-0.920298994504351,0,0,0,0,0,0,0,1,1,0,0,1,0,0,0
1173,0.810243437836878,1,1,1,0,1,0,1,1,1,1,1,1,1,1,0
1174,0.698837717575377,0,1,1,1,0,0,1,1,1,1,1,1,0,1,1
1175,0.516833498376051,0,1,1,1,0,1,1,1,1,1,0,1,0,0,1
1176,0.432305244997325,1,1,1,1,0,1,0,1,1,1,1,1,0,1,1
1177,-0.0559902138506206,0,1,0,1,0,0,1,1,1,1,0,1,0,0,1
1178,-0.30324261282279,0,0,0,1,0,0,0,1,1,0,1,1,1,0,0
1179,0.230259558912924,0,1,0,1,0,0,1,0,1,1,1,1,0,0,0
1180,-2.17553046520781,0,1,0,0,0,0,0,1,0,0,0,0,0,0,0
1181,0.874435617570685,1,1,1,1,1,1,1,0,1,1,1,1,0,0,1
1182,1.29645232010707,1,1,1,1,1,1,1,1,1,1,1,1,0,1,0
1183,1.74619341176914,1,1,1,1,1,1,1,1,1,1,1,1,1,1,1
1184,-0.73926882832189,0,1,0,1,0,0,0,1,1,1,1,1,0,0,1
1185,-1.51156346416756,0,0,0,0,0,0,0,0,1,0,1,1,0,0,0
1186,-0.147440984387697,1,1,1,1,0,0,0,1,1,0,1,1,0,0,0
1187,1.12416196104115,0,1,1,1,0,1,1,0,1,1,1,1,0,0,0
1188,0.303584440042481,0,1,0,1,0,0,1,1,1,1,1,1,0,0,1
1189,0.867257030984597,1,1,1,1,0,1,1,1,1,1,1,1,0,0,1
1190,-0.129161497028839,1,1,1,0,1,0,1,1,1,1,1,1,0,0,0
1191,1.5897195428002,1,1,1,1,0,1,1,1,1,1,1,1,1,1,1
1192,1.05693048666946,0,1,1,1,1,1,0,0,1,1,1,1,0,1,1
1193,1.11836609598972,1,1,1,1,1,1,1,1,1,1,1,1,0,0,1
1194,0.389660991327126,0,1,1,1,1,0,1,1,1,1,1,1,0,1,1
1195,-0.292887009236546,1,1,0,1,1,0,1,0,1,0,0,1,0,0,1
1196,1.15978388827379,1,1,1,1,0,0,0,1,1,1,1,1,1,1,1
1197,-1.81074061013835,0,0,0,1,0,0,0,0,1,0,0,1,0,0,0
1198,-2.77107175683058,0,0,0,0,0,0,0,0,0,0,0,0,0,0,0
1199,1.32259361644394,1,1,1,1,1,0,1,1,1,1,1,1,1,1,1
1200,-1.76435215557141,0,0,0,0,0,0,0,1,0,0,0,1,0,0,0
1201,-0.721732845239758,0,1,1,1,0,0,1,1,1,1,0,1,1,0,1
1202,0.463010020898728,1,1,1,1,0,1,0,1,1,1,1,1,1,0,1
1203,-0.187863889526432,0,1,0,1,0,0,0,1,1,1,0,1,0,0,0
1204,-0.409120615508567,0,1,0,0,0,0,1,1,1,1,1,1,0,0,0
1205,-0.163567740062672,1,1,1,1,0,0,1,1,1,1,0,1,0,0,0
1206,-2.10681192106151,0,1,0,0,0,0,1,0,0,0,0,0,0,0,0
1207,-0.389221231034455,0,1,0,1,0,0,1,1,1,1,0,1,0,0,1
1208,-0.498876540481666,0,0,1,0,0,0,1,1,1,0,0,1,0,0,0
1209,0.122056997859826,1,0,0,1,0,0,1,1,1,1,1,1,0,0,0
1210,-0.839752091540141,0,0,1,0,0,0,0,1,1,1,1,1,0,0,1
1211,-0.223239766447793,0,1,0,1,0,0,0,1,1,1,0,1,0,0,1
1212,0.339025732598188,0,1,0,1,0,0,1,1,1,1,0,1,0,0,1
1213,-0.137918735114147,0,1,1,1,1,0,1,1,1,1,1,1,0,0,1
1214,0.618634582617449,1,1,1,1,0,1,1,1,1,1,1,1,0,1,0
1215,0.739223464750728,1,1,0,1,1,1,1,1,1,1,1,1,0,0,1
1216,0.0415529872253925,0,1,1,1,0,0,1,0,1,1,0,1,0,0,1
1217,-0.605816273189258,0,1,0,0,1,0,1,1,1,1,1,1,0,0,1
1218,0.179793404610056,1,1,1,1,0,0,1,1,1,1,1,1,0,0,1
1219,-0.294744884386309,0,1,0,1,0,0,1,1,1,1,1,1,0,0,0
1220,0.15491634272653,0,1,0,1,1,0,1,0,1,1,1,1,0,0,1
1221,0.040438977533238,1,1,0,0,0,0,1,0,1,1,1,1,0,0,1
1222,-0.933319718084531,0,0,1,0,0,0,0,0,0,1,1,1,0,0,0
1223,-0.653796347638986,0,0,1,1,0,1,1,1,1,0,0,1,0,0,0
1224,0.581143389743994,1,1,0,1,0,0,1,1,1,1,0,1,1,0,1
1225,0.544244879464547,1,1,1,0,1,1,1,0,1,1,1,1,0,0,0
1226,-0.432669281547443,0,1,1,1,1,1,1,1,1,1,0,1,0,0,0
1227,0.583521019187062,1,1,1,1,1,0,1,0,1,1,1,1,0,0,1
1228,-0.306210108343858,0,0,0,0,1,1,0,1,1,1,0,1,0,0,1
1229,0.442611890016781,0,1,0,0,0,1,1,1,1,1,0,1,1,0,1
1230,-0.182571808158527,0,1,0,1,0,0,1,1,1,1,0,1,0,0,1
1231,-1.3234634114453,0,0,0,0,0,0,1,1,0,0,0,1,0,0,0
1232,-1.07419343755596,0,0,0,1,0,0,0,1,1,0,1,1,0,0,0
1233,-0.857154175614761,0,1,0,1,0,0,0,1,1,1,1,1,0,0,0
1234,1.61367339859656,1,1,1,1,1,0,1,1,1,1,1,1,1,1,0
1235,0.466516182177299,1,1,0,1,0,0,1,1,1,1,1,1,0,0,1
1236,1.4825542996453,1,1,1,1,1,0,1,1,1,1,1,1,0,0,1
1237,0.925356060456047,1,1,1,1,1,0,1,1,1,1,1,1,0,1,1
1238,0.595427464093134,1,1,0,1,1,0,1,0,1,1,1,1,0,1,0
1239,-0.732775711976023,0,0,0,0,1,0,1,0,0,1,1,1,0,0,0
1240,0.180549380628155,1,1,0,0,0,1,1,1,1,0,1,1,0,0,0
1241,0.620408165556414,1,1,0,1,1,0,1,1,1,1,1,1,0,0,1
1242,-1.14675288756503,0,0,0,1,0,0,1,0,1,0,0,1,0,0,0
1243,-1.68327188677268,0,1,0,0,0,0,1,0,0,0,0,1,0,0,0
1244,-2.04776808467737,0,1,0,1,0,0,1,0,0,0,0,0,0,0,0
1245,0.23226013224445,0,1,0,1,0,0,1,1,1,1,1,1,0,0,1
1246,-0.239127350925767,0,1,1,0,1,0,0,0,1,1,1,1,0,0,0
1247,1.41359047300209,1,0,1,1,0,1,0,1,1,1,1,1,0,1,1
1248,-2.00818716133804,0,0,0,0,0,0,0,1,0,0,0,0,0,0,0
1249,0.512250461571852,1,1,0,1,1,1,1,0,1,1,1,1,0,0,0
1250,-0.61259496458368,0,0,0,1,0,0,1,1,1,1,0,1,0,0,0
1251,0.0205568038938807,1,0,1,0,0,0,1,1,1,1,1,1,0,0,1
1252,0.751723659867066,1,1,0,1,0,1,0,1,1,1,1,1,0,1,1
1253,0.651138990747621,0,1,0,1,1,1,1,1,1,1,1,1,0,0,1
1254,0.176499685597271,0,1,1,1,1,0,1,1,1,1,1,1,0,1,1
1255,-0.193153453398351,0,1,1,1,1,0,1,1,1,1,1,1,0,0,0
1256,-0.535085284297131,0,1,1,0,0,0,1,1,0,0,1,1,0,0,0
1257,1.24454121659937,1,1,1,1,1,1,1,0,1,1,1,1,1,1,1
1258,1.16882395268186,1,1,1,1,1,0,1,0,1,1,1,1,1,1,1
1259,-0.846182832542361,0,1,0,0,0,0,1,1,1,1,1,1,0,0,1
1260,2.02512513870023,1,1,1,1,1,1,1,1,1,1,1,1,0,1,1
1261,1.12806329011252,1,1,1,0,0,1,0,1,1,1,1,1,0,1,1
1262,0.581610581454784,1,1,0,1,1,0,1,1,1,1,1,1,0,1,1
1263,-1.60293336737944,0,0,0,0,0,0,1,0,1,0,1,1,0,0,0
1264,-0.344887863928064,0,1,1,1,0,0,0,1,1,1,1,1,0,0,0
1265,-0.76740829158903,0,0,0,1,0,0,0,1,1,0,1,1,0,0,0
1266,0.543466599008658,0,1,1,1,1,0,1,1,1,1,1,1,0,0,0
1267,-0.754216757819438,0,0,0,1,0,0,1,1,1,0,1,1,0,0,0
1268,0.920799839882609,1,1,0,1,0,0,1,1,1,1,0,1,0,0,1
1269,1.06514151403423,1,1,1,1,1,0,1,1,1,1,1,1,0,0,1
1270,1.44202481546866,1,1,1,1,1,0,1,1,1,1,1,1,0,1,1
1271,-0.382269196536467,0,1,1,1,0,0,1,1,1,1,1,1,0,0,1
1272,0.154915784773699,1,1,0,1,1,1,1,0,1,1,1,1,0,0,0
1273,1.06185037403264,1,1,1,1,0,1,0,1,1,1,1,1,1,0,1
1274,0.295411840723897,0,1,1,1,0,1,1,1,1,1,1,1,0,1,0
1275,0.124417799878295,1,0,0,1,0,0,1,1,1,1,1,1,0,1,0
1276,-0.417992891633244,0,0,0,1,0,1,0,0,1,1,1,0,0,0,0
1277,-0.0644348525038045,0,0,1,1,0,0,1,1,1,1,0,1,0,0,0
1278,-0.131648169937969,0,1,0,1,0,1,1,1,1,1,1,0,0,0,1
1279,0.561986833210136,1,1,1,1,0,1,1,1,1,1,1,1,0,1,1
1280,-0.00176434758670087,1,1,1,1,0,0,1,1,1,1,1,1,0,0,0
1281,-0.576562027389562,0,0,0,0,0,0,1,0,1,1,0,1,0,0,0
1282,0.833845183683833,1,1,1,1,1,0,1,1,1,1,1,1,0,1,0
1283,0.706791937460305,1,1,1,1,0,0,1,1,1,1,1,1,0,1,1
1284,-0.994557887573966,0,0,1,0,0,0,1,1,1,0,0,1,0,0,0
1285,1.19115122498144,1,1,0,1,0,1,0,1,1,1,1,1,0,1,1
1286,1.62308587299942,1,1,1,1,0,1,1,1,1,1,1,1,1,1,1
1287,-1.59777058362434,0,1,0,0,0,0,0,1,1,0,0,0,0,0,0
1288,-1.60293995007178,0,0,1,0,0,0,1,0,0,0,0,1,0,0,0
1289,-0.325679661579969,1,1,1,0,0,0,0,0,1,0,0,1,0,0,0
1290,0.100832080850033,0,1,0,1,0,0,1,1,1,1,1,1,0,0,0
1291,-1.15923345878971,0,0,0,1,0,0,0,1,0,0,0,1,0,0,0
1292,-0.415493757946956,1,0,1,1,0,0,0,1,1,1,1,1,0,0,1
1293,-0.490272313898247,0,0,1,1,0,0,1,0,1,1,0,0,0,1,0
1294,1.00650109472441,1,1,1,1,0,1,1,1,1,1,1,1,0,0,1
1295,-1.25500757338724,0,0,1,1,0,0,1,0,0,0,0,1,0,0,0
1296,-1.08141064877728,0,0,0,0,0,0,1,1,0,0,0,1,0,0,1
1297,-0.867103734107508,0,0,1,1,0,0,1,0,1,1,0,1,0,0,0
1298,1.44364178726253,1,1,1,1,0,1,1,0,1,1,1,1,0,1,1
1299,0.98205161451478,0,1,0,1,1,1,1,1,1,1,1,1,0,1,0
1300,0.592818868578723,1,0,1,1,0,0,1,1,1,1,1,1,1,0,1
1301,-1.18408362124602,0,1,1,0,0,0,0,1,0,0,1,1,0,0,0
1302,1.51452541883677,1,1,1,1,1,0,1,1,1,1,1,1,0,1,1
1303,-0.645926355133081,0,0,0,1,0,0,0,1,1,0,1,1,0,0,0
1304,-0.746505621333343,0,1,1,0,0,0,1,0,0,0,1,1,0,0,0
1305,0.037623215208042,0,1,0,1,1,1,1,1,0,1,1,1,0,0,1
1306,-0.520360987833798,0,1,0,1,0,0,1,1,1,0,1,1,0,0,1
1307,-0.00198284852010804,1,1,0,1,0,0,1,0,1,1,1,1,0,0,0
1308,0.372320485521251,1,1,1,1,0,0,1,0,1,1,1,1,0,0,1
1309,0.463780009268586,1,1,1,1,0,0,1,1,1,1,1,1,0,0,1
1310,-0.0687424865979714,0,1,0,1,0,0,1,1,0,1,1,1,0,0,1
1311,-0.659673171175039,0,1,0,0,0,0,1,1,1,1,1,1,0,0,0
1312,-1.30234361342357,0,0,0,0,0,0,1,1,0,0,0,1,0,0,0
1313,-0.943867102019813,0,1,0,1,0,0,0,1,0,0,1,1,0,0,0
1314,-0.706892118710663,0,1,1,1,0,1,1,1,0,0,1,1,0,0,0
1315,0.35865487775247,0,1,1,1,1,0,1,1,1,1,1,1,0,0,1
1316,0.082234866456107,1,1,0,1,0,0,1,1,1,1,0,1,1,0,1
1317,-0.414685129574336,0,1,1,0,0,0,0,1,1,1,0,1,0,0,1
1318,0.99138727228037,1,1,1,1,1,1,1,1,1,1,1,1,0,0,1
1319,0.325820047687439,0,1,0,1,0,0,0,1,1,1,1,1,0,0,1
1320,-0.377815087116647,0,1,0,0,0,0,1,1,1,1,0,1,0,0,1
1321,-1.31357621783855,0,0,0,1,0,0,1,1,0,0,1,1,0,0,0
1322,0.150690204325391,1,1,1,1,1,1,1,1,1,1,1,1,0,1,1
1323,0.609549956685218,0,1,1,1,0,0,1,1,1,1,1,1,0,1,0
1324,1.03281603338704,1,1,0,1,1,1,1,1,1,1,1,1,0,1,1
1325,-1.01770412555175,1,0,0,1,0,0,0,0,0,1,1,1,0,0,0
1326,0.802014576079231,1,1,0,1,0,0,1,1,1,1,1,1,0,0,0
1327,0.364211667737402,1,1,1,1,0,0,1,1,1,1,1,1,0,0,0
1328,0.325210386155697,0,1,0,1,1,1,1,1,1,1,1,1,0,1,1
1329,-0.262889746779136,0,1,0,1,1,1,0,0,1,0,0,1,0,0,0
1330,0.211112012477346,0,1,0,1,0,1,1,1,1,1,1,1,0,0,1
1331,-0.0484833862610748,0,1,0,1,0,0,1,1,1,1,1,1,0,0,1
1332,-0.653752548912531,1,1,1,0,1,1,0,1,1,1,1,1,0,0,0
1333,-0.981987536839782,0,1,0,0,1,0,0,1,0,1,1,1,0,0,1
1334,2.52774905200437,1,1,1,1,1,1,1,1,1,1,1,1,1,1,1
1335,1.14629689522055,1,1,1,1,1,1,1,1,1,1,1,1,1,0,1
1336,0.463962302986358,0,1,0,1,0,0,1,1,1,0,1,1,0,0,1
1337,-1.01235272979797,0,0,0,1,0,0,0,1,1,0,1,1,1,0,0
1338,1.0612805773175,1,1,0,0,0,0,1,1,1,1,1,1,1,0,1
1339,0.127591092810422,1,0,0,1,1,0,1,1,1,1,1,1,1,0,0
1340,2.00987736063335,1,1,0,1,0,1,1,1,1,1,1,1,1,1,1
1341,0.799753347333525,1,1,1,1,1,1,1,0,1,1,1,1,1,0,0
1342,0.781563506223878,1,1,1,1,0,1,1,1,1,1,1,1,0,1,1
1343,0.91591313166516,1,1,1,1,1,0,1,0,1,1,1,1,1,1,1
1344,0.353115324146383,0,0,0,1,0,0,1,1,1,1,1,1,0,0,1
1345,-1.63984766864077,0,0,0,0,0,0,1,0,0,0,0,1,0,0,0
1346,-1.76115541461459,0,0,0,0,0,0,0,0,0,0,0,1,0,0,0
1347,0.349976573170712,1,1,1,1,1,1,1,1,1,1,1,1,0,0,0
1348,-1.74521316304394,0,0,0,0,0,0,0,1,0,0,0,1,0,0,0
1349,0.636751486419267,1,1,1,1,0,0,1,0,1,1,1,1,0,0,1
1350,-0.394492766309755,0,1,1,1,0,1,1,0,1,1,1,1,0,0,0
1351,0.166856735024534,1,1,1,1,0,0,1,1,1,0,1,1,1,1,1
1352,0.61450754309476,0,1,0,1,0,1,1,1,1,1,1,1,0,0,1
1353,-0.666331882581536,0,1,1,0,0,0,1,0,1,1,0,1,0,0,1
1354,0.316455164813517,0,1,1,1,1,0,1,1,1,1,1,1,0,0,0
1355,-0.669628279821113,0,0,0,1,0,0,1,0,1,1,1,1,0,0,1
1356,1.17351388316604,1,1,1,1,1,0,1,0,1,1,1,1,1,1,1
1357,-1.00709722171353,0,1,1,0,0,0,1,1,1,0,1,1,0,0,0
1358,0.406272792820767,1,1,0,1,0,1,1,0,1,1,1,1,1,0,1
1359,1.45814358169815,1,1,1,1,0,0,1,1,1,1,1,1,1,0,1
1360,1.21043815347969,1,1,0,1,1,1,1,1,1,1,1,1,0,0,1
1361,-0.869655592036439,0,1,0,0,0,0,1,1,0,0,0,1,0,0,0
1362,0.134916017833841,0,1,1,0,0,0,1,1,1,1,1,1,1,0,1
1363,0.758201737373745,1,1,1,1,1,0,1,1,1,1,1,1,0,0,1
1364,1.15471051661035,0,1,0,1,1,0,1,1,1,1,1,1,1,0,1
1365,0.0985059824678533,1,1,0,1,0,0,1,0,1,1,1,1,0,0,0
1366,-1.09928713996572,0,0,0,1,0,0,1,1,1,1,0,1,0,0,0
1367,0.973438520199341,0,1,1,1,1,1,1,0,1,1,1,1,1,1,1
1368,1.54023338643543,1,1,1,1,1,1,1,1,1,1,1,1,0,1,1
1369,-0.467262303875044,1,1,0,0,0,0,1,1,1,1,1,1,0,0,1
1370,-0.0737716625006338,1,1,0,1,0,1,0,1,1,1,1,1,0,0,0
1371,-0.22798983925573,0,1,1,1,0,0,1,1,1,1,1,1,0,0,0
1372,1.96400509632755,1,1,1,1,1,1,1,1,1,1,1,1,1,1,1
1373,-1.74547105275579,0,0,0,1,0,0,1,0,0,0,0,1,0,0,0
1374,-1.20434901953286,0,0,1,1,0,0,0,0,1,0,0,1,0,0,0
1375,1.00636099874287,0,1,1,1,1,1,1,1,1,1,1,1,1,0,1
1376,-0.808019773510561,0,0,0,1,0,1,0,0,1,1,1,1,0,0,0
1377,-0.0697528854662278,0,1,1,1,0,0,1,0,1,1,1,1,0,1,1
1378,-0.637190679071324,0,1,1,0,0,0,1,1,1,1,0,1,0,0,1
1379,0.0478757516010725,0,1,1,1,0,0,0,0,1,1,1,1,1,0,1
1380,-1.18212566538737,0,0,1,0,0,0,1,0,0,0,0,1,0,0,0
1381,0.718257713714324,1,1,0,0,0,0,1,1,1,1,1,1,0,1,1
1382,1.04517593757039,1,1,0,1,0,1,1,1,1,1,1,1,1,1,1
1383,-1.8278820911699,0,0,1,0,0,0,0,0,0,0,0,0,0,0,0
1384,0.859656007235005,1,1,0,0,0,1,1,1,1,1,1,1,0,0,0
1385,0.590010516713381,1,0,1,1,1,1,1,0,1,1,0,1,0,0,1
1386,-0.126606278370299,1,1,0,0,0,1,1,1,1,1,1,1,0,0,1
1387,1.52081289289871,1,1,1,1,0,1,1,1,1,1,1,1,0,1,1
1388,1.20121227303112,1,1,1,1,0,0,1,1,1,1,1,1,0,1,1
1389,-0.171097832926375,0,1,1,0,0,0,1,1,1,1,0,1,0,0,0
1390,0.581615629146231,0,1,1,1,1,0,1,1,1,1,1,1,0,0,0
1391,-0.640987118233606,0,1,0,1,0,0,1,0,1,0,1,1,0,0,1
1392,0.779616055996518,1,1,0,1,0,0,1,1,1,1,1,1,0,0,1
1393,0.695058883592673,0,1,1,1,1,1,0,1,1,1,1,1,0,1,0
1394,-2.0136510871164,0,0,0,0,0,0,1,1,0,0,0,1,0,0,0
1395,0.223284839205467,1,1,0,1,0,0,1,1,1,0,1,1,0,0,0
1396,0.881284864897447,1,1,1,1,1,0,1,1,1,1,1,1,0,0,1
1397,0.0305675867093246,0,1,0,1,0,0,1,1,1,1,1,1,0,0,1
1398,-0.449277224389973,0,1,1,1,0,0,0,1,0,1,1,1,0,0,0
1399,0.268199684063523,1,1,1,1,1,0,0,0,1,1,1,1,0,0,1
1400,1.22549373459929,1,1,1,1,1,1,1,1,1,1,1,1,0,1,1
1401,0.893817155015429,1,1,1,1,1,1,1,0,1,1,1,1,0,0,0
1402,-0.320203990188026,0,0,1,1,0,0,1,1,1,0,0,1,0,0,0
1403,-0.767845436287672,0,1,1,0,0,0,1,1,1,0,0,1,0,0,0
1404,-0.689279293694186,0,1,0,1,0,0,1,1,1,0,0,1,0,0,0
1405,-0.176631328968172,0,1,0,0,0,0,1,0,1,1,1,1,0,0,0
1406,-0.93610718638086,0,1,1,0,0,0,1,1,1,1,0,1,0,0,1
1407,-0.198713427141575,1,1,1,1,0,0,0,1,1,1,1,1,0,0,1
1408,0.733255313414036,0,1,1,1,0,0,1,1,1,1,1,1,0,1,1
1409,-0.190763519886841,0,0,0,0,1,1,1,1,1,1,1,1,0,0,1
1410,-0.484051116404512,0,0,0,0,0,0,1,0,1,1,0,1,1,0,0
1411,1.13237084788071,0,1,1,1,1,0,1,1,1,1,1,1,0,1,1
1412,1.05622070710983,1,1,1,1,0,1,0,1,1,1,1,1,1,0,1
1413,-2.3547854959468,0,0,1,0,0,0,0,0,0,0,0,0,0,0,0
1414,0.543841300136601,0,1,1,1,0,0,1,1,1,1,1,1,0,0,0
1415,-0.298926939912279,1,0,0,0,0,1,1,1,1,1,1,1,0,0,0
1416,-0.153176826419532,1,1,1,0,0,0,1,1,1,1,1,1,0,0,1
1417,-1.54154679358876,0,0,1,0,0,0,0,1,0,0,0,1,0,0,0
1418,0.571707255302642,0,1,1,1,0,0,0,1,0,1,1,1,1,1,1
1419,-0.928945454473562,0,0,0,0,0,0,1,1,0,0,1,1,0,0,0
1420,0.544129549496613,1,1,0,0,0,1,1,1,1,1,1,1,0,1,1
1421,0.0923092144584014,0,1,1,0,0,0,1,0,1,1,1,1,0,0,1
1422,-1.09395628269253,0,0,0,0,0,0,0,1,1,0,0,1,0,0,0
1423,0.00179868727441203,0,1,1,0,0,0,0,1,1,1,0,1,0,0,1
1424,-0.773530279743506,0,0,0,0,0,0,0,1,0,1,1,1,0,0,0
1425,0.944376417374527,1,1,1,1,1,1,1,0,1,1,1,1,0,0,1
1426,0.28478712892976,0,1,0,1,0,0,1,0,1,1,0,1,0,1,1
1427,-0.152367425250599,0,0,1,1,1,0,0,1,1,1,0,1,0,0,1
1428,1.03889565971245,1,1,0,1,0,1,1,0,1,1,1,1,0,0,1
1429,-0.836233287389522,0,1,0,1,0,0,1,0,1,1,1,1,0,0,0
1430,-0.846557960388448,0,0,1,1,0,0,1,1,1,0,1,1,0,0,0
1431,-0.972730844798875,0,0,1,0,0,0,0,1,0,0,0,1,0,0,1
1432,1.64014449350878,1,1,0,1,1,1,1,1,1,1,1,1,1,1,1
1433,1.11469004859121,1,1,0,1,1,0,1,1,1,1,1,1,0,0,1
1434,-0.692788747759102,0,0,0,1,0,0,1,1,0,1,1,1,0,0,0
1435,2.22575881551378,1,1,1,1,1,1,1,1,1,1,1,1,0,1,1
1436,-0.987067389182924,0,0,0,0,0,0,0,1,1,0,0,1,0,0,0
1437,-0.929634837073159,0,1,0,0,0,0,1,1,1,1,0,1,0,0,0
1438,0.644030254195878,1,1,1,1,0,0,1,1,1,1,1,1,0,0,1
1439,-0.00421739892555958,0,1,1,1,0,1,1,1,1,1,1,1,0,0,1
1440,0.0437305887670543,1,0,0,1,0,0,1,1,1,1,1,1,0,0,0
1441,-0.617745541585756,0,1,0,1,0,0,1,1,1,1,0,1,0,0,1
1442,1.93600717629993,1,1,1,1,1,1,1,1,1,1,1,1,1,0,1
1443,-0.512331484072824,0,0,1,1,0,0,0,0,1,1,1,1,0,0,0
1444,0.127057395339823,1,1,1,0,0,1,1,1,1,1,0,1,1,0,0
1445,-1.34503929204066,0,1,1,0,0,0,1,1,0,0,0,1,0,0,0
1446,1.4658547171812,1,1,1,1,0,0,1,1,1,1,1,1,0,1,1
1447,-0.671576993601967,0,1,0,0,0,0,1,1,0,1,0,1,0,0,0
1448,0.0488924719162909,1,1,1,1,0,0,0,1,1,1,1,1,0,0,1
1449,-0.244485731124765,0,1,0,1,0,1,0,1,1,1,1,1,0,0,1
1450,0.0852606138919891,0,1,1,1,1,0,1,1,1,0,1,1,0,0,0
1451,-1.65749433316787,0,0,0,1,0,0,1,0,0,0,0,0,0,0,0
1452,-1.37378328721227,1,1,0,0,0,0,1,1,0,1,1,0,0,0,0
1453,-2.52986478004795,0,0,0,0,0,0,0,0,0,0,0,0,0,0,0
1454,-1.04406121125235,0,1,0,0,0,0,1,0,1,1,1,1,1,0,0
1455,-0.016573355866566,0,1,0,1,0,0,1,0,1,1,1,1,0,0,1
1456,0.386676417629466,1,1,0,1,1,1,1,1,1,1,0,1,0,0,0
1457,-2.42754213023305,0,0,0,0,0,0,1,1,0,0,0,0,0,0,0
1458,-0.180587693314084,0,1,0,1,0,0,1,1,1,1,0,1,0,0,0
1459,-0.0227815927562855,1,1,1,1,0,0,0,1,1,1,1,1,1,0,1
1460,0.813548266513867,0,1,1,1,0,0,1,1,1,1,1,1,1,1,1
1461,0.595773331173102,1,0,1,1,0,1,0,1,1,1,1,1,1,0,1
1462,0.423908094497825,0,1,1,1,0,1,1,1,1,1,1,1,0,0,0
1463,-1.1541449009915,0,0,1,0,0,0,0,1,1,1,1,0,0,0,1
1464,-0.562137747636408,0,0,0,1,0,0,1,1,1,0,1,1,0,0,1
1465,-1.87486705664552,0,1,0,0,0,0,0,0,1,0,1,0,0,0,0
1466,-0.437760023330228,0,1,0,1,0,0,1,1,0,1,0,1,0,0,0
1467,-0.517155641688228,0,1,0,0,1,0,1,1,1,0,1,1,0,0,0
1468,-1.14223097193107,0,0,0,0,0,0,0,1,0,0,1,1,0,0,0
1469,-0.640582168141409,0,1,0,0,0,0,0,0,1,0,1,1,0,0,0
1470,-0.908327667594391,0,0,0,0,0,0,0,1,0,0,1,1,1,0,0
1471,-1.60073851350818,0,0,0,0,0,0,1,0,0,0,0,0,0,0,0
1472,-0.450349311621192,0,1,1,0,0,0,1,0,1,0,1,1,0,0,0
1473,-1.0219903926762,1,0,1,0,0,0,0,0,0,1,0,1,0,0,0
1474,0.859179980015367,1,1,1,1,0,0,1,0,1,1,1,1,0,0,1
1475,0.219636052347222,0,1,0,0,0,1,1,0,1,1,1,1,0,0,0
1476,0.614894374975441,1,1,0,1,0,0,1,0,1,1,1,1,0,0,1
1477,-1.35164232587186,0,1,0,0,0,0,1,1,0,0,0,1,0,0,0
1478,-0.407530633104519,0,1,1,1,0,0,1,0,1,1,1,1,0,0,0
1479,-1.10310204552503,0,0,0,0,0,0,0,0,1,1,0,1,0,0,1
1480,-1.3941153725482,0,0,0,0,0,0,0,1,0,0,0,0,0,0,0
1481,-0.350415944169286,0,1,0,0,0,1,1,0,1,1,0,1,0,0,0
1482,1.88490271506992,1,1,1,1,0,1,1,1,1,1,1,1,1,1,1
1483,-0.124680145502376,1,1,1,0,0,0,1,0,1,1,0,1,0,0,1
1484,0.60911511008536,1,1,0,1,0,0,1,1,1,1,1,1,1,0,1
1485,-0.761589446588589,0,0,1,0,0,0,0,0,1,0,1,1,0,0,0
1486,-0.437635262124624,0,1,0,0,1,1,1,0,1,0,1,1,0,0,0
1487,-0.108063042542945,0,0,0,0,0,1,1,1,1,1,1,1,0,0,1
1488,1.01756721642835,1,1,1,1,1,0,1,1,1,1,1,1,0,0,1
1489,-1.1870485143786,0,0,0,0,0,0,0,0,1,1,1,1,0,0,0
1490,-1.19637160918132,0,0,0,0,0,0,0,1,0,0,1,1,0,0,0
1491,-0.467209406591559,0,1,1,0,1,0,1,1,1,1,0,1,0,0,0
1492,0.870370512610785,1,1,1,0,0,0,1,1,1,1,1,1,0,1,1
1493,-0.457626900792529,0,1,0,0,0,0,1,1,1,1,1,1,0,0,0
1494,0.137804940629657,1,1,0,1,0,0,1,1,1,1,1,1,0,0,1
1495,-0.59582061845823,0,0,0,0,0,0,1,0,1,1,0,1,0,0,0
1496,0.317008278770206,0,1,1,1,0,1,1,1,1,1,1,1,0,0,1
1497,0.743526433893882,0,1,1,1,1,1,1,1,1,1,1,1,0,1,1
1498,1.10234517702505,1,0,1,1,0,1,1,1,1,1,1,1,0,1,1
1499,1.60319493848432,1,1,1,1,1,0,1,0,1,1,1,1,0,0,1
1500,-1.98688340201752,0,0,0,0,0,0,1,0,0,0,0,0,0,0,0
1501,-1.1074717576308,0,1,0,1,0,0,1,1,1,0,1,1,0,0,0
1502,0.339627884897059,0,1,1,1,1,0,1,0,1,1,1,1,0,0,1
1503,-0.36489661008559,0,1,0,1,0,1,0,0,1,0,1,1,0,0,0
1504,1.35353411059693,1,0,1,1,0,0,1,1,1,1,1,1,1,1,1
1505,-0.968784759469758,0,1,1,0,0,0,1,1,1,0,0,1,0,0,0
1506,0.0329092684411645,0,1,0,1,0,0,1,1,1,0,1,1,0,0,0
1507,-0.417993675973103,0,1,1,0,0,0,1,1,1,0,0,1,1,0,1
1508,-1.29615343835368,0,0,0,1,0,0,1,1,0,1,1,1,0,0,1
1509,0.490917633964077,1,1,1,1,0,0,1,1,1,1,1,1,0,1,1
1510,0.0435666077480145,1,1,1,1,0,0,1,0,1,0,1,1,0,1,0
1511,-0.950373036056576,0,1,0,0,1,1,0,1,1,0,0,1,1,0,0
1512,-0.68986981488743,0,1,0,0,0,0,1,0,1,0,1,1,0,0,0
1513,-0.836051260609333,0,0,0,0,0,0,0,1,1,0,1,0,0,0,0
1514,0.916582040332758,1,1,0,1,0,1,1,0,1,1,1,1,0,0,1
1515,-1.36348119374223,0,0,1,0,0,0,1,0,0,0,0,1,0,0,0
1516,0.431642715438405,0,1,0,1,0,1,1,1,1,1,0,1,0,0,1
1517,-0.254769205428238,1,0,1,1,0,0,1,1,1,1,1,1,1,0,1
1518,0.185503958849512,0,1,1,1,0,0,1,1,1,1,1,1,0,0,0
1519,1.39293766204831,1,1,1,1,1,0,1,0,1,1,1,1,0,1,1
1520,-0.662282581902307,0,0,0,0,0,0,0,1,1,0,0,1,0,0,0
1521,0.209295395311145,1,1,0,1,0,0,1,0,1,1,1,1,0,0,0
1522,-0.171440823788498,0,1,0,1,0,1,0,0,1,1,1,1,0,0,1
1523,0.321154217188136,0,1,1,1,0,0,1,0,1,1,1,1,1,0,1
1524,-0.0800341403282236,0,1,0,1,0,1,1,1,1,1,0,1,0,0,0
1525,-0.617887892135174,0,1,1,0,0,0,1,1,1,1,1,1,0,0,1
1526,-0.504176465681617,0,0,0,1,1,0,0,1,1,1,0,1,0,0,0
1527,0.862512332907483,1,1,1,1,0,1,1,1,1,1,1,1,0,0,1
1528,0.362192076100268,1,1,1,1,1,0,1,1,1,1,1,1,0,0,0
1529,0.309305703555535,0,1,0,1,1,1,1,1,1,0,1,1,0,0,1
1530,1.21111981515813,1,1,1,1,1,1,1,0,1,1,1,1,1,1,1
1531,0.19249251855294,1,1,0,1,0,1,1,0,1,1,1,1,0,0,1
1532,-0.320463396031192,0,1,0,1,0,0,0,0,1,1,0,1,0,0,0
1533,-0.69497703364778,0,0,0,1,0,0,1,1,1,1,1,1,0,0,0
1534,1.38729394841097,0,1,1,1,0,0,1,1,1,1,1,1,1,0,1
1535,0.1191487471142,0,0,0,0,0,1,1,0,1,1,1,1,0,0,1
1536,-1.11149473948723,0,0,1,0,0,0,1,1,1,1,0,1,0,0,0
1537,1.26689787500988,1,1,0,1,1,1,1,1,1,1,1,1,0,1,1
1538,-0.22504560041599,0,1,0,0,0,0,1,1,0,1,1,1,0,0,0
1539,-0.230806713741048,0,1,1,1,0,0,0,1,0,0,1,1,0,0,1
1540,1.39219085438068,1,1,1,1,1,0,1,1,1,1,1,1,0,1,1
1541,1.09417699408779,1,1,0,1,1,1,1,1,1,1,1,1,0,0,1
1542,-0.908264354246327,0,0,1,0,0,0,1,1,0,0,1,1,0,0,0
1543,-0.712044521817872,0,1,0,0,0,0,1,0,1,0,0,1,0,0,0
1544,1.48415571983241,1,1,1,1,0,1,1,1,1,1,1,1,1,1,1
1545,1.54773811681673,1,1,1,1,1,1,1,1,1,1,1,1,0,0,1
1546,0.689326434919301,1,1,0,1,0,1,1,0,1,1,1,1,0,0,0
1547,-0.279778943025352,0,1,0,1,1,1,1,1,1,1,1,1,0,0,0
1548,-2.42818158759947,0,0,0,0,0,0,1,1,0,0,0,0,0,0,0
1549,0.0594643683814059,0,1,1,1,1,0,1,1,1,1,1,1,0,0,1
1550,-1.10692954097849,0,0,0,0,0,0,0,1,1,0,1,1,0,0,0
1551,0.0511318382004445,0,1,0,1,1,1,1,1,1,1,0,1,0,0,0
1552,0.668656348656426,1,1,1,1,0,0,0,1,1,1,0,1,1,0,1
1553,-0.150312124654001,0,0,1,1,0,0,1,1,1,1,1,1,0,1,1
1554,-0.78539811438715,1,1,1,0,0,0,0,0,1,1,0,1,0,0,0
1555,-1.47230152011499,0,0,1,1,1,0,0,0,0,0,0,1,0,0,0
1556,1.85044051833304,1,1,1,1,0,1,1,1,1,1,1,1,1,1,1
1557,0.870602088767592,1,1,0,1,0,0,1,1,1,1,1,1,1,0,1
1558,1.06893962699561,1,1,1,1,0,1,1,1,1,1,0,1,0,1,1
1559,-0.427430179589483,1,1,1,0,0,0,1,1,1,1,1,1,0,0,1
1560,-0.97747048897983,0,0,0,0,0,0,0,0,1,0,1,1,0,0,0
1561,-0.727687540997588,1,0,0,1,0,0,1,1,0,1,0,1,0,0,0
1562,0.0718486119699498,0,1,1,1,0,1,1,0,1,1,0,1,0,0,1
1563,2.47547812005232,1,1,1,1,1,1,1,1,1,1,1,1,0,1,1
1564,0.904163711123429,1,1,1,1,0,0,1,0,1,1,1,1,1,0,1
1565,1.87373103853837,1,1,1,1,1,1,1,1,1,1,1,1,0,0,1
1566,-0.702461626443832,0,0,0,1,0,0,0,0,1,0,1,1,0,0,0
1567,-1.85305856716913,0,0,1,0,0,0,0,0,0,0,0,1,0,0,0
1568,0.199082786080758,0,1,1,1,0,0,1,0,1,1,1,1,0,1,0
1569,0.939544142250314,1,1,0,1,0,0,1,1,1,1,1,1,0,1,1
1570,-0.321074519596286,0,1,1,1,0,0,1,0,1,1,1,1,0,0,0
1571,1.78940378426656,1,1,1,1,0,0,1,1,1,1,1,1,1,1,1
1572,-0.828694459003036,0,0,0,1,0,0,1,0,1,0,1,0,0,0,0
1573,-0.39229205641894,0,1,1,1,0,0,1,1,1,1,1,1,1,0,1
1574,1.09007878063226,1,1,0,1,1,1,1,0,1,1,1,1,0,0,0
1575,-1.08141064877728,0,0,0,0,0,0,1,1,1,1,0,1,0,0,1
1576,-0.103878497920381,1,1,1,1,0,0,1,1,1,1,1,1,0,0,1
1577,-0.650538991346169,0,0,1,1,1,0,0,0,1,1,0,1,0,0,0
1578,0.0637006491974024,0,0,1,0,0,0,1,1,1,1,0,1,0,0,1
1579,-0.361807672889459,0,1,1,1,0,0,1,1,1,0,1,1,0,0,1
1580,-1.54751837624605,0,0,0,0,0,0,1,0,0,1,0,1,0,0,0
1581,-0.876727026191833,0,0,0,1,0,0,0,0,1,1,1,1,0,0,1
1582,-0.152482229420407,1,1,1,0,0,0,1,0,1,1,1,1,1,0,1
1583,-0.606033271131614,1,0,0,0,0,0,1,1,1,0,0,1,0,0,1
1584,0.785151138039794,1,1,1,1,1,1,1,1,1,1,1,1,0,0,0
1585,0.669065933215682,1,1,0,0,0,1,1,0,1,1,1,1,0,1,1
1586,0.301708512571024,0,1,0,1,1,0,1,1,1,1,1,1,0,0,1
1587,-0.546836856050414,0,1,0,0,0,1,1,1,1,1,1,1,0,0,1
1588,0.19026227499696,1,1,1,1,0,1,1,1,1,1,0,1,0,0,0
1589,-0.343044560874667,0,1,1,1,0,0,0,1,1,0,0,1,1,0,0
1590,-1.58102177940192,0,1,0,0,0,0,0,1,0,0,0,1,0,0,0
1591,0.258583090427394,0,0,1,0,0,0,1,1,1,1,1,1,0,0,1
1592,2.11248027205474,1,1,1,1,0,1,1,1,1,1,1,1,1,1,1
1593,1.18910332946001,1,1,1,1,0,1,0,0,1,1,1,1,0,0,1
1594,-0.309110352007352,0,1,0,0,0,0,1,1,0,1,1,1,0,0,0
1595,-1.30268222907127,0,0,1,1,0,0,1,1,0,0,0,1,0,0,0
1596,-0.605822331524179,0,0,1,1,0,0,1,0,1,1,1,1,1,0,0
1597,1.42393697238336,0,1,0,1,0,0,1,1,1,1,1,1,0,0,1
1598,-0.940934153050722,0,0,0,1,0,0,0,0,1,0,0,1,0,0,0
1599,0.20128177773565,1,1,1,1,0,0,0,1,1,1,1,1,0,0,0
1600,-0.593256033135239,0,1,0,0,0,0,1,1,1,0,1,1,0,0,0
1601,-0.884766857623154,0,1,0,1,0,0,1,1,1,1,0,1,0,0,0
1602,-0.538101090961637,0,1,0,1,1,0,1,0,1,0,0,1,0,0,0
1603,-0.51720742840382,0,0,0,0,0,0,1,1,1,0,1,1,0,0,1
1604,-1.87326749057859,0,1,1,0,0,0,0,1,0,0,0,0,0,0,0
1605,0.358529713457894,0,1,1,1,0,0,1,1,1,1,0,1,0,0,1
1606,-0.286651082416302,0,0,0,1,1,0,0,1,1,1,1,1,0,0,1
1607,1.65088356110807,1,1,1,1,1,1,1,1,1,1,1,1,0,0,1
1608,0.432867034594982,0,0,1,1,1,0,1,1,1,1,1,1,1,0,0
1609,0.540677491334964,0,1,0,1,1,0,1,0,1,1,1,1,0,1,1
1610,-0.671850046054521,0,1,1,0,0,0,1,1,0,1,0,1,0,0,0
1611,-0.214216548568101,0,1,1,0,0,0,1,1,1,0,1,1,0,0,1
1612,0.21161198982965,1,1,0,1,0,1,1,1,1,0,1,1,0,1,1
1613,0.203500886015201,1,1,1,1,0,0,1,1,1,1,1,1,0,0,0
1614,0.110934029761327,0,1,1,0,1,0,0,1,1,1,1,1,0,0,0
1615,1.1824437606344,1,1,0,1,1,1,1,1,1,1,1,1,0,0,0
1616,0.475206651018046,1,1,1,1,1,0,1,1,1,1,1,1,0,0,0
1617,1.47540073754474,1,1,1,1,0,0,1,1,1,1,0,1,0,1,1
1618,0.854897573051006,1,1,1,1,1,1,1,1,1,1,1,1,0,0,1
1619,-0.709189918067788,0,1,1,1,0,0,1,1,0,1,1,1,0,0,0
1620,-0.0405116986232577,1,1,0,1,0,0,0,0,1,1,1,1,0,0,1
1621,0.682744249823071,1,1,1,1,0,1,1,1,1,1,1,1,0,0,1
1622,-1.26006870162066,0,0,1,1,0,0,1,1,1,0,0,1,0,0,0
1623,-0.42312080975833,0,1,0,0,0,0,0,1,1,1,0,1,0,0,0
1624,-0.439705324200937,0,0,0,0,1,0,0,0,1,1,1,1,0,0,0
1625,0.596209314804655,1,0,1,1,0,1,1,1,1,1,1,1,0,0,1
1626,0.232597485899869,0,1,1,1,0,0,1,1,1,1,0,1,0,0,0
1627,-1.08454658170012,0,0,1,0,0,0,0,0,0,0,1,1,0,0,1
1628,-0.36229101810452,0,1,1,0,0,0,1,1,1,1,0,1,1,0,1
1629,0.904377897211323,1,1,0,1,1,0,0,0,1,1,1,1,0,0,1
1630,-0.857559562078448,0,0,1,0,0,1,0,1,0,0,0,1,0,0,1
1631,0.952993787958294,1,1,1,1,0,0,1,1,1,1,1,1,0,0,1
1632,-0.827658773086987,0,1,0,1,0,0,1,1,1,0,1,1,0,0,0
1633,-1.48187344641492,0,0,0,0,0,0,1,1,0,0,0,1,0,0,1
1634,-0.452272374903291,0,0,0,1,0,0,0,1,1,1,1,1,1,0,0
1635,-0.857154175614761,0,1,1,0,0,0,1,1,0,0,0,1,0,0,0
1636,0.292967768963721,1,1,0,1,0,1,1,1,1,1,1,1,0,0,1
1637,0.0642846557279503,0,1,0,1,0,0,0,1,1,1,1,1,0,0,1
1638,0.859147003824112,1,1,1,1,0,0,1,1,1,1,1,1,0,1,1
1639,0.932529551743855,0,1,1,1,0,1,1,1,1,1,1,1,1,0,0
1640,0.537822714278876,1,1,0,1,1,1,1,1,1,1,1,1,1,0,0
1641,0.767239183369203,1,1,1,1,1,0,1,1,1,1,1,1,0,0,1
1642,2.52802273816533,1,1,1,1,1,1,1,0,1,1,1,1,1,1,1
1643,-0.442532952309292,0,1,0,1,0,0,1,1,1,1,1,1,1,0,0
1644,0.261128297471967,1,1,0,1,0,0,1,1,1,1,1,1,0,0,1
1645,-1.90096686612685,0,0,1,1,0,0,0,1,0,0,0,0,0,0,0
1646,1.05644247078657,0,1,1,1,1,1,1,0,1,1,1,1,0,0,1
1647,-1.15963575799192,0,0,0,0,0,0,0,1,1,0,1,1,0,0,0
1648,-1.55776938547153,0,1,0,0,1,0,1,1,0,1,0,1,0,0,0
1649,-0.0896471241868484,0,1,0,0,0,0,0,1,1,0,1,1,0,0,1
1650,-0.833123822138743,0,1,1,0,1,0,1,1,1,1,1,1,0,0,1
1651,1.11156377278391,1,1,1,1,1,0,1,1,1,1,1,1,1,0,0
1652,1.35925344661582,1,1,1,1,1,0,1,1,1,1,1,1,0,1,1
1653,-0.565326632779116,0,1,0,0,1,0,0,1,1,0,1,1,0,0,0
1654,-0.637239085155419,0,0,0,0,1,0,0,1,1,1,1,1,0,0,0
1655,-0.662273295861371,0,1,0,1,0,1,1,0,1,1,0,1,0,0,0
1656,0.152448411966104,0,1,0,0,0,0,1,1,1,1,1,1,0,0,0
1657,-1.15382731097424,0,0,0,1,0,0,0,1,0,0,0,0,0,0,0
1658,2.60070823512655,1,1,1,1,0,1,1,1,1,1,1,1,1,1,1
1659,0.650835496768092,1,1,1,1,1,0,0,1,1,1,0,1,1,0,1
1660,-1.14284646089129,0,0,0,1,0,0,0,1,0,1,1,0,0,0,0
1661,-0.219715274068328,1,0,1,1,1,0,1,1,1,1,0,1,1,0,1
1662,1.43024732480576,1,1,1,1,1,1,1,0,1,1,1,1,0,1,1
1663,-1.25909084749078,0,0,1,0,0,0,1,1,0,0,0,1,0,0,0
1664,0.880289376691813,1,1,0,1,0,0,1,1,1,1,1,1,0,1,1
1665,-0.754219567817491,0,1,1,1,0,0,1,1,1,0,1,1,1,0,0
1666,-0.0509245399930519,1,1,1,1,0,1,0,1,1,1,1,1,0,0,1
1667,0.779661689605273,0,1,1,1,0,0,1,0,1,1,1,1,0,0,0
1668,0.543872638919345,0,1,1,1,0,0,1,1,1,1,0,1,1,1,1
1669,0.164115228702219,1,1,1,1,0,0,1,1,1,1,0,1,0,0,0
1670,0.173972235426954,0,1,1,1,1,1,1,1,1,1,1,1,1,0,1
1671,-1.12921776051669,0,0,0,1,1,0,1,0,1,0,1,1,0,0,0
1672,0.957484167651707,1,1,1,1,1,1,1,1,1,1,1,1,0,1,0
1673,0.897554276597552,1,1,1,1,0,0,1,0,1,1,1,1,1,0,1
1674,-1.59827843453476,0,0,0,0,0,0,1,1,0,0,0,0,0,0,0
1675,-0.640940025824183,1,0,0,1,0,0,1,1,1,0,1,1,0,0,1
1676,-0.263710245971008,1,0,0,1,0,0,1,1,1,0,1,1,0,0,0
1677,0.70944804705922,0,1,1,1,0,1,1,1,1,1,1,1,0,1,1
1678,0.90524181939156,0,1,1,1,1,1,1,1,1,1,1,1,0,0,1
1679,0.803552837415846,1,1,1,1,1,1,1,1,1,1,1,1,1,0,1
1680,-0.858818220909531,0,0,0,0,0,0,1,1,1,1,1,1,0,0,1
1681,0.0484104403545838,0,1,0,1,1,0,1,0,1,1,1,1,0,0,1
1682,-0.516786807674399,0,1,0,0,0,0,0,1,1,1,1,1,0,0,1
1683,-0.145135383095592,0,1,1,0,1,0,1,1,1,0,1,1,0,0,1
1684,-1.36901590053684,0,0,0,0,0,0,0,0,0,0,0,1,0,0,0
1685,-1.31415016636956,0,1,0,0,0,0,1,1,1,1,0,1,0,0,0
1686,0.260232220701658,1,0,0,1,0,0,1,1,1,1,1,1,0,0,0
1687,0.936809798351452,0,1,1,1,0,1,1,1,1,1,1,1,1,0,0
1688,-1.95200605916492,0,1,1,0,0,0,0,0,0,0,0,1,0,0,0
1689,0.0251874560930612,0,1,0,0,1,1,1,1,1,1,1,1,0,0,0
1690,-1.96654062106252,0,0,0,0,0,0,0,1,0,0,0,1,0,0,0
1691,-0.59042847013739,0,1,0,0,0,0,1,0,1,1,1,1,0,0,0
1692,-0.722838115251208,0,1,0,1,0,0,1,0,1,0,1,1,0,0,0
1693,0.330318364861598,1,1,1,1,0,0,1,1,1,1,1,1,0,0,0
1694,-0.00718447800057922,0,1,1,1,1,0,1,1,1,1,1,1,0,0,1
1695,-0.455430273094193,0,1,0,0,0,0,1,0,1,1,1,1,0,0,1
1696,-0.201783076183028,1,1,0,0,0,0,1,1,1,1,1,1,0,0,1
1697,0.313737364102806,1,1,1,1,0,0,1,1,1,1,0,1,0,0,0
1698,-0.467214408256987,0,1,0,0,1,0,1,1,1,0,1,1,1,0,0
1699,1.02946203678327,0,1,1,0,1,1,1,0,1,1,1,1,0,1,1
1700,0.314420469141387,1,1,1,1,0,1,1,0,1,1,0,1,0,0,0
1701,-1.69554914317759,0,1,0,0,0,0,1,0,0,0,1,1,0,0,0
1702,-0.606677419386825,0,0,0,0,0,0,0,0,0,0,0,1,0,0,0
1703,0.395306727332668,0,1,1,0,0,0,0,1,1,1,0,1,1,0,1
1704,1.87041158263815,1,1,1,1,0,1,1,1,1,1,1,1,0,1,1
1705,-0.235025732919528,0,0,1,1,0,1,1,1,1,1,0,1,0,0,0
1706,-0.463641353275855,0,1,0,1,1,0,1,1,1,1,1,1,0,0,0
1707,-0.79275227539023,0,1,0,1,0,0,1,1,1,1,0,1,0,0,0
1708,1.06893962699561,1,1,1,1,1,1,1,0,1,1,1,1,1,0,1
1709,-1.58957937358715,0,0,1,0,0,0,0,0,0,0,0,0,0,0,0
1710,0.17705099166567,1,1,1,1,1,1,0,1,1,1,1,1,0,0,1
1711,-0.853447125059907,0,0,0,0,0,0,1,0,1,0,0,1,0,0,0
1712,-1.57368969460483,0,0,0,0,0,0,0,1,0,0,0,0,0,0,0
1713,-1.72407472546392,0,0,0,0,0,0,1,0,0,0,0,1,0,0,0
1714,-0.211034791687962,1,1,1,1,0,0,1,1,1,1,1,1,0,0,1
1715,-1.27352161904126,0,0,0,0,0,0,0,1,1,0,0,1,0,0,0
1716,1.96881473464801,1,1,1,1,1,0,1,1,1,1,1,1,0,1,1
1717,1.62064239862275,1,1,1,1,1,0,1,1,1,1,1,1,0,1,1
1718,-1.80274933896414,0,0,0,0,0,0,0,1,0,0,1,0,0,0,0
1719,1.1674709701991,0,1,1,0,1,1,1,1,1,1,1,1,1,0,1
1720,0.406429976421671,0,1,1,1,0,0,1,1,1,1,1,1,1,0,1
1721,-0.950196417225336,0,0,0,0,0,0,1,0,1,1,0,0,0,0,0
1722,0.306132202249612,0,1,1,1,1,0,1,1,1,1,0,1,0,0,1
1723,1.10678997574578,1,1,1,1,1,0,1,1,1,1,1,1,1,0,1
1724,2.95944425605453,1,1,0,1,1,1,1,1,1,1,1,1,1,1,1
1725,1.08858255065412,1,1,1,1,1,0,0,1,1,1,1,1,1,1,1
1726,0.136651914972115,0,1,0,1,0,0,1,1,1,1,1,1,0,0,1
1727,0.733816109571381,1,1,0,1,1,0,1,1,1,1,1,1,1,0,1
1728,1.16774875579053,1,1,0,1,0,0,0,0,1,1,1,1,0,0,1
1729,0.0696726622379404,1,1,0,1,0,1,0,1,1,1,1,0,0,0,1
1730,-0.331304388496314,1,1,0,1,0,0,1,1,0,1,1,1,0,0,0
1731,-0.227445366981777,0,0,1,0,0,1,1,1,1,1,1,1,0,0,1
1732,0.127059242700046,0,1,1,1,0,0,1,1,1,1,1,1,0,0,0
1733,1.26506646204371,1,1,0,1,1,1,1,1,1,1,1,1,1,0,1
1734,2.43688727357867,1,1,0,1,1,1,1,1,1,1,1,1,1,1,1
1735,-1.22151485126815,0,0,0,0,0,0,0,0,1,0,0,1,0,0,0
1736,1.47145693684892,1,1,1,1,1,1,1,1,1,1,1,1,1,1,1
1737,0.137807332992072,0,1,1,0,1,0,0,0,1,1,1,1,0,0,1
1738,1.30705486269613,1,1,1,1,0,0,1,1,1,1,1,1,1,1,1
1739,1.64974133176215,1,1,1,1,1,1,1,1,1,1,1,1,1,1,1
1740,0.342827856237793,0,1,0,1,0,0,1,1,1,1,1,1,0,1,1
1741,-0.301200322581392,1,1,1,1,0,0,1,0,1,1,0,1,0,0,0
1742,-0.16865418562306,0,1,0,0,0,0,1,1,1,1,1,1,0,0,1
1743,0.24170972856405,1,1,1,1,0,1,1,0,1,1,1,1,0,0,1
1744,1.45158777467243,1,1,1,1,1,1,1,1,1,1,1,1,1,1,1
1745,-0.656662728428805,0,0,0,0,1,1,1,0,1,1,1,1,0,0,0
1746,1.98981183968347,1,1,0,1,1,1,1,1,1,1,0,1,1,1,1
1747,0.522460940202245,1,1,1,1,1,0,1,0,1,1,1,1,1,0,1
1748,0.653486859648973,1,1,0,1,1,0,1,1,1,1,1,1,0,1,0
1749,-0.853400059173996,0,0,1,0,0,0,1,1,1,1,0,1,0,0,1
1750,-0.709720122691638,0,0,0,0,0,0,1,1,0,0,0,1,0,0,0
1751,-0.55638469677111,0,1,0,1,0,0,1,1,1,0,0,1,0,0,0
1752,0.873284633241405,1,1,0,1,0,0,1,1,1,1,1,1,0,1,0
1753,-1.13676189429342,0,0,0,0,1,0,1,1,1,0,0,1,0,0,0
1754,0.382046694933874,0,1,0,1,1,1,1,0,1,1,1,1,0,0,0
1755,-0.299352098675888,0,1,0,1,0,0,0,1,1,1,1,0,0,0,0
1756,-0.631846705963885,0,1,0,1,1,1,1,0,1,0,1,1,0,0,0
1757,1.13387552168635,0,1,1,1,1,1,1,1,1,1,1,1,0,0,1
1758,0.106280443271681,0,1,0,0,0,0,1,1,1,1,0,1,0,0,1
1759,-0.00950563854390386,0,1,0,1,0,0,1,0,1,1,1,1,0,0,0
1760,-0.319989018068332,0,1,1,0,0,0,1,1,1,1,1,1,0,0,0
1761,-1.38083191687735,0,1,0,1,0,1,1,1,0,0,1,1,0,0,0
1762,-0.824265099913795,0,0,1,0,0,0,1,1,1,1,0,1,0,0,0
1763,0.0694996149670522,0,1,1,1,0,0,1,0,1,1,1,1,0,0,1
1764,0.814286815865564,1,1,1,1,1,1,1,1,1,1,1,1,1,0,1
1765,-0.0582144037044994,0,1,1,1,0,0,1,1,1,1,1,1,0,0,0
1766,-0.525491825349989,0,0,1,0,0,0,0,1,1,1,0,1,0,0,0
1767,1.23992907125124,1,1,1,1,1,1,1,1,1,1,1,1,1,1,1
1768,-1.70305375483341,0,1,1,1,0,0,1,1,1,0,1,0,0,0,0
1769,-1.1074717576308,0,0,0,1,0,0,0,1,0,0,1,1,0,1,0
1770,-1.27123868393016,0,1,0,0,0,1,1,0,0,0,1,1,0,0,0
1771,-0.113515023195175,1,0,1,0,0,0,1,1,1,1,1,1,1,0,1
1772,0.924478819483497,1,1,1,1,0,0,1,1,1,1,1,1,1,1,1
1773,-1.22671201176355,0,0,0,1,0,1,0,1,0,0,1,0,0,0,0
1774,-1.95198831780698,0,0,0,0,0,0,1,0,0,0,0,0,0,0,0
1775,0.732720063905845,1,1,0,1,0,0,1,1,1,1,1,1,0,0,1
1776,-0.0162550517289305,0,1,0,1,0,0,1,0,0,1,1,1,0,0,1
1777,-0.519828989550923,0,0,0,1,0,0,0,0,0,1,0,1,0,0,0
1778,0.617500288592366,1,1,1,1,0,1,1,1,1,1,1,1,0,0,0
1779,-0.420097806137562,1,1,1,1,0,0,1,1,1,1,1,0,0,0,0
1780,1.06606751798686,1,1,1,1,1,0,1,1,1,1,1,1,0,1,1
1781,-2.07046930412225,0,0,0,0,0,0,1,1,0,0,0,0,0,0,0
1782,0.271196105762065,1,1,1,1,1,0,1,1,1,1,1,1,0,0,0
1783,0.699452850749611,0,1,0,1,0,0,0,1,1,1,1,1,0,1,1
1784,0.0256174393127986,0,1,1,0,0,0,1,1,1,1,1,1,0,0,0
1785,2.22107763463047,1,1,1,1,1,1,1,0,1,1,1,1,0,1,1
1786,1.7997704227787,1,1,0,0,0,1,1,1,1,1,1,1,1,1,1
1787,-0.0202302900145585,0,1,1,1,0,0,0,1,1,1,1,1,0,0,0
1788,-0.131648169937969,0,0,1,0,0,0,1,1,1,1,1,1,0,0,0
1789,0.110733017954206,0,1,0,1,1,0,1,0,1,1,1,1,0,0,0
1790,-0.535221567632093,0,0,0,0,0,0,1,1,1,0,0,1,0,0,1
1791,-0.256254673672483,0,1,0,1,0,0,0,1,1,1,1,1,0,0,0
1792,-1.76203609010861,0,0,0,0,0,0,1,0,0,0,0,0,0,0,1
1793,1.06084740591087,1,1,1,1,0,0,0,1,1,1,1,1,1,1,1
1794,0.0691020568149175,1,0,0,0,0,0,0,0,1,1,1,1,0,0,1
1795,-0.41707922891581,0,1,1,0,0,0,1,1,1,0,1,1,0,0,1
1796,0.75481725126264,0,1,1,1,0,1,0,1,1,1,1,1,0,0,1
1797,-0.37456545038419,0,1,1,1,0,0,1,1,1,0,0,1,0,0,1
1798,-0.263712053664808,0,1,1,1,0,0,0,1,1,1,0,1,0,0,0
1799,-0.546504430028794,0,1,1,0,0,0,1,0,0,1,1,1,0,0,0
1800,0.136644855585569,0,1,1,1,1,1,1,1,1,1,1,1,0,0,1
1801,1.32094978419051,1,1,0,1,0,1,1,1,1,1,1,1,0,1,1
1802,-0.857400490711067,0,0,1,1,0,0,1,1,1,0,1,1,0,0,1
1803,-0.467209406591559,0,0,0,0,0,1,1,1,1,1,1,1,0,0,1
1804,1.58356724520845,1,1,1,1,1,0,1,1,1,1,1,1,1,1,1
1805,1.02977165003166,1,1,1,1,0,0,1,1,1,1,1,1,1,1,1
1806,-0.60664920382964,0,1,0,0,0,0,0,1,0,0,0,1,0,0,0
1807,-0.63150328738325,0,1,0,1,0,1,1,1,0,1,1,1,0,1,0
1808,1.11857648673324,1,1,1,1,1,1,1,1,1,1,1,1,1,1,1
1809,-0.16213284984452,0,1,1,0,0,0,1,1,1,1,0,1,0,0,1
1810,1.8010938835259,1,1,1,1,1,1,1,1,1,1,1,1,0,1,1
1811,-0.43188435856601,0,1,1,1,0,0,1,1,1,1,1,1,0,0,0
1812,-1.0376524711084,0,1,0,1,1,0,0,1,1,0,0,1,0,0,1
1813,-0.31350949322444,1,1,0,1,1,1,1,0,1,1,1,0,0,0,0
1814,-1.82270137018809,0,1,0,1,0,0,1,0,0,0,0,0,0,0,0
1815,1.9197289898249,1,1,1,1,1,1,1,1,1,1,1,1,1,1,1
1816,-0.757385199888167,0,1,1,1,0,0,1,1,0,0,0,1,0,0,1
1817,1.15978388827379,0,1,1,0,1,0,1,1,1,1,1,1,1,1,1
1818,0.244704901682672,1,1,0,1,0,0,1,0,1,1,1,1,0,0,0
1819,0.246742201522885,1,1,0,1,0,1,1,0,1,1,1,1,0,0,1
1820,1.80306434150602,1,1,1,1,1,1,1,1,1,1,1,1,1,0,1
1821,0.662676513880792,0,1,0,1,0,1,1,1,1,1,1,1,0,1,1
1822,0.851182152451628,1,1,1,1,0,1,1,1,1,1,1,1,0,0,0
1823,0.171600523611025,0,1,1,1,0,0,1,0,1,1,1,1,0,1,1
1824,0.496241550290743,0,1,1,0,0,1,1,1,1,1,1,1,1,0,1
1825,-0.43282064086864,0,1,0,1,0,0,0,1,0,1,1,1,0,0,0
1826,-1.03882419173025,0,0,0,0,0,0,1,0,0,1,1,1,0,0,0
1827,-0.74578033957795,0,1,1,0,0,0,1,1,0,0,0,1,0,0,0
1828,0.0305702898612111,0,1,1,0,1,0,1,1,1,1,1,1,0,0,0
1829,0.698011962880104,0,1,1,0,1,0,1,1,1,1,0,1,1,0,0
1830,2.68028330216853,1,1,1,1,1,1,1,1,1,1,1,1,0,1,1
1831,-1.15796128613901,0,0,0,0,0,0,1,1,0,0,0,1,0,0,0
1832,2.25464586468067,1,1,0,1,1,1,1,1,1,1,1,1,1,1,1
1833,-2.33387328116018,0,0,0,0,0,0,0,1,0,0,1,1,0,0,0
1834,2.01312626446513,1,1,1,1,1,1,1,1,1,1,1,1,1,1,1
1835,-0.813443060834958,0,1,1,1,1,0,0,0,1,0,1,0,0,0,1
1836,0.52786978080427,0,1,0,1,1,1,1,1,1,1,0,1,0,1,1
1837,-1.27288141457899,0,1,1,0,0,0,0,0,0,0,1,1,0,0,0
1838,0.729659768944504,1,1,0,1,0,1,1,0,1,1,1,1,0,0,1
1839,0.751765758941608,1,1,1,1,0,0,1,1,1,1,1,1,0,0,1
1840,-1.0982345844707,0,1,0,0,0,0,1,0,1,0,1,0,0,0,1
1841,-0.581235653507367,0,0,0,1,0,0,1,0,1,1,1,1,0,0,0
1842,1.75012473941267,1,1,0,1,1,1,1,1,1,1,1,1,0,1,1
1843,-0.788586472859342,0,1,0,0,0,0,1,0,0,1,1,1,0,0,0
1844,-0.745932150715188,0,1,1,0,0,1,1,1,1,1,1,1,0,0,0
1845,-0.0530788244707615,0,1,1,1,0,0,1,1,1,0,1,1,0,0,1
1846,0.300978726706304,0,1,1,1,1,1,1,1,1,1,1,1,0,0,1
1847,1.13856184928632,1,1,1,1,1,1,1,0,1,1,1,1,1,0,1
1848,1.50373781993141,1,1,1,1,1,0,1,1,1,1,1,1,0,1,1
1849,-1.03385034603406,0,0,1,1,0,0,1,1,1,1,1,1,0,0,0
1850,-0.347655492987391,0,1,1,1,0,0,1,1,1,0,1,1,0,0,1
1851,-1.26698619496709,0,0,1,0,0,0,1,1,1,0,1,0,0,0,0
1852,-1.21096005976959,0,0,0,0,0,0,0,1,1,0,0,1,0,0,1
1853,-0.203439984455658,0,1,0,1,0,1,0,1,1,1,1,1,0,0,1
1854,-0.836738809433768,0,0,0,0,0,0,0,0,1,1,0,1,0,0,0
1855,0.912390252012759,1,1,1,0,1,1,1,1,1,1,1,1,0,0,0
1856,0.0826828006837378,1,1,1,1,0,0,1,0,1,0,1,1,0,0,0
1857,1.34484017956306,1,1,1,1,1,1,1,1,1,1,1,1,0,1,1
1858,0.972793915560197,1,1,1,1,0,1,1,1,1,1,1,1,0,0,1
1859,-2.96986446026305,0,1,0,0,0,0,1,0,0,0,0,0,0,0,0
1860,0.372594844745348,0,0,1,1,1,0,1,1,1,1,0,1,0,1,0
1861,-0.00860917859666731,0,1,0,1,0,0,1,1,1,1,1,1,0,0,0
1862,-0.666026065906902,0,0,1,0,0,1,1,1,1,0,1,1,0,0,1
1863,1.90448273591292,1,1,1,1,1,1,1,1,1,1,1,1,1,1,1
1864,-1.90245730680238,0,0,0,0,0,0,0,0,1,1,0,0,0,0,0
1865,0.496056125169006,0,1,1,1,0,0,1,0,1,1,1,1,0,0,1
1866,-1.11814647189299,0,1,1,1,0,0,1,0,1,0,0,1,0,0,1
1867,-1.62020832653512,0,1,0,0,0,0,0,0,0,1,0,0,0,0,0
1868,1.24544205078457,1,1,0,1,1,1,1,1,1,1,0,1,1,1,1
1869,0.708935341611004,1,1,1,1,0,1,1,0,1,1,1,1,0,0,1
1870,-0.249026678086779,0,0,1,1,0,0,1,0,1,1,1,1,0,0,0
1871,0.695751252885455,1,1,1,1,0,0,0,1,1,1,1,1,0,1,0
1872,0.969064156467366,0,1,1,1,1,0,1,1,1,1,1,1,0,1,1
1873,0.355168312403778,1,1,1,1,1,0,1,1,1,1,1,1,0,0,1
1874,-0.817942969517788,0,0,0,0,0,0,0,1,1,0,1,0,0,0,0
1875,-1.10672515686458,0,0,0,1,0,1,0,0,1,0,0,1,0,0,1
1876,-0.730106012060367,0,1,1,1,0,0,1,1,1,0,1,1,0,0,1
1877,-1.14256846152131,0,0,1,1,1,0,0,1,1,0,0,1,0,0,0
1878,2.53088839518211,1,1,1,1,1,1,1,1,1,1,1,1,0,1,1
1879,0.698739216825923,1,1,1,1,0,1,1,1,1,1,1,1,0,1,1
1880,-0.928571693440001,0,0,1,0,0,0,1,1,0,1,1,1,0,0,1
1881,-0.866522201491763,0,1,1,0,0,0,1,1,1,0,1,1,0,0,0
1882,0.33826452658878,0,1,1,1,0,0,0,1,1,1,1,1,0,0,1
1883,-0.631884114473089,0,0,0,1,0,0,1,1,0,1,1,1,0,0,1
1884,-0.358377215197259,1,1,0,1,0,0,1,1,1,1,1,1,0,0,0
1885,0.63162539690351,1,1,1,1,1,0,1,1,1,1,1,1,0,0,1
1886,-0.628914500181862,0,1,0,1,0,0,1,0,1,0,0,1,0,0,0
1887,-0.737063619882908,0,0,0,1,0,0,0,0,1,1,1,1,0,0,0
1888,1.45008677427965,1,1,1,1,1,1,1,0,1,1,1,1,1,1,1
1889,0.265112744236922,0,1,0,1,0,0,0,0,1,1,1,1,0,0,1
1890,0.358075016979189,0,1,1,1,0,0,0,1,1,1,1,1,1,1,1
1891,-0.316577744362197,0,0,0,0,0,0,1,1,1,1,0,1,0,0,0
1892,0.648703241713224,1,1,0,1,0,1,0,0,1,1,1,1,1,1,1
1893,0.400778628823658,1,1,0,1,0,0,1,1,1,1,1,1,0,0,1
1894,0.918071235263807,0,1,1,1,1,0,1,1,1,1,1,1,1,1,0
1895,-0.740457309811537,0,1,1,0,0,0,1,1,0,0,0,1,0,0,0
1896,0.345537924665652,0,1,0,1,0,1,1,1,1,1,1,1,0,0,0
1897,0.51065177064874,1,1,0,1,0,0,1,1,1,1,1,1,0,1,1
1898,0.624455016471936,1,1,1,1,0,0,1,1,1,1,1,1,0,0,1
1899,0.602127437353169,0,1,1,1,0,0,1,1,1,1,1,1,0,1,1
1900,0.842862724571896,1,1,1,1,1,0,0,1,1,1,1,1,0,1,1
1901,-0.222883240182227,1,1,1,1,0,0,1,1,1,1,1,1,0,0,0
1902,1.13364919951166,1,1,0,1,1,1,1,1,1,1,1,1,1,1,1
1903,0.251725656747957,0,1,1,1,0,0,1,1,1,1,1,1,0,0,1
1904,0.590473417126654,0,1,1,1,0,1,1,1,1,1,1,1,1,0,1
1905,0.00657656302222291,0,1,1,0,0,1,0,1,1,1,0,1,0,0,1
1906,-0.399965296286616,0,0,0,0,0,0,1,1,1,0,1,1,0,0,1
1907,0.764685885042883,1,1,0,1,0,0,1,1,1,1,1,1,0,0,1
1908,0.279117879846577,1,1,1,0,0,0,1,0,1,0,1,1,0,0,1
1909,-0.490595084948356,0,1,1,1,0,0,1,1,0,1,1,1,0,0,0
1910,0.580952444648226,1,1,1,1,0,1,1,1,1,1,1,1,0,0,1
1911,-2.08467437170166,0,0,1,0,0,0,0,0,0,0,1,0,0,0,0
1912,1.30117250740286,1,1,1,1,1,1,1,1,1,1,1,1,1,0,0
1913,-0.648752461903081,0,1,0,1,0,0,1,1,1,1,1,1,0,0,1
1914,1.03364097942584,1,1,1,1,0,1,1,1,1,1,1,1,0,1,1
1915,-0.0766552595350813,0,1,1,1,0,0,0,1,1,1,1,1,0,0,1
1916,-1.51259246189058,0,0,0,0,0,0,1,0,0,0,1,1,0,0,1
1917,-0.47842690574478,0,0,1,0,1,0,0,1,0,1,1,1,0,0,0
1918,-0.24884504466971,0,1,1,1,0,1,1,1,1,1,1,1,0,0,0
1919,0.216399192326172,1,1,1,1,0,1,1,1,1,1,0,1,0,0,0
1920,1.22005307268554,1,1,1,1,1,0,1,1,1,1,1,1,0,0,1
1921,-0.563139538872313,0,1,0,0,0,0,0,1,0,0,0,1,0,0,1
1922,0.267599745001063,0,1,1,0,1,0,1,1,1,1,0,1,0,0,0
1923,-0.524997147412747,0,0,0,0,0,0,0,1,0,1,1,1,0,0,1
1924,0.211614741676987,0,1,1,1,1,1,1,1,1,0,1,1,0,0,1
1925,-0.921652113287547,1,0,0,0,0,0,1,1,1,0,0,1,0,0,0
1926,-1.06449437523178,0,1,0,0,0,0,1,1,0,0,0,1,0,0,0
1927,-0.0973325833209137,1,1,0,1,0,0,1,1,1,1,1,1,0,0,1
1928,1.33949810599711,1,1,1,1,0,1,1,1,1,1,1,1,0,1,1
1929,-0.654422626610641,0,0,1,0,0,0,1,1,1,1,0,1,0,0,0
1930,0.0711447894068833,1,1,1,1,0,0,1,1,1,1,1,1,0,1,1
1931,0.650626181810567,1,1,1,1,0,0,1,1,1,1,0,1,1,0,0
1932,-0.190094390826488,0,1,1,0,1,0,0,1,1,1,0,1,0,0,0
1933,1.49609837008608,1,1,0,1,1,1,1,0,1,1,1,1,0,1,1
1934,-0.995207184110019,0,0,1,0,0,0,1,0,1,1,1,1,0,0,0
1935,-0.783054118917312,0,1,0,0,0,0,0,0,1,1,0,1,0,0,0
1936,-1.23791118300435,1,1,0,0,0,0,1,0,0,0,0,1,1,0,0
1937,1.35757730156354,0,1,1,1,1,1,1,0,1,1,1,1,1,1,1
1938,-0.355654485314746,0,1,0,1,0,0,0,1,1,1,0,1,0,0,0
1939,0.917468623747276,1,1,1,1,1,0,1,0,1,1,1,1,0,0,1
1940,-0.540900980550289,0,1,0,0,0,1,1,1,1,0,1,1,0,0,0
1941,1.82364744445247,1,1,1,1,1,1,1,1,1,1,1,1,1,0,1
1942,-1.19987365249468,0,1,1,1,0,1,1,1,0,0,1,0,0,0,0
1943,0.106059805094768,0,1,0,1,1,0,1,1,1,1,0,1,0,0,0
1944,-0.52036681515201,1,1,1,0,0,0,0,0,0,1,1,1,0,0,0
1945,-1.72623160751197,0,0,0,0,0,0,0,0,0,0,0,0,0,0,0
1946,0.143606431408813,1,1,1,1,1,0,1,1,1,1,1,1,0,0,1
1947,1.29596651786254,1,1,1,1,1,0,1,1,1,1,1,1,0,1,1
1948,0.244221491536986,0,1,1,1,0,1,1,0,1,1,0,1,0,0,0
1949,-0.977798908624054,0,0,1,0,0,0,1,1,1,0,1,0,0,0,0
1950,0.801798352086747,0,1,0,1,0,1,1,1,1,1,0,1,0,0,1
1951,0.541043012720929,1,0,0,1,1,0,1,0,1,1,1,1,0,0,0
1952,-1.30300859019207,0,0,0,1,0,0,0,1,1,0,1,0,0,0,0
1953,0.565418072455872,1,0,1,1,0,0,1,1,1,1,1,1,0,0,1
1954,1.7337253768081,1,1,1,1,1,1,1,1,1,1,1,1,0,1,0
1955,0.417906237415236,0,1,1,1,0,1,1,1,1,1,1,1,1,0,1
1956,-0.965220750284561,0,0,0,1,0,0,1,1,0,0,1,1,0,0,0
1957,0.743584877340823,0,1,1,1,0,1,0,1,1,1,0,1,0,0,1
1958,-0.273449359232323,1,1,1,0,0,1,1,1,1,0,1,1,0,0,0
1959,0.598733231468508,0,1,1,1,0,0,1,1,1,1,1,1,0,0,1
1960,-0.0555582873389597,0,1,1,1,1,0,1,1,1,1,1,1,0,1,1
1961,-0.799500277618593,0,1,0,1,0,0,0,1,1,0,1,1,0,0,0
1962,1.80308172029671,1,1,1,1,1,0,1,1,1,1,1,1,1,1,1
1963,-0.956523566332874,0,0,0,1,0,0,0,1,0,0,0,1,1,0,0
1964,0.850251078424768,1,1,1,1,0,1,1,0,1,1,1,1,0,0,1
1965,-0.0224200485863371,0,0,0,1,0,1,1,1,1,1,1,1,0,0,0
1966,0.110769168569586,0,1,1,1,0,0,1,1,1,0,1,1,0,0,1
1967,-1.85523842604337,0,0,0,0,0,0,1,0,0,1,0,0,0,0,0
1968,-0.683003187061517,0,1,1,1,0,0,1,1,1,0,0,1,0,0,0
1969,1.0163227920098,1,1,1,1,1,0,1,1,1,1,1,1,1,1,1
1970,0.599377278970328,1,1,1,1,0,0,1,1,1,1,0,1,0,0,0
1971,1.04823145614003,1,1,1,1,1,1,1,1,1,1,1,1,1,0,0
1972,0.544087878183268,1,1,1,1,0,1,1,0,1,1,0,1,1,1,1
1973,-0.345623499593808,0,0,1,0,1,0,1,1,1,1,0,1,0,0,0
1974,-2.13414684857584,0,1,0,0,0,0,0,0,0,0,0,0,0,0,0
1975,1.72494510790599,1,1,1,1,1,0,1,1,1,1,0,1,1,1,1
1976,1.25573799219814,1,1,1,1,1,0,1,1,1,1,1,1,0,1,0
1977,0.969501859255683,1,1,0,1,1,0,1,1,1,1,1,1,0,1,1
1978,-0.81101007472952,0,1,0,0,0,0,0,1,1,0,1,1,0,0,0
1979,-1.14174589879047,0,1,0,1,0,0,1,1,1,0,0,1,0,0,1
1980,0.0686676792682344,1,0,1,0,0,0,1,1,1,1,1,1,0,0,0
1981,0.0482414712102063,0,1,1,1,0,0,1,1,1,1,1,1,0,0,1
1982,-0.0513535805931839,0,0,0,1,0,0,1,1,1,1,0,1,0,0,0
1983,1.08173686078342,1,1,0,1,1,0,1,1,1,1,1,1,0,1,1
1984,-0.166568572102094,0,1,0,0,1,0,1,1,1,1,1,1,0,0,1
1985,0.297931358883694,0,1,1,0,0,1,1,1,1,1,1,1,0,0,0
1986,-2.40768785420564,0,0,0,0,0,0,1,0,1,0,0,0,0,0,0
1987,-0.182378966598698,0,1,0,1,0,0,1,1,1,1,1,0,0,0,1
1988,-0.262660095445733,0,0,0,1,0,0,1,1,1,1,0,1,0,0,0
1989,-0.858762393998321,0,1,1,1,0,0,1,0,1,0,1,1,0,1,0
1990,-0.978049870612029,0,0,0,0,0,0,1,1,1,0,0,1,0,0,0
1991,0.0349051574598638,0,0,0,0,0,0,1,1,1,0,1,1,0,0,1
1992,-0.889308051526844,0,1,1,0,0,0,1,1,1,0,1,1,0,0,0
1993,-1.32728065967883,0,1,0,0,0,0,0,1,0,0,1,1,0,0,0
1994,-0.75052085684292,0,1,0,0,0,0,1,1,1,0,0,1,0,0,0
1995,-1.35863088466581,1,1,0,0,0,0,0,1,0,0,0,1,0,0,0
1996,0.309151877271024,1,0,0,1,1,0,1,0,1,1,1,1,0,0,1
1997,-1.01380342538209,0,1,0,1,0,0,0,1,1,0,1,1,0,0,1
1998,-0.547310605940476,0,1,0,0,0,0,0,1,1,0,1,1,0,0,0
1999,0.920964041796533,1,1,0,1,0,1,1,1,1,1,0,1,1,1,1
2000,-0.525743605344254,0,1,1,0,0,0,1,1,1,0,1,1,0,0,0
2001,-0.159489369707683,0,1,1,0,0,0,1,0,1,1,1,1,0,0,0
2002,0.0880311826422278,1,1,1,1,0,0,0,0,1,1,1,1,0,0,1
2003,0.399699461909168,0,1,1,1,0,0,1,1,1,1,1,1,0,1,1
2004,0.566096632032611,1,1,0,0,0,0,1,0,1,1,1,1,0,0,1
2005,1.60512640915545,1,1,1,1,0,1,1,1,1,1,1,1,1,1,1
2006,1.09401472049256,0,1,1,1,1,0,1,1,1,1,1,1,0,1,1
2007,-0.859553118734152,0,1,0,0,0,0,0,1,1,1,1,1,0,0,1
2008,-1.04830875084332,0,0,0,1,0,0,1,0,1,0,1,1,0,0,0
2009,-0.726417153017868,1,0,0,0,0,0,0,0,1,1,1,1,0,0,1
2010,0.466975238725151,0,1,0,1,0,1,1,1,1,1,1,1,0,0,1
2011,-0.272772614352026,0,1,1,1,0,1,1,1,1,1,1,1,0,0,0
2012,1.99575686148254,1,1,1,1,1,1,1,1,1,1,1,1,1,1,1
2013,-0.737275238039528,0,1,0,1,0,0,1,1,1,0,0,1,0,0,1
2014,0.372320485521251,1,1,0,0,1,0,1,1,1,1,1,1,0,0,1
2015,0.45262912509947,0,1,1,1,0,1,1,1,1,1,0,1,0,0,0
2016,-0.387216874662357,0,1,1,1,0,1,1,0,1,1,1,1,0,0,0
2017,-0.403857700288197,0,1,0,1,0,0,1,0,1,0,1,1,0,0,1
2018,-2.91781546915576,0,0,0,0,0,0,1,0,0,0,0,0,0,0,0
2019,1.39433320981163,1,1,1,1,0,0,1,1,1,1,1,1,1,0,1
2020,-0.0903356216791061,1,1,0,1,0,1,1,0,1,1,1,1,0,0,0
2021,-1.26671186675814,0,0,0,0,0,1,1,1,0,0,0,1,0,0,0
2022,0.97759151266645,1,1,1,1,1,1,1,1,1,1,1,1,0,0,1
2023,-0.820581301907323,0,0,0,0,0,0,1,0,1,0,1,1,0,0,0
2024,0.353452633913061,1,1,1,0,1,0,1,1,1,1,1,1,0,0,1
2025,0.538606095307391,1,0,0,1,0,1,1,1,1,1,1,1,0,0,1
2026,2.02644461588652,1,1,0,1,1,1,1,1,1,1,1,1,0,1,1
2027,1.78941276989929,1,1,1,1,1,0,1,1,1,1,1,1,0,1,1
2028,-1.37268653177438,0,0,1,1,0,0,1,1,0,0,1,0,0,0,0
2029,0.138384642472029,0,1,0,0,0,0,1,1,1,1,0,1,0,1,1
2030,-0.248702903876568,0,1,0,1,0,1,1,1,1,1,1,1,0,0,1
2031,-0.880594804783005,0,1,1,0,0,0,0,1,1,0,1,1,0,0,0
2032,0.001663267933715,1,1,0,1,1,1,1,0,1,1,1,1,0,0,1
2033,0.54117601017079,0,1,1,1,0,1,1,1,1,1,0,1,0,1,1
2034,0.69805136161325,1,1,1,1,0,0,1,1,1,0,1,1,0,1,1
2035,-1.59959400744578,0,0,0,0,0,0,0,1,0,0,0,1,0,0,0
2036,0.164186605283529,1,1,1,1,0,1,1,1,1,1,1,1,0,0,0
2037,0.957134434431929,1,1,1,1,0,0,1,0,1,1,1,1,0,0,1
2038,0.691749869140334,0,1,1,1,0,0,1,0,1,1,1,1,0,0,0
2039,-0.516641502938156,0,0,0,1,0,0,1,1,1,0,0,1,0,0,0
2040,-2.95341584280552,0,0,0,0,0,0,0,1,0,0,0,0,0,0,0
2041,-0.646580177329289,0,1,1,1,0,0,1,1,1,1,1,1,0,0,0
2042,-0.375459047305685,0,0,1,1,0,0,0,1,1,1,1,1,0,0,0
2043,0.183154355919396,1,1,1,0,0,1,1,1,1,1,1,1,0,0,0
2044,-0.0765702183763699,0,1,1,1,1,0,0,0,1,0,1,1,0,0,1
2045,1.5636010488788,1,1,1,1,1,1,1,1,1,1,1,1,0,0,1
2046,0.461332022208332,0,1,0,1,1,1,0,1,1,1,0,1,1,0,0
2047,0.617672476513453,1,1,1,1,0,0,1,1,1,1,1,1,0,1,1
2048,0.510659585803414,1,1,1,1,1,0,0,1,1,1,1,1,0,0,0
2049,-0.30072814781099,0,0,1,0,1,1,1,1,1,1,0,1,0,1,0
2050,0.0318886327195591,0,1,0,1,0,0,0,1,1,1,1,1,0,0,1
2051,-0.571440593924673,0,1,0,1,0,0,0,1,1,0,1,1,1,0,0
2052,0.993956998988682,1,1,1,0,1,1,1,1,1,1,1,1,0,0,1
2053,0.722537819760335,1,1,1,1,1,0,1,1,1,1,1,1,0,0,0
2054,-0.527777771502574,0,1,1,0,0,0,0,1,1,0,0,1,0,0,1
2055,0.330616591196846,0,1,1,1,0,1,1,1,1,0,1,1,0,0,0
2056,0.238907234129913,0,1,0,1,0,0,1,1,1,1,1,1,0,0,1
2057,-1.05599800464172,0,1,1,0,1,0,1,1,1,0,0,1,0,0,0
2058,0.824688367798277,1,1,0,1,1,0,1,1,1,1,1,1,0,0,1
2059,-1.35228430040239,0,0,0,0,0,0,1,0,1,1,1,0,0,0,0
2060,-0.34029401314559,0,1,0,0,0,0,1,0,1,1,1,1,0,0,0
2061,-0.304494209100532,0,1,0,1,0,0,1,1,1,1,1,1,0,0,1
2062,-1.14124292679784,0,0,0,0,0,0,0,1,0,0,0,1,0,0,0
2063,0.679869652175413,1,1,1,1,0,1,1,1,1,1,1,1,1,0,1
2064,-1.34553985199719,0,0,0,0,0,0,1,1,1,0,1,1,0,0,0
2065,-1.24501072104739,0,0,1,0,1,0,1,1,1,0,1,1,0,0,0
2066,0.309151877271024,1,1,0,0,0,1,1,1,1,1,1,1,0,1,0
2067,0.0527204325473283,0,1,0,1,0,0,1,0,1,1,0,1,0,0,1
2068,2.10710485216639,1,1,1,1,1,1,1,1,1,1,1,1,1,1,1
2069,0.682742034374004,1,1,1,1,1,0,0,1,1,1,1,1,0,0,0
2070,0.66543370853887,1,1,1,1,0,1,1,0,1,1,1,1,0,1,1
2071,1.15502844419944,1,1,1,1,1,1,1,1,1,1,1,1,0,1,1
2072,-1.87580006862059,0,0,1,0,0,0,1,1,0,0,0,1,0,0,0
2073,0.0225090989336442,0,1,1,0,1,0,0,1,1,1,1,1,0,0,1
2074,-0.559613741830189,0,1,0,0,0,1,0,1,1,0,0,1,0,0,1
2075,-0.314381691385236,0,1,1,1,0,0,0,1,1,1,0,1,0,0,1
2076,2.22581941755645,1,1,1,1,1,1,1,1,1,1,1,1,1,1,1
2077,1.14159977974247,0,1,1,1,1,1,1,1,1,1,1,1,0,1,1
2078,-0.340406177921347,0,1,1,1,0,0,1,1,1,0,0,1,0,0,0
2079,0.598684136558305,1,1,1,1,0,1,1,1,1,1,0,1,1,0,1
2080,-0.778194662141726,0,1,1,0,0,0,0,1,1,1,1,1,0,0,0
2081,0.400205798550529,1,1,1,1,0,1,1,1,1,1,1,1,1,1,0
2082,1.06951056662602,1,1,1,1,1,1,1,1,1,1,1,1,1,0,0
2083,-0.323482624062668,1,0,1,1,0,0,0,1,1,0,1,1,0,0,1
2084,-1.33367222834326,0,0,0,0,0,0,1,0,0,1,0,0,0,1,1
2085,1.0345474379714,1,1,1,1,1,0,1,1,1,1,1,1,0,1,1
2086,-0.0280358116766748,0,1,0,1,0,1,1,1,1,1,1,1,0,0,0
2087,0.211659489753397,1,1,1,1,0,1,1,0,1,1,1,1,0,0,1
2088,-0.174484385657793,1,1,0,1,0,0,1,0,1,1,1,1,1,0,1
2089,-0.042954614097411,0,1,0,1,1,0,1,1,1,1,0,1,0,0,0
2090,-1.17285143396443,0,1,0,1,0,0,1,1,0,0,0,1,0,0,0
2091,-0.213816572952303,0,1,1,0,0,0,1,0,1,1,1,1,0,0,1
2092,0.384977543537128,1,1,0,1,1,1,1,1,1,1,1,1,0,0,1
2093,1.40699986242882,1,1,0,1,1,1,1,1,1,1,1,1,1,1,0
2094,-0.742357239091127,0,1,0,0,0,0,1,1,1,0,0,0,0,0,1
2095,-2.06939796099994,0,0,0,0,0,0,0,0,0,0,0,0,0,0,0
2096,0.0668014878164244,0,0,1,1,1,1,1,1,1,1,1,1,0,0,0
2097,-0.761370527458573,0,0,0,1,0,0,1,1,0,0,0,1,0,0,1
2098,-0.801514754260873,0,0,0,1,0,0,1,0,1,1,0,1,0,0,1
2099,-1.28458163585095,0,0,0,1,0,0,1,1,0,0,0,0,0,0,0
2100,-1.33967630340196,0,0,0,1,0,0,1,1,1,0,1,1,0,0,0
2101,0.698884240184273,1,1,1,1,0,0,1,1,1,1,1,1,0,1,0
2102,-0.134262913039194,0,1,1,0,0,0,1,1,1,1,1,1,0,0,0
2103,0.276120675356745,1,0,1,1,1,1,1,1,1,1,0,1,0,1,1
2104,-0.618013085406466,1,0,1,1,0,0,1,1,1,0,1,1,0,0,0
2105,-1.87016853599355,0,0,0,0,0,0,1,0,0,0,0,0,0,0,0
2106,1.02515956388519,1,1,1,1,0,1,1,1,1,1,1,1,0,0,1
2107,0.71622018710322,1,1,1,1,0,1,1,1,1,1,1,1,0,1,1
2108,-0.0620369553405067,0,1,1,0,0,0,1,1,1,1,1,1,0,0,1
2109,-0.195219832910037,0,1,1,1,0,1,0,0,1,1,1,1,0,0,1
2110,0.924743042907564,1,1,1,1,1,1,1,1,1,1,1,1,1,0,0
2111,-0.872915023105983,0,1,0,1,0,0,0,0,0,0,0,1,0,0,0
2112,-0.27322579818985,1,0,1,1,0,0,0,0,1,1,0,1,0,0,0
2113,1.72581856671145,1,1,1,1,1,1,1,1,1,1,1,1,1,1,1
2114,0.0581721588476547,0,1,0,1,0,0,1,1,1,1,1,1,0,0,0
2115,-0.872746334087745,0,1,1,1,0,0,1,1,1,1,0,1,0,0,0
2116,2.19792009378473,1,1,1,1,0,1,1,1,1,1,1,1,1,1,1
2117,-1.70532775293361,0,0,1,0,0,0,1,1,0,1,1,1,0,0,0
2118,-0.87007352120435,0,1,0,1,0,0,1,0,1,0,0,1,0,0,0
2119,-0.00929831873607975,0,1,0,1,0,1,1,1,1,1,1,1,0,0,0
2120,-0.0735167779681961,1,1,0,0,1,0,1,0,1,1,1,1,0,0,1
2121,-1.35282081326544,0,0,1,0,0,0,1,0,1,0,1,1,0,0,1
2122,-0.977271880807096,0,0,0,0,0,0,0,0,0,0,1,1,0,0,0
2123,-0.322584544259095,0,1,0,1,0,1,1,1,1,1,0,1,0,0,1
2124,0.941003248282444,1,1,1,1,1,1,1,1,1,1,1,1,0,0,1
2125,0.987172768593161,1,0,0,1,1,0,1,1,1,1,1,1,0,1,0
2126,1.14160589682436,1,0,0,1,1,0,1,0,1,1,1,1,0,0,1
2127,1.48372603494018,1,1,1,1,1,0,0,1,1,1,1,1,1,0,1
2128,-1.4703011462089,0,0,1,0,0,0,1,1,1,0,0,1,0,0,0
2129,0.541845506913386,1,1,0,1,0,0,1,1,1,1,1,1,0,0,1
2130,1.48427106958066,0,1,1,1,1,0,1,1,1,1,0,1,0,1,1
2131,0.284413594903311,1,1,0,1,0,0,1,1,1,1,1,1,0,0,1
2132,0.187196043224435,1,1,1,0,0,0,1,1,1,1,1,1,0,0,1
2133,1.74825849887171,1,1,1,1,1,1,1,1,1,1,1,1,1,1,1
2134,-0.543585849523196,0,1,1,0,0,0,0,1,1,1,1,1,0,0,1
2135,-0.406782567545209,0,0,1,1,1,0,1,1,1,0,1,1,0,0,1
2136,-1.48968132823514,0,0,0,0,0,0,1,1,0,0,0,1,0,0,0
2137,0.844087585657003,1,1,1,1,1,0,1,1,1,1,1,1,0,1,1
2138,0.859659445508504,1,1,1,1,1,0,1,1,1,1,1,1,1,0,1
2139,-1.52119639477121,0,0,0,0,0,0,1,0,0,0,0,0,0,0,0
2140,0.1876792199868,0,1,0,1,0,0,1,0,1,1,0,1,0,0,0
2141,-0.107944734759929,0,0,1,0,0,1,1,0,1,1,1,1,0,0,1
2142,-0.352492166834388,0,1,1,1,0,0,1,1,1,1,1,1,0,0,0
2143,-1.75741264681242,0,0,1,0,0,0,0,1,0,0,0,0,0,0,0
2144,-0.0534940763378205,0,0,0,1,0,1,1,0,1,1,0,1,0,1,1
2145,-1.68196095339365,0,0,0,0,0,0,0,0,0,0,1,1,0,0,0
2146,0.0714380394471756,0,1,0,1,1,0,1,0,1,1,1,1,0,1,1
2147,0.571364558875439,1,1,1,1,0,1,1,1,1,1,1,1,1,0,0
2148,1.08904325797516,1,1,0,1,0,1,1,1,1,1,1,1,1,0,1
2149,0.782065072907107,1,1,1,1,1,1,1,1,1,1,0,1,0,0,1
2150,-0.164587661677527,0,1,1,0,0,0,0,1,1,0,1,1,0,1,1
2151,-0.145501449343894,0,1,1,1,0,0,1,1,1,1,1,1,0,0,0
2152,1.09053773733503,1,1,1,1,1,1,1,1,1,1,1,1,0,0,1
2153,2.03185961776844,1,1,1,1,1,1,1,1,1,1,1,1,1,1,1
2154,0.750421359189906,0,1,1,1,1,1,1,1,1,1,1,1,0,0,1
2155,0.694744792536862,1,1,0,1,1,1,1,1,1,1,1,1,0,0,1
2156,-1.60498945686528,0,0,0,0,0,0,0,0,1,0,0,1,0,0,0
2157,-1.1318283558334,1,0,0,0,1,0,0,1,0,1,1,0,0,0,0
2158,1.33417441427337,1,1,1,1,1,1,1,1,1,1,1,1,0,1,1
2159,-0.113331521969847,0,0,0,1,0,1,1,1,1,0,1,1,0,0,0
2160,1.09881859298945,1,1,1,1,1,1,1,1,1,1,1,1,0,1,1
2161,2.36058171107329,1,1,1,1,1,1,1,1,1,1,1,1,0,1,1
2162,-1.33526859559365,0,1,0,0,0,0,0,0,0,0,1,0,0,0,0
2163,1.40092140861642,1,1,0,1,1,0,1,1,1,1,1,1,1,1,1
2164,-0.896361807778257,0,1,1,0,0,1,1,1,1,0,1,0,0,1,0
2165,-0.210871849686792,0,1,1,1,0,0,1,0,1,1,1,1,0,0,0
2166,1.04461476685918,1,1,1,1,1,1,1,0,1,1,0,1,0,1,1
2167,-1.08896734191231,0,0,0,1,0,0,1,0,1,0,0,0,0,0,0
2168,-1.32280147323697,0,0,1,0,0,0,0,0,0,0,1,0,0,0,0
2169,1.27426678714342,1,1,0,1,0,1,1,1,1,1,1,1,1,1,1
2170,0.786242663990108,1,1,0,1,1,0,1,1,1,1,1,1,0,0,1
2171,0.062360325890908,1,1,0,1,0,0,1,1,1,1,0,1,0,0,1
2172,-0.998561315691104,0,1,0,1,0,0,1,1,0,0,0,1,0,0,0
2173,0.457684973039451,0,1,1,1,0,0,1,0,1,1,1,1,1,0,1
2174,-1.36714103809257,0,0,0,1,0,0,1,1,0,0,0,1,0,0,0
2175,1.61230639106443,1,1,1,1,1,1,1,1,1,1,1,1,1,1,1
2176,-0.880134538396511,0,1,0,0,0,0,0,1,0,0,1,0,0,1,1
2177,0.452810626905802,1,1,0,1,1,1,1,1,1,1,1,0,0,0,1
2178,-0.192458694940312,0,1,1,0,1,0,1,1,0,1,1,1,0,0,0
2179,0.146085183787373,0,1,0,1,0,1,1,1,1,0,1,1,0,0,0
2180,-0.232999685456657,0,1,0,0,0,1,1,1,1,0,1,1,0,0,0
2181,0.50738773253647,0,1,1,1,0,0,1,0,1,1,1,1,1,0,1
2182,-0.685932912494343,0,1,0,0,0,0,1,0,1,1,0,1,0,0,0
2183,-0.00686448335224104,0,1,0,1,0,0,1,1,1,0,0,1,0,0,1
2184,0.863266660974597,0,1,0,1,0,0,1,0,1,1,1,1,1,1,1
2185,-2.40768785420564,0,0,0,0,0,0,0,1,0,0,0,0,0,0,0
2186,-0.217888524434211,0,1,0,1,1,0,1,1,1,1,1,1,0,0,1
2187,-0.806675726319586,0,1,1,1,0,0,0,1,1,0,0,1,0,0,0
2188,-1.55449193038152,0,0,0,0,0,0,1,1,1,0,0,0,0,0,0
2189,0.155569341018609,1,1,1,1,1,1,1,0,1,1,1,1,0,0,1
2190,-0.113839799752434,0,1,1,1,0,0,1,1,1,1,1,1,0,0,1
2191,1.50586977001781,1,1,1,1,0,1,1,0,1,1,1,1,1,1,1
2192,1.93152669356975,1,1,1,1,1,1,1,1,1,0,1,1,0,1,1
2193,1.02193168551218,1,1,1,1,1,0,1,1,1,1,1,1,0,0,1
2194,0.0136876717322273,0,1,0,1,0,0,1,1,1,1,1,1,0,0,1
2195,0.225090474628547,0,1,0,1,1,0,1,1,1,1,1,1,0,0,1
2196,-1.38824470674599,0,0,0,1,0,0,0,1,0,0,1,0,0,0,0
2197,0.465722583899442,1,0,1,0,1,1,1,0,1,1,0,1,0,0,1
2198,0.381443280728929,1,1,0,1,0,0,1,1,1,1,1,1,0,0,1
2199,-1.43728735360033,0,1,1,0,0,0,0,1,0,0,1,1,0,0,0
2200,-0.0578837540143203,0,1,1,1,0,0,1,1,1,1,1,1,0,0,0
2201,-1.78921920655984,0,0,0,0,0,0,0,1,0,0,0,0,0,0,0
2202,-0.256977673049196,0,1,1,1,0,0,1,0,1,1,1,1,0,0,1
2203,0.745695144647381,0,1,1,1,0,0,1,1,1,1,0,1,0,0,1
2204,2.42901935907542,1,1,1,1,1,1,1,1,1,1,1,1,1,1,1
2205,0.50683699335853,1,1,1,1,1,1,1,1,1,1,1,1,0,0,0
2206,-0.735777965400302,0,1,0,1,0,0,1,0,1,0,1,1,0,0,0
2207,-3.15906300789678,0,0,0,0,0,0,1,0,0,0,0,0,0,0,0
2208,-0.602214182468089,0,0,0,1,0,0,0,1,1,1,1,1,0,0,1
2209,0.653345295732809,1,1,1,1,1,1,1,1,1,1,1,1,0,0,0
2210,1.14629689522055,1,1,1,1,1,1,1,1,1,1,1,1,0,0,1
2211,1.6210876238915,1,1,1,1,1,1,1,1,1,1,1,1,0,1,1
2212,0.785151138039794,1,0,0,1,1,1,1,1,1,1,1,1,0,0,1
2213,0.0272638838967212,0,1,1,1,0,0,1,0,1,1,1,1,0,0,0
2214,-1.18844701480361,0,1,0,0,0,0,0,1,1,1,0,1,0,0,0
2215,1.23900388796895,1,1,1,1,0,0,1,1,1,1,1,1,1,1,1
2216,-0.137141628087526,0,1,1,1,1,0,1,0,1,1,1,1,0,0,0
2217,0.265502947496748,0,1,1,1,0,0,1,1,1,1,0,1,0,0,0
2218,-0.35307393859805,0,1,0,0,0,0,1,1,1,1,0,1,0,0,1
2219,-0.743049257218611,0,1,0,1,0,0,0,1,1,1,1,1,0,0,0
2220,-0.577451765072677,1,1,1,0,0,0,1,1,1,1,0,1,0,0,0
2221,0.965067457195658,1,1,0,1,1,0,1,1,1,1,1,1,0,0,1
2222,-1.24536483657901,0,0,0,0,0,0,0,1,1,0,1,1,0,0,0
2223,-0.991580943115269,0,0,0,0,0,0,1,0,0,0,0,1,0,0,0
2224,1.05219182745665,1,1,1,1,1,1,1,1,1,1,1,1,0,0,0
2225,-1.09396057369889,0,0,1,0,0,0,1,1,1,0,0,1,0,0,0
2226,-0.854587533678976,0,1,1,1,0,0,1,0,1,0,1,1,0,0,0
2227,-0.504781490237091,0,1,0,1,0,0,1,1,1,1,1,1,0,0,0
2228,-0.384560118346098,0,1,1,1,0,0,1,1,1,1,1,1,0,0,1
2229,0.514250609684936,0,1,1,1,1,1,1,1,1,1,1,1,1,0,1
2230,-0.282637106290359,0,1,0,0,0,0,1,1,1,0,1,1,0,0,0
2231,-0.011050577316934,0,1,0,1,0,0,1,1,1,1,1,1,0,0,0
2232,1.23806164993327,1,1,0,1,1,1,1,1,1,1,1,1,0,1,1
2233,0.552886782398694,0,1,0,1,1,0,0,1,1,1,1,1,0,1,0
2234,0.0661498347999224,0,1,1,0,0,0,1,1,1,1,1,1,1,0,1
2235,-2.09329764610795,0,0,0,0,0,0,1,0,0,0,0,0,0,0,0
2236,0.38097051534686,0,1,1,1,0,0,1,1,1,1,1,1,0,0,0
2237,0.155207071240891,1,0,1,1,0,0,1,0,1,1,1,1,0,0,1
2238,-1.0248004508349,0,0,1,0,0,0,0,0,1,0,0,1,0,0,0
2239,-1.73353896969163,0,1,0,0,0,0,1,0,0,0,1,0,0,0,0
2240,-0.54396032431714,0,0,1,0,0,0,1,1,1,1,1,1,0,0,0
2241,1.1382532305427,1,1,1,1,0,1,1,1,1,1,1,1,0,1,1
2242,0.870370512610785,1,1,1,0,0,1,1,1,1,1,1,1,1,0,1
2243,1.76649837950067,1,1,1,1,1,1,1,1,1,1,1,1,0,0,1
2244,2.69221001086768,1,1,1,1,1,1,1,1,1,1,1,1,1,1,1
2245,1.22056823687819,1,1,1,1,1,0,1,0,1,1,1,1,0,1,1
2246,-1.28651265058482,0,0,0,1,1,0,1,0,0,0,0,1,0,0,0
2247,-1.15935756776942,0,0,0,1,0,0,0,1,0,0,1,1,0,0,0
2248,-1.16329147357398,0,0,0,0,0,0,0,1,0,0,0,1,0,0,0
2249,0.328711079510154,1,1,0,0,0,1,1,1,1,1,1,1,0,0,0
2250,2.02954612393968,1,1,0,1,0,1,1,1,1,1,1,1,1,1,1
2251,-0.367271370709934,0,1,1,0,0,0,0,1,1,0,0,1,0,0,1
2252,0.0951279837030339,1,1,1,1,0,0,0,1,1,1,0,1,0,1,0
2253,-0.153544838978098,1,0,0,1,0,0,1,0,1,1,0,1,1,0,1
2254,-0.225718919418443,1,1,1,1,0,0,1,1,1,1,1,1,1,0,0
2255,-1.09067354698826,0,0,0,0,0,0,1,1,0,1,0,1,0,0,0
2256,-1.19432496615734,0,1,0,0,0,0,1,1,1,0,0,1,0,0,0
2257,-0.451910557709003,1,0,1,0,0,0,0,0,1,1,0,1,0,0,1
2258,-0.909070564566258,1,0,0,0,0,0,1,0,0,1,1,1,0,0,0
2259,-1.14597684209946,0,1,1,0,0,0,0,1,1,0,0,1,0,0,0
2260,1.50335713242403,1,1,1,1,1,1,1,0,1,1,1,1,0,1,1
2261,1.1153037136926,1,1,1,1,1,0,1,1,1,1,1,1,1,0,1
2262,-0.549165693425367,1,0,1,1,1,0,1,1,1,0,0,1,0,0,1
2263,-0.358030050920898,0,0,0,1,0,0,1,0,1,1,1,1,0,0,0
2264,-0.249439341724466,1,1,0,0,0,0,1,1,1,1,0,1,0,0,0
2265,-0.304219551456858,1,1,0,1,1,0,1,1,1,1,1,1,0,0,0
2266,-0.654462642049352,0,1,0,1,0,0,0,1,1,1,1,1,0,0,1
2267,-0.164471735581312,0,0,0,1,0,1,0,1,1,1,1,1,0,0,1
2268,0.631622493477786,0,1,1,1,0,0,1,1,1,1,1,1,0,0,1
2269,0.0738804109209325,0,1,1,1,0,0,1,1,1,1,1,1,0,0,0
2270,0.811158554836809,1,1,1,1,0,0,1,1,1,1,1,1,0,0,1
2271,-0.19955754675603,1,1,1,0,0,0,1,0,1,1,0,1,0,0,1
2272,-1.96940242290209,0,1,0,0,0,0,0,1,0,0,0,1,0,0,0
2273,-1.18376991548956,0,0,0,0,0,0,1,0,0,0,0,1,0,0,0
2274,-2.02579258054809,0,0,1,1,0,0,1,0,0,0,0,0,0,0,0
2275,-0.386419141623737,0,1,0,1,0,0,1,0,0,1,0,1,0,0,0
2276,-1.72764540172147,0,0,0,0,0,0,1,1,0,0,0,0,0,0,1
2277,0.897973205069161,1,1,1,1,1,0,1,1,1,1,1,1,1,1,1
2278,-1.37351653326437,0,0,0,0,0,1,0,0,1,0,0,1,0,0,0
2279,1.47091859582425,1,1,1,1,1,0,1,1,1,1,1,1,1,1,1
2280,0.282675817173534,0,0,0,1,1,0,1,1,1,1,1,1,0,0,1
2281,0.0720917431054195,0,1,0,1,0,0,1,1,1,1,0,1,0,0,1
2282,-0.637317983699922,0,0,0,1,0,0,1,1,1,1,1,1,0,0,0
2283,-0.795431275592084,0,1,0,1,1,0,1,1,1,1,0,1,0,0,0
2284,0.662685781211113,1,1,0,1,0,0,1,0,1,1,0,1,1,1,1
2285,0.915281265012604,1,1,0,1,1,0,1,1,1,1,1,1,1,0,1
2286,0.846915167703651,1,1,0,1,0,0,1,1,1,1,1,1,1,1,1
2287,-0.1988988544677,1,1,1,1,0,0,1,1,1,1,1,1,0,0,0
2288,-0.379931966399669,0,1,1,0,1,0,1,0,1,1,1,1,0,0,0
2289,0.287065091969906,1,1,0,1,0,1,1,1,1,1,0,1,0,0,0
2290,-0.481769638128624,0,0,0,0,0,1,0,1,1,1,0,1,0,0,1
2291,-0.353336139305088,0,1,0,1,0,0,1,0,1,1,0,1,0,0,0
2292,-1.1243647702795,0,0,1,0,0,0,1,0,0,0,1,1,0,0,0
2293,0.15957478864097,0,1,1,1,0,0,1,0,1,0,1,1,1,0,1
2294,-0.95036898335717,1,0,0,1,0,0,1,1,1,0,1,0,0,0,0
2295,0.148492723609974,1,1,1,1,0,1,1,0,1,1,1,1,0,0,0
2296,-0.219720509428638,1,0,1,1,0,0,1,1,0,1,1,1,0,0,1
2297,0.564864129347062,1,1,1,1,1,0,1,1,1,1,0,1,0,0,0
2298,0.660025531454473,1,1,1,1,0,0,1,1,1,1,1,1,0,0,1
2299,-0.700676859848915,0,0,1,0,0,0,1,0,1,1,0,1,0,0,1
2300,-0.417209792329694,0,0,0,1,0,0,1,1,1,0,0,0,0,0,0
2301,0.813947727693037,1,1,0,1,0,0,1,1,1,1,1,1,0,0,0
2302,0.165991574841445,0,1,1,1,0,0,1,1,1,1,0,1,0,0,1
2303,1.77567881306644,1,1,1,1,0,0,1,1,1,1,1,1,1,1,0
2304,2.13447431506026,1,1,1,1,1,0,1,1,1,1,1,1,1,1,1
2305,0.936164397185164,1,1,0,1,1,1,1,1,1,1,1,1,0,0,1
2306,-1.81496389584155,0,0,0,0,1,0,0,0,1,0,0,0,0,0,0
2307,-0.0278675503336653,0,1,0,0,0,1,0,0,1,0,1,1,0,0,1
2308,-1.45089822868929,0,0,1,0,1,1,0,0,0,0,0,1,0,0,0
2309,-0.80329391342498,0,1,1,0,0,1,1,1,1,0,1,1,0,0,0
2310,0.384048333578692,0,1,1,1,0,0,1,1,1,1,1,1,1,0,1
2311,-0.239567430431574,1,1,1,1,0,0,1,0,1,1,1,1,0,0,0
2312,1.14243308618709,1,1,1,1,1,0,1,0,1,1,1,1,0,0,0
2313,0.173828377445557,0,1,1,1,0,1,1,1,1,1,1,1,0,1,0
2314,0.124788428099995,0,0,1,1,0,0,1,0,0,1,1,1,0,0,1
2315,1.8128317568094,1,1,1,1,0,1,1,1,1,1,1,1,1,0,1
2316,1.31441577861717,1,1,0,1,1,0,1,1,1,1,1,1,1,0,1
2317,-1.20961555457045,1,0,0,1,0,1,0,0,1,0,0,1,0,0,0
2318,-0.499827540469694,0,1,0,0,1,0,1,1,1,1,0,1,0,0,1
2319,0.295524773769303,0,1,0,0,0,0,1,1,1,1,1,1,1,0,0
2320,1.22658529805787,1,1,0,1,1,0,0,1,1,1,1,1,1,0,1
2321,0.789202940254346,1,1,1,1,0,1,1,0,1,1,1,1,1,0,1
2322,0.0899744081605243,1,1,1,0,0,0,1,1,1,1,0,1,0,1,0
2323,-0.642781662172728,0,1,1,1,0,0,1,1,1,0,1,1,0,0,1
2324,0.603602210867978,1,1,1,1,1,0,1,0,1,1,0,1,0,0,1
2325,-0.854583617030065,0,0,0,0,0,0,1,0,1,1,1,1,0,0,0
2326,0.897541341218164,1,1,0,1,1,1,1,1,1,1,1,1,0,1,0
2327,-0.620295284617844,0,1,0,0,1,0,0,0,1,0,1,1,0,0,0
2328,-0.0351278737585293,0,1,0,1,1,1,1,1,1,1,0,1,0,0,1
2329,0.526324572523847,1,1,1,1,1,0,1,1,1,1,0,1,0,1,1
2330,-1.50310933040919,0,0,0,1,0,0,0,0,0,0,0,1,0,0,0
2331,0.773862570901126,1,1,1,1,0,1,1,1,1,0,1,1,0,0,0
2332,1.98412418657371,1,1,0,1,1,1,1,0,1,1,1,1,0,1,1
2333,0.2579927078044,1,1,1,1,1,0,1,0,1,1,1,1,0,0,1
2334,0.918060690366945,1,1,1,1,1,0,1,1,1,1,1,1,1,0,1
2335,-1.09464007693883,0,0,0,0,0,0,0,0,0,0,1,1,0,0,0
2336,0.817795903782603,1,1,1,1,1,0,1,1,1,1,1,1,0,0,1
2337,2.17166981329763,1,1,0,1,1,1,1,1,1,1,1,1,1,1,1
2338,0.442611890016781,1,1,1,1,1,0,1,0,1,1,0,1,0,0,1
2339,-0.781890324008882,0,1,0,0,0,0,1,1,1,0,1,1,0,0,1
2340,-0.722844717105278,0,0,0,1,0,0,1,1,1,1,0,1,0,0,0
2341,0.298964062987323,1,1,1,1,1,0,1,1,1,0,1,1,1,0,0
2342,0.176995609671807,0,1,0,1,0,0,1,1,1,1,1,1,0,0,1
2343,-0.0853003609597729,1,1,0,1,0,0,1,1,1,0,1,1,0,0,0
2344,1.29094882959325,0,1,1,1,1,0,1,1,1,1,1,1,0,1,1
2345,0.289529543933475,1,1,1,1,0,1,1,0,1,1,1,1,1,0,1
2346,0.989855531893289,1,1,1,1,1,1,1,1,1,1,1,1,1,0,1
2347,-0.4070935574458,0,1,0,1,1,0,0,1,1,1,1,1,0,0,1
2348,0.478933836781085,1,1,1,0,0,1,0,0,1,1,1,1,0,0,1
2349,-1.68595912700086,0,1,0,0,0,0,1,0,0,1,0,1,0,0,0
2350,-1.54870147344982,0,0,0,0,0,0,0,0,0,0,0,1,0,0,0
2351,0.420233510725799,1,1,1,1,1,1,1,1,1,1,1,1,1,0,0
2352,0.962060215203574,1,1,1,1,0,1,1,0,1,1,1,1,0,1,1
2353,1.51926818323621,1,1,1,1,0,0,1,1,1,1,1,1,1,1,1
2354,-0.929457812598936,0,0,1,0,0,0,1,1,1,1,0,1,0,0,0
2355,0.799392836722487,1,1,1,1,1,1,1,0,1,1,1,1,0,0,0
2356,1.06558003278054,1,1,0,1,0,1,1,1,1,1,1,1,0,1,1
2357,0.15887278772467,0,0,0,1,0,0,1,1,1,1,1,1,0,0,1
2358,1.91635320049916,1,1,1,1,1,1,0,0,1,1,1,1,0,1,1
2359,-0.685362389675689,1,1,0,1,0,0,1,1,1,1,0,1,0,0,1
2360,0.570936824500304,1,1,0,1,0,0,1,1,1,1,1,1,0,0,0
2361,-0.862321991978013,0,0,0,0,0,0,0,0,0,1,1,0,0,0,1
2362,0.338956243337514,1,0,0,1,0,0,1,1,1,1,1,1,0,0,0
2363,-0.722582382005526,0,0,0,0,0,0,1,1,1,1,1,1,0,0,1
2364,0.121943578477907,0,1,0,1,0,0,1,1,1,1,1,1,0,0,0
2365,-1.29653895243534,0,0,0,1,0,0,1,0,0,0,0,1,0,0,0
2366,0.0246141825880522,0,0,1,1,1,1,1,1,1,1,1,1,0,0,1
2367,1.51088093563856,1,1,1,1,0,0,1,1,1,1,1,1,0,1,1
2368,-2.07044655988968,0,0,0,0,0,0,0,0,0,0,0,0,0,0,0
2369,2.26160583945065,1,1,1,1,1,1,1,1,1,1,1,1,1,1,1
2370,0.467160415654089,0,1,1,1,1,0,1,1,1,1,1,1,0,0,1
2371,0.979200016869864,0,1,0,1,1,0,1,1,1,1,1,1,1,1,1
2372,0.77845171607726,1,1,0,0,0,1,1,1,1,1,1,1,0,0,1
2373,-0.894417522690395,0,1,1,0,0,0,0,1,1,1,0,1,0,0,0
2374,0.918335132175788,1,0,0,1,0,0,1,0,1,1,1,1,0,0,1
2375,0.392520244244937,1,1,0,1,0,0,1,0,1,1,1,1,0,0,1
2376,-0.972921407750567,0,1,0,0,0,0,0,1,1,1,1,1,0,0,0
2377,-0.634907268101861,0,1,1,0,0,0,0,1,0,1,0,1,0,0,0
2378,1.45584634292658,1,1,1,1,0,1,1,1,1,1,1,1,1,0,1
2379,0.244329228171417,0,1,0,1,1,0,1,0,1,1,1,1,0,0,0
2380,-0.417790702997754,0,1,1,0,0,0,1,1,1,1,0,1,0,1,0
2381,-0.17459462009496,0,1,0,1,0,0,0,1,1,0,0,1,0,0,0
2382,0.874116614183362,1,1,1,1,0,1,1,0,1,1,1,1,0,1,1
2383,-0.633613694125046,0,1,0,0,0,0,1,1,0,1,1,1,0,0,1
2384,-1.71658503719849,0,0,1,0,0,0,0,0,1,0,0,1,0,0,0
2385,0.60345191082127,1,1,1,1,0,1,1,1,1,1,1,1,0,0,1
2386,-0.696015004895663,0,0,1,0,0,0,1,1,1,0,1,1,0,0,0
2387,-0.84010470503397,0,1,0,0,0,0,1,0,1,0,1,1,0,0,0
2388,-1.66993937213752,0,0,0,0,0,0,0,0,0,0,0,0,0,0,0
2389,-0.153177312372578,0,1,1,0,0,0,1,1,1,1,1,1,0,0,1
2390,0.271307587670782,0,1,1,1,1,0,1,1,1,1,1,1,0,0,1
2391,0.213773632434381,0,1,0,1,1,0,1,1,1,1,1,1,0,0,0
2392,-2.17589880454337,0,0,0,0,0,0,1,1,0,1,0,0,0,0,0
2393,-1.1892572093169,0,1,1,0,0,0,0,1,0,0,0,1,0,0,0
2394,0.98677137155554,0,1,1,1,0,0,1,1,1,1,1,1,1,0,1
2395,-0.828473445891863,0,1,0,1,0,0,1,1,1,1,1,1,0,0,1
2396,-0.263710245971008,0,0,1,1,0,0,1,1,1,1,1,1,0,0,1
2397,-0.0328270450979315,0,0,1,0,1,0,1,0,1,1,1,1,0,0,1
2398,1.85341653270082,1,1,1,1,1,0,1,1,1,1,1,1,0,1,1
2399,-0.0231164845316751,0,1,1,1,0,0,1,1,1,1,1,1,0,0,1
2400,-0.917729512668042,0,0,1,0,1,0,1,1,1,0,1,1,0,0,1
2401,0.124643229774942,1,1,1,0,1,0,1,1,1,1,1,1,0,0,1
2402,0.323413023515438,0,1,1,1,0,1,1,0,1,1,1,1,1,1,1
2403,-0.349852103519438,0,1,0,1,0,0,1,0,1,1,0,1,0,0,1
2404,0.0344707536524341,0,1,0,1,0,0,1,0,1,1,1,1,1,1,1
2405,0.153579777796722,0,1,0,1,0,0,1,1,1,1,1,1,0,0,0
2406,0.631104856329523,1,1,1,1,0,1,1,1,1,1,1,1,0,0,1
2407,-0.0945166813466256,1,1,0,1,0,0,1,1,1,1,0,1,0,0,1
2408,-1.16790044975958,0,0,0,0,0,0,1,1,1,0,0,0,0,0,0
2409,0.546410827537941,1,1,0,1,1,0,1,1,1,1,1,1,0,0,1
2410,-2.52888078122379,0,1,0,0,0,0,0,0,0,0,0,1,0,0,0
2411,-0.463644036612832,0,1,1,1,0,0,0,0,1,0,0,1,0,0,1
2412,1.20087206987638,0,1,0,1,1,0,1,1,1,1,1,1,0,1,1
2413,-0.272954061514185,0,1,0,1,0,0,1,1,1,1,1,1,0,0,1
2414,-1.81159526289285,0,0,1,0,0,0,0,1,0,0,0,0,0,0,0
2415,0.279270658201875,0,1,1,0,0,0,1,1,1,1,1,1,0,0,0
2416,0.796429084731635,1,1,1,1,0,1,1,1,1,1,1,1,0,0,1
2417,1.16854287304327,1,1,0,1,1,1,1,1,1,1,1,1,1,1,1
2418,-0.557338480045865,0,0,0,0,1,1,0,1,1,1,1,1,0,0,0
2419,0.0824076907310903,1,1,1,1,0,0,1,1,1,0,1,1,0,1,0
2420,0.464092544155677,1,1,1,1,1,1,1,1,1,1,1,1,0,0,1
2421,0.833384219122883,0,1,1,1,0,1,1,1,1,1,1,1,0,0,1
2422,0.7128026298865,1,1,1,1,1,1,1,0,1,1,1,1,1,0,1
2423,0.0231945416779436,0,1,0,1,0,1,1,0,1,0,0,1,0,0,0
2424,0.182419241946017,1,0,1,1,0,0,0,1,1,1,1,1,0,0,0
2425,0.0667495606998833,0,1,1,1,0,0,1,0,1,1,0,1,0,0,1
2426,-0.121534344088508,0,1,1,1,0,0,1,0,1,1,0,1,0,0,0
2427,-1.103467994633,0,0,0,0,0,0,0,1,1,0,0,0,0,0,0
2428,0.592625849286935,1,1,1,1,0,1,1,1,1,1,1,1,0,0,1
2429,-1.12844511199696,0,0,0,1,0,0,0,0,1,1,1,1,0,0,1
2430,0.846300755599204,1,1,1,1,1,0,1,1,1,1,1,1,0,0,1
2431,-0.929382487811879,0,0,0,0,1,0,0,1,1,0,1,1,0,0,1
2432,0.677450557481359,0,1,0,1,0,1,1,1,1,1,1,1,0,0,0
2433,-0.900875835844993,1,1,0,1,0,0,1,1,1,0,1,1,0,0,0
2434,0.301279390871965,0,1,1,1,1,1,1,1,1,1,0,1,0,0,1
2435,0.795309084650817,1,1,1,1,1,1,1,0,1,1,1,1,0,0,1
2436,0.530652652464482,0,1,0,1,0,1,1,1,1,1,1,1,0,0,1
2437,-0.577188951990715,0,1,0,0,0,0,0,0,1,1,1,1,0,0,0
2438,0.928274063439733,0,1,1,1,1,0,1,1,1,1,1,1,0,0,1
2439,1.01374575681669,1,1,1,1,0,1,1,1,1,1,1,1,1,1,1
2440,1.52830329094237,1,1,0,1,1,1,1,0,1,1,0,1,1,1,1
2441,-0.244259829480581,0,1,1,0,0,0,1,1,1,1,1,1,0,0,1
2442,-0.999443486810465,0,1,1,1,0,0,0,1,1,1,0,1,1,0,0
2443,-0.192240236022161,0,0,0,1,1,1,1,1,1,1,0,1,0,0,0
2444,-0.470564022695855,0,0,0,0,0,0,1,1,1,1,1,1,0,0,1
2445,-0.740216947451869,0,0,0,0,0,0,1,1,1,1,1,1,0,0,1
2446,-0.51776079876492,1,0,1,0,0,0,1,1,1,0,0,1,0,0,0
2447,-1.25545916968474,0,1,0,0,0,0,1,0,1,0,1,0,0,0,0
2448,-0.552359180896039,0,0,0,0,0,0,1,0,1,0,0,1,0,0,0
2449,0.417720907001175,1,1,0,1,0,0,1,0,1,1,1,1,0,1,1
2450,0.424625968175567,0,1,1,1,0,0,1,1,1,0,1,1,0,0,1
2451,-2.04661223798807,0,0,0,0,1,0,0,0,0,0,0,0,0,0,0
2452,0.528805762884751,1,1,1,1,0,1,1,1,1,1,1,1,1,1,0
2453,1.549415359249,1,1,1,1,0,0,1,1,1,1,1,1,1,0,1
2454,-0.788803098527327,0,1,0,0,0,0,0,0,1,1,0,0,0,0,0
2455,0.0270926646872475,1,1,1,1,0,0,0,1,1,1,1,1,0,0,1
2456,0.220219712191807,0,1,1,1,0,1,1,1,1,1,1,1,1,0,1
2457,0.900630787017411,1,1,1,1,0,1,1,1,1,1,1,1,0,0,1
2458,0.746020169300767,1,1,0,0,0,1,1,1,1,1,0,1,1,0,1
2459,0.382140710893461,1,1,1,1,0,1,1,1,1,1,1,1,0,0,1
2460,1.98718585068989,1,1,1,1,1,1,1,1,1,1,1,1,1,1,1
2461,0.440146060984488,1,1,0,1,1,1,1,1,1,1,1,1,1,0,1
2462,0.0408339308741422,1,1,1,1,0,1,1,1,1,1,1,1,1,0,0
2463,-0.145509652917615,0,1,0,0,0,1,1,1,1,1,1,1,0,0,1
2464,1.37332759340537,1,1,0,1,0,1,1,1,1,1,1,1,0,1,1
2465,1.00312223189277,1,1,0,1,1,0,1,1,1,1,1,1,0,0,1
2466,-0.0113095383108125,1,1,0,1,0,1,1,1,1,1,0,1,0,0,1
2467,1.22005307268554,1,1,1,1,1,1,1,1,1,1,1,1,0,0,1
2468,0.349978365962715,0,1,1,1,0,0,1,0,1,0,1,1,1,1,1
2469,-1.52946317237501,0,0,0,1,0,0,1,0,1,0,0,1,0,0,0
2470,-0.546314397959449,0,1,0,1,0,0,0,0,1,0,1,1,0,0,1
2471,0.719562542824334,1,1,1,0,1,0,1,0,1,1,1,1,1,0,1
2472,-1.66954057007596,0,0,0,0,0,0,0,0,1,0,1,1,0,0,0
2473,-1.14256846152131,0,1,0,0,0,0,0,0,1,0,0,1,0,0,1
2474,0.265166207196917,0,1,1,1,0,0,1,1,1,1,1,1,0,1,1
2475,0.0824052806547119,1,1,1,1,0,0,1,0,1,1,1,1,0,0,0
2476,0.873339407826008,0,1,0,1,0,0,1,1,1,1,1,1,0,0,1
2477,0.429475397870602,0,1,0,1,0,1,1,1,1,1,1,1,1,0,1
2478,-0.352641558790122,0,0,0,1,0,0,1,1,1,0,1,1,0,0,1
2479,0.227927870669453,0,0,0,0,0,0,1,1,1,1,0,1,0,0,1
2480,0.407445330693768,1,1,1,1,0,1,1,1,1,1,1,1,1,0,1
2481,0.116209748701235,0,0,0,1,0,0,1,1,1,1,1,1,0,1,0
2482,0.209560474115719,1,1,0,1,0,1,1,1,1,1,0,1,0,0,1
2483,-1.3751929914246,0,0,0,0,1,0,0,1,0,1,0,1,0,0,0
2484,-1.70584030528805,0,1,0,0,0,0,0,0,0,0,0,1,0,0,0
2485,0.339146721340203,0,1,0,1,0,0,1,0,1,1,1,1,0,0,1
2486,0.754981913733757,0,1,1,1,0,0,0,1,1,1,1,1,0,0,1
2487,0.392343465429668,1,1,1,1,0,0,1,0,1,1,1,1,1,1,0
2488,0.686345610251954,1,1,1,1,0,0,1,1,1,1,1,1,1,0,0
2489,-0.754434756610899,0,1,0,1,0,0,0,1,1,1,1,1,0,0,0
2490,-0.857167366925889,0,1,1,1,0,0,0,1,1,0,0,1,0,0,0
2491,-0.973614398753173,0,1,1,0,0,0,0,1,1,0,0,1,0,0,0
2492,-0.543379632527576,0,1,1,1,0,0,1,0,1,1,0,1,0,0,0
2493,0.584462885907701,1,1,0,1,1,0,1,1,1,1,1,1,1,0,1
2494,-1.19164692371119,0,1,0,0,0,0,1,1,0,1,0,1,0,0,0
2495,0.369997758307909,1,1,0,1,1,0,0,1,1,1,0,1,1,0,0
2496,0.760389305801704,1,1,1,1,1,0,0,1,1,1,1,1,0,1,1
2497,-1.22534283573198,0,0,0,0,0,0,0,1,1,1,1,0,0,0,0
2498,0.0323376399750992,1,1,1,1,0,1,1,1,1,1,1,1,0,0,1
2499,0.25414028076492,1,1,0,0,1,0,1,1,1,1,1,1,0,0,1
2500,0.739404265753492,1,1,0,1,1,1,1,1,1,1,0,1,0,0,1
2501,-0.383972481739034,0,1,0,1,0,0,1,0,1,1,1,1,0,0,0
2502,0.496466815858424,1,1,0,1,0,0,1,0,1,1,1,1,0,0,1
2503,0.900630787017411,1,1,1,1,0,0,1,1,1,1,1,1,0,1,1
2504,0.615330507208131,1,1,1,1,1,0,1,1,1,1,1,1,0,0,1
2505,0.406977232913598,1,1,1,1,0,1,1,0,1,1,0,1,0,1,1
2506,1.45708350149678,1,1,0,1,0,1,1,1,1,1,1,1,0,1,1
2507,1.14573916195962,0,1,1,1,1,1,1,1,1,1,1,1,1,0,1
2508,0.0296351662052116,0,1,1,1,0,0,1,1,1,1,0,1,0,0,1
2509,-1.02529035218665,0,1,1,0,0,0,0,1,1,1,0,1,0,0,0
2510,-0.847165854437392,0,1,0,0,0,0,1,0,1,0,0,1,0,0,0
2511,0.839399446626441,1,1,0,1,0,1,1,1,1,1,1,1,0,1,1
2512,0.843867374045878,0,1,1,1,1,1,1,1,1,1,1,1,0,1,1
2513,-0.206380809468362,0,1,0,1,0,0,1,1,1,0,1,1,0,0,1
2514,0.77872593925586,0,1,1,1,1,0,1,1,1,1,1,1,0,1,1
2515,0.372495886798805,1,1,1,1,1,1,1,0,1,1,1,1,0,0,0
2516,0.587549746582554,1,1,0,1,0,0,1,0,1,1,1,1,0,0,1
2517,0.624056724829288,1,1,1,1,0,0,1,1,1,1,1,1,0,1,1
2518,1.52796100007262,1,1,1,1,0,1,1,1,1,1,1,1,0,0,1
2519,-2.10784297619463,0,0,1,0,0,0,0,1,0,0,0,0,0,0,0
2520,0.174343687408777,1,1,0,1,0,1,1,1,1,1,1,1,0,0,1
2521,0.437716770316082,1,1,1,1,0,1,1,1,1,1,1,1,1,0,1
2522,0.0696726622379404,0,0,1,1,1,0,1,1,1,1,1,1,0,0,0
2523,-0.0621551429892549,1,1,1,1,0,1,1,0,1,1,0,1,0,0,0
2524,0.287329460714777,1,0,1,1,1,1,1,1,1,1,1,1,0,1,1
2525,-1.37935125724869,0,0,1,0,0,0,1,1,0,0,1,0,0,0,0
2526,0.662927909353513,0,1,1,1,1,0,1,1,1,1,1,1,1,0,1
2527,-1.0376524711084,1,0,1,0,0,0,1,0,0,1,0,0,0,0,1
2528,-1.04228032127293,0,0,0,1,0,0,1,0,0,0,1,1,0,0,0
2529,1.37315532500227,1,1,1,1,1,1,1,0,1,1,1,1,0,1,1
2530,-0.953376010541459,0,0,0,0,0,0,1,0,1,0,1,1,0,0,0
2531,0.257698602848248,1,1,0,1,0,0,1,1,1,0,1,1,0,1,1
2532,-0.394923917791976,0,1,1,0,0,0,1,1,1,1,0,1,0,0,1
2533,-0.636840840502905,0,0,1,0,0,0,1,0,1,1,0,1,0,0,0
2534,-0.0735144142491762,1,1,1,1,0,0,1,1,1,1,1,1,0,1,1
2535,-0.426489499934562,0,0,0,0,1,0,1,1,1,1,1,1,0,0,0
2536,0.140708315350273,0,1,1,1,1,1,1,0,1,1,1,1,0,0,1
2537,-0.246236671880283,0,0,0,1,0,0,1,1,1,1,0,1,0,0,0
2538,0.0671273265271702,0,1,0,0,0,0,1,1,1,1,1,1,0,1,1
2539,-1.05345139791074,0,1,0,1,0,0,0,1,1,0,1,0,0,0,0
2540,-2.43140295308407,0,0,0,0,0,0,0,1,0,0,0,0,0,0,0
2541,0.432355755116401,1,1,1,1,1,1,1,0,1,1,0,1,0,0,1
2542,-0.25109265325075,1,1,0,1,0,0,1,1,1,1,1,1,0,0,0
2543,-1.00642918896382,0,0,1,0,0,0,0,1,0,1,0,0,0,0,0
2544,-1.71363709079701,0,1,0,0,0,1,0,0,0,0,0,1,0,0,0
2545,1.54023110017745,1,1,1,1,1,0,1,1,1,1,1,1,1,1,1
2546,-0.173783154965875,1,1,0,1,0,0,1,1,1,1,1,1,0,0,1
2547,0.740499157503664,1,1,1,1,0,1,1,0,1,1,1,1,1,0,1
2548,-1.2325698646824,0,0,1,0,0,0,0,0,0,0,1,0,0,0,0
2549,-0.637862578104277,0,1,1,0,0,0,0,1,1,0,1,1,0,0,1
2550,-0.514214184305896,0,0,0,0,0,1,1,0,1,1,1,1,0,0,0
2551,1.65998023577117,1,1,1,1,1,1,1,1,1,1,1,1,0,0,1
2552,-1.85361232374524,0,0,0,0,0,0,0,0,1,0,0,1,0,0,0
2553,0.336252652766987,0,1,1,1,0,0,1,1,1,1,1,1,0,0,0
2554,0.789590421992975,1,1,1,1,1,0,1,0,1,1,1,1,0,1,1
2555,0.145591746701561,0,1,1,1,0,0,1,0,1,1,1,1,0,1,1
2556,1.84062372051679,1,1,1,1,1,0,1,1,1,1,1,1,0,0,0
2557,0.219805932855219,0,1,0,0,0,0,1,0,1,1,1,1,0,0,0
2558,0.851420930871117,0,1,0,1,1,0,1,1,1,1,1,1,1,0,1
2559,-0.273299297325807,0,1,0,0,0,0,1,1,1,0,1,1,0,0,1
2560,-0.828239878861464,0,0,0,0,0,1,1,1,1,1,0,0,0,0,1
2561,0.0832584893613283,0,1,1,0,0,0,1,1,1,0,1,1,0,0,0
2562,1.164253136871,1,1,1,1,0,1,1,1,1,1,1,1,1,0,1
2563,1.65994999552771,1,0,1,1,1,1,1,1,1,1,1,1,0,1,1
2564,-1.71583663853184,0,0,0,0,0,0,1,0,0,0,0,0,0,0,0
2565,-0.254768554506432,1,1,0,0,0,0,1,1,1,1,0,1,0,0,0
2566,0.698375726093653,1,1,1,1,0,0,1,1,1,1,1,1,0,0,0
2567,0.601436930677951,0,0,0,1,0,0,1,0,1,1,1,1,1,0,0
2568,1.1369335308695,1,1,1,1,1,0,1,0,1,1,1,1,0,1,1
2569,0.770356901337889,1,1,1,1,0,1,1,1,1,1,1,1,0,0,1
2570,0.15491634272653,0,1,0,1,0,1,1,1,1,1,1,1,0,0,1
2571,-0.323069383962313,1,0,0,0,0,1,1,1,1,1,1,1,0,0,0
2572,0.161509349945875,0,1,0,1,0,0,1,1,1,1,0,1,0,1,1
2573,0.949414282357597,1,1,1,1,0,1,1,1,1,1,1,1,0,0,1
2574,-0.825242396807831,0,1,1,1,0,0,0,0,1,0,1,1,0,0,0
2575,-1.76533868494876,0,0,0,0,0,0,0,1,0,0,1,1,0,0,0
2576,0.0852606138919891,0,1,1,1,0,0,1,1,1,1,0,1,0,0,0
2577,0.247037794251629,0,1,0,1,1,1,0,1,1,1,0,1,0,0,1
2578,-0.66957991507998,0,0,1,0,0,0,1,1,1,0,1,0,0,0,0
2579,2.77466480694229,1,1,1,1,1,1,1,1,1,1,1,1,1,1,1
2580,-0.190046591006269,1,1,0,0,0,0,0,1,1,1,0,1,1,0,0
2581,-1.64044958448889,0,0,0,0,0,0,1,1,0,0,1,0,0,0,0
2582,0.574592679678283,0,0,1,1,0,1,0,1,1,1,1,1,0,0,1
2583,1.0663446029481,1,1,1,1,0,1,1,1,1,1,1,1,0,0,1
2584,1.0330264961485,0,1,1,1,1,1,1,1,1,1,1,1,0,1,1
2585,-0.705644630893107,0,0,0,1,0,0,0,1,0,1,1,1,0,0,0
2586,0.366795191774265,0,1,0,1,0,0,1,1,1,1,1,1,0,0,0
2587,0.0824076907310903,0,1,1,1,0,0,1,0,1,1,1,1,0,0,0
2588,0.154874834170409,0,1,1,0,0,1,1,1,1,1,1,1,0,0,0
2589,-0.0533637188191369,0,1,0,0,1,0,1,0,1,1,0,1,1,0,0
2590,-0.63679995676855,0,0,0,0,0,0,0,1,1,0,0,1,0,0,0
2591,-0.435589827925365,1,0,0,0,0,0,1,1,1,1,0,1,0,0,0
2592,-0.792213754853714,0,0,1,0,0,0,0,1,1,1,0,1,0,0,1
2593,-0.763274718355603,0,0,0,0,1,0,1,1,1,1,0,1,0,0,1
2594,0.266219351980969,0,1,1,1,0,1,1,1,1,1,1,1,0,1,1
2595,0.680340993783614,0,1,1,1,1,0,1,0,1,1,1,1,1,0,1
2596,-0.768065439071392,0,0,0,1,0,0,1,0,1,1,0,1,1,0,0
2597,0.486609003311651,1,1,1,1,1,0,0,1,1,1,1,1,0,0,1
2598,-0.753516277932713,0,1,0,1,0,0,1,1,1,1,0,1,0,0,0
2599,-1.2431397076188,0,0,0,0,0,0,0,1,0,0,0,1,0,0,0
2600,1.03814916118518,1,1,0,1,0,1,1,1,1,1,1,1,1,1,1
2601,1.17237539760362,1,1,1,1,1,0,1,1,1,1,1,1,1,0,1
2602,2.08658639156781,1,1,1,1,1,1,1,1,1,1,1,1,1,0,1
2603,0.820983529694349,1,1,1,1,1,0,1,1,1,1,0,1,1,1,0
2604,-0.103948958632421,0,1,0,1,0,0,1,0,1,1,0,1,0,0,0
2605,0.0297748539745129,0,1,0,1,0,1,1,1,1,1,0,1,0,1,0
2606,-0.208520790324691,1,1,0,1,0,0,0,0,1,1,0,1,0,0,1
2607,1.77569049201647,1,1,1,1,1,1,1,1,1,1,1,1,1,1,1
2608,1.02467355498429,1,1,1,1,1,0,1,1,1,1,1,1,0,1,1
2609,-0.103084573056936,0,1,1,1,0,0,1,1,1,1,1,1,0,0,0
2610,-1.49622702722939,0,0,0,0,0,0,0,0,0,1,0,0,0,0,1
2611,-0.484000491525582,0,0,1,1,0,0,1,1,1,0,1,1,0,0,0
2612,-0.239021114649326,1,1,0,1,1,0,1,1,0,1,1,0,0,1,1
2613,1.02577021491994,1,0,0,1,0,1,1,1,1,1,1,1,0,0,1
2614,1.00635256507105,1,1,1,1,1,1,1,1,1,1,1,1,1,1,1
2615,1.15501970496554,1,1,1,1,0,1,1,1,1,1,1,1,0,0,0
2616,-1.1227424955005,0,1,0,1,0,0,1,1,0,0,1,0,0,0,0
2617,-1.7134797453988,0,1,0,0,0,0,0,0,0,0,0,0,0,0,0
2618,0.230768830526514,0,1,1,1,0,0,1,0,1,1,1,1,0,0,1
2619,-0.287158196571261,0,1,0,0,1,0,1,1,1,0,0,1,0,0,0
2620,0.0671273265271702,0,1,1,0,0,0,1,1,1,1,1,1,0,0,1
2621,-1.51395513988315,0,0,0,0,0,0,0,1,0,0,0,1,0,0,0
2622,-0.437950957184684,0,1,0,1,1,0,0,0,1,1,0,1,0,0,1
2623,-1.61913722524221,0,0,1,1,0,0,0,1,0,0,0,0,0,0,0
2624,-1.45887353122057,0,0,0,0,0,0,1,1,0,0,0,1,0,0,0
2625,-0.328596918161669,0,0,0,0,0,0,1,0,1,0,1,1,0,1,1
2626,-0.920848459940795,0,0,0,0,0,0,1,1,1,1,1,0,1,0,0
2627,-1.83887618531905,0,0,0,0,0,0,0,0,0,0,0,1,0,0,0
2628,-1.31423861145721,0,0,1,0,0,0,1,1,0,1,1,0,0,0,0
2629,1.13638245455687,1,1,1,1,0,1,1,1,1,1,1,1,0,1,1
2630,-1.4711471031037,0,1,0,0,0,0,0,0,1,1,0,1,0,0,0
2631,1.1836037077796,1,1,1,1,1,0,0,1,1,1,1,1,0,0,1
2632,1.98410297391905,1,1,1,1,1,1,1,1,1,1,1,1,0,1,1
2633,-1.96453003544382,0,1,0,0,0,0,0,1,0,0,0,1,0,0,0
2634,1.50324076875264,0,1,1,1,1,1,1,1,1,1,1,1,1,1,1
2635,-0.736372223988344,0,0,0,0,0,0,1,1,0,1,1,1,0,0,0
2636,-1.36714103809257,0,1,0,0,0,0,1,0,0,0,0,1,0,0,0
2637,0.535177819116618,1,1,1,1,1,0,1,1,1,1,1,1,0,1,0
2638,-1.16725851391046,0,1,0,0,0,0,0,1,1,0,1,1,0,0,0
2639,1.90269929528557,1,1,1,1,1,1,0,1,1,1,1,1,1,1,1
2640,0.789199652696874,1,1,0,1,0,0,1,1,1,1,1,1,0,0,1
2641,0.896738523401656,1,1,1,1,1,1,1,1,1,1,1,1,0,0,0
2642,-0.206385441859697,0,1,0,0,1,0,1,1,1,1,1,1,0,0,1
2643,0.820302796082619,1,1,1,1,0,0,1,1,1,1,1,1,0,1,0
2644,1.35757730156354,0,1,0,1,1,0,1,0,1,1,1,1,0,1,1
2645,1.56496579873951,1,1,1,0,1,1,1,1,1,1,1,1,0,1,1
2646,1.77621519654784,1,1,1,1,0,0,1,1,1,1,1,1,1,1,1
2647,-0.266138580699373,0,1,0,1,0,0,1,1,1,1,1,1,0,0,0
2648,0.289975155812033,0,1,1,1,0,1,1,1,1,0,1,1,1,0,0
2649,-0.69551921652334,0,0,0,0,0,0,1,1,0,0,1,1,0,0,1
2650,-1.70168722230931,0,0,0,0,0,0,0,1,0,0,0,0,0,0,0
2651,-0.761042149078536,0,1,1,0,1,0,0,0,0,1,1,1,0,1,0
2652,1.16290279400618,1,1,1,1,1,1,1,1,1,1,1,1,1,1,1
2653,-0.29443420524353,0,1,1,0,1,0,1,1,1,1,0,1,0,0,1
2654,0.538974632182314,0,1,0,1,0,0,1,0,1,1,1,1,0,0,1
2655,0.322967595760218,1,1,0,1,0,0,1,1,1,1,1,1,0,1,1
2656,0.127100093113664,0,1,1,0,0,0,0,0,1,0,0,1,0,1,1
2657,-1.27409263601843,0,0,0,0,0,0,1,1,0,1,0,1,0,0,0
2658,1.29521954495243,1,1,0,1,0,1,1,1,1,1,1,1,0,1,1
2659,0.698218080488551,1,1,1,1,0,0,1,0,1,1,1,1,0,1,1
2660,0.847688075674754,0,1,1,0,1,1,1,0,1,1,1,1,0,0,1
2661,1.64834858214914,1,1,1,1,0,0,1,1,1,1,1,1,0,0,1
2662,-0.19576390115066,0,1,0,1,0,0,1,1,1,1,1,1,0,0,1
2663,-0.357654616215828,1,1,1,1,0,0,1,1,1,1,1,1,0,0,0
2664,0.866846686343236,0,1,0,1,1,1,1,1,1,1,1,1,1,0,1
2665,-1.16838309195427,0,0,0,0,0,0,1,1,0,1,1,1,0,0,0
2666,0.605733339462386,1,1,1,1,1,1,0,0,1,1,1,1,0,0,1
2667,0.56186027754901,1,1,0,1,0,1,1,1,1,1,0,1,1,0,1
2668,-0.870312557941475,0,0,1,0,0,0,0,0,1,0,0,0,0,0,1
2669,-1.51280407710071,0,1,0,0,0,0,1,0,0,0,0,1,0,0,0
2670,-2.8099534606051,0,0,0,0,0,0,0,1,0,0,0,0,0,0,0
2671,1.16393332302021,1,1,0,1,0,0,1,1,1,1,1,1,0,0,1
2672,-0.384901003833285,1,1,1,1,0,0,0,1,1,1,1,1,0,0,0
2673,0.739027567474167,1,1,1,1,0,0,1,1,1,1,0,1,0,0,1
2674,-1.04865799896885,0,0,1,0,0,0,1,0,1,0,1,1,0,0,0
2675,0.929085242928246,0,1,1,1,1,1,1,1,1,1,1,1,0,0,1
2676,2.29248299677093,1,1,1,1,1,0,1,1,1,1,1,1,0,1,1
2677,-0.335428880225754,0,0,1,1,0,0,1,1,1,1,1,1,1,0,1
2678,-0.995200048680062,0,0,0,0,0,0,1,1,0,1,1,1,0,0,1
2679,0.614500822440782,0,1,1,1,1,1,1,1,1,0,1,1,0,0,1
2680,-0.742357239091127,0,1,0,1,1,0,1,0,0,1,0,1,0,0,0
2681,-0.695468506143594,0,1,1,1,0,1,1,1,1,1,1,1,0,0,0
2682,0.620445384047938,1,1,1,0,1,1,1,0,1,1,1,1,0,0,1
2683,0.722749697377147,0,1,1,1,0,1,1,1,1,1,1,1,0,0,1
2684,0.0688511052146229,1,1,1,0,0,0,1,1,1,1,1,1,0,0,0
2685,-0.698998555649559,0,1,0,0,0,0,0,0,0,0,0,1,0,0,0
2686,1.58973537486672,1,1,1,1,1,0,1,1,1,1,1,1,1,0,1
2687,-0.463502186898117,0,0,0,1,1,0,0,1,1,1,0,1,0,0,0
2688,0.357730930684179,1,1,0,0,0,0,1,0,1,1,0,1,0,1,0
2689,-0.743477797216992,0,1,0,0,0,0,0,0,1,0,1,1,0,0,1
2690,-0.0947284125621022,0,1,0,1,0,0,1,0,1,1,0,1,0,0,0
2691,0.185502038268287,0,1,1,1,0,0,1,1,1,1,1,1,0,0,1
2692,-1.67009102894016,0,1,0,0,0,0,0,0,0,0,1,0,0,0,0
2693,0.51952812982895,1,1,0,1,1,0,1,1,1,1,1,1,0,1,1
2694,-0.570507189825505,0,1,0,1,0,0,1,1,1,0,1,1,0,0,0
2695,-0.771365756587795,0,0,1,0,0,1,0,1,1,1,0,1,0,0,0
2696,-1.34543240047639,0,0,0,0,0,0,1,0,0,0,0,1,0,0,1
2697,-0.41212413975704,0,0,0,1,1,0,1,1,1,1,0,1,0,0,1
2698,0.949968173793751,1,1,1,1,1,1,1,1,1,1,1,1,0,0,1
2699,0.457684973039451,1,1,0,0,1,0,1,0,1,1,1,1,1,0,1
2700,-0.703094028335809,0,1,1,0,0,1,0,1,0,0,1,1,0,0,0
2701,1.10832757071452,1,1,1,1,0,1,1,1,1,1,1,1,0,1,1
2702,1.75691671927786,1,1,1,1,1,1,1,1,1,1,1,1,0,0,1
2703,-0.229679367423815,0,1,0,1,0,0,1,1,1,1,1,1,0,0,0
2704,0.187200084826818,0,1,0,1,0,0,1,1,1,1,0,1,0,0,1
2705,-0.0687435127724694,1,0,1,1,0,0,0,1,1,1,1,1,0,0,1
2706,-1.44383825492939,0,0,0,0,0,0,1,0,0,0,0,1,0,0,0
2707,-0.178090479848941,1,1,0,0,1,1,1,1,1,0,0,1,1,1,0
2708,0.791665511698035,1,1,1,1,1,1,1,1,1,1,0,1,0,0,1
2709,0.964995400468791,0,1,1,0,0,0,1,1,1,0,1,1,0,0,1
2710,0.108277578755823,0,1,1,1,0,0,1,1,1,1,1,1,0,0,1
2711,0.847733219044413,1,1,1,1,0,1,1,1,1,1,1,1,0,0,1
2712,-0.353184662330706,0,1,1,0,0,1,1,0,1,1,1,1,1,0,0
2713,-1.64948953569121,0,0,0,0,0,0,0,0,0,0,0,1,0,0,0
2714,0.349812287477232,0,1,0,1,1,0,1,1,1,1,1,1,1,1,0
2715,0.42071937144908,1,1,0,0,0,0,1,1,1,1,1,1,0,0,1
2716,1.13388005301982,1,1,0,1,1,0,1,1,1,1,1,1,1,1,1
2717,0.72252417384796,0,1,1,0,0,1,1,1,1,1,1,1,0,0,1
2718,0.246366761686687,1,0,1,1,1,1,1,1,1,1,1,1,0,0,0
2719,0.214136352743252,0,1,0,1,0,0,1,1,1,1,1,1,0,0,1
2720,-0.358379225431368,0,0,0,1,0,1,1,0,1,1,0,1,0,0,0
2721,0.347737775518599,1,1,1,1,0,1,1,0,1,1,1,1,0,0,1
2722,-1.64679393941145,0,0,0,0,0,0,1,0,1,0,0,0,0,0,0
2723,-0.877991334383697,0,1,1,0,0,0,1,1,1,0,1,1,0,0,0
2724,0.835938049311916,1,1,1,1,1,1,1,1,1,1,0,1,0,1,1
2725,-1.21028790751378,0,0,0,0,0,0,1,0,1,1,1,1,0,0,0
2726,0.0159980783462651,1,1,1,1,1,0,1,0,0,1,1,1,0,0,0
2727,-0.953959590879401,0,0,0,1,0,0,1,0,1,1,1,1,0,0,0
2728,0.40378043490812,1,1,1,1,1,1,1,1,1,1,0,1,0,0,0
2729,-1.00703450478315,0,1,0,0,0,0,0,0,1,0,1,1,0,0,1
2730,-1.36766048571696,0,0,0,0,0,0,1,1,1,0,0,1,0,0,0
2731,0.0847146099697333,1,1,1,1,0,0,1,1,1,1,1,1,0,0,0
2732,0.640338094702547,1,1,1,1,0,0,1,1,1,1,1,1,0,1,1
2733,-1.08162554701664,0,1,1,0,0,0,0,1,0,0,0,1,0,0,0
2734,-0.478307208642991,0,0,0,1,0,0,1,0,1,1,1,1,0,0,1
2735,-0.0091322622365085,0,1,1,1,0,0,1,1,1,1,0,1,0,0,0
2736,-0.192785325741995,1,1,0,1,0,0,0,1,1,1,1,1,0,0,1
2737,-2.19742374143667,0,1,0,0,0,0,0,1,0,0,0,0,0,0,0
2738,-0.998979058977541,0,0,1,1,0,0,0,0,1,0,0,1,1,0,0
2739,0.174004293939566,1,1,1,1,1,1,1,1,1,1,0,1,0,0,1
2740,0.54912832209236,0,1,1,1,1,1,1,1,1,1,1,1,0,0,1
2741,0.92153660273031,0,1,1,1,1,0,1,1,1,1,1,1,1,0,1
2742,1.30704291427972,0,1,1,1,0,1,1,1,1,1,1,1,0,0,1
2743,-0.113839799752434,0,1,0,1,0,0,1,1,1,1,0,1,0,0,0
2744,-1.41386444239423,0,0,0,0,0,0,0,1,0,1,0,1,0,0,0
2745,-0.828410349053936,0,1,0,1,0,0,0,0,1,0,0,1,0,0,0
2746,-0.692258291956156,1,1,1,1,0,1,1,0,1,0,1,1,0,0,1
2747,0.510573745584678,1,1,0,1,0,0,1,1,1,1,1,1,0,0,0
2748,-0.630705903520105,0,1,1,1,0,0,0,1,1,0,0,1,0,0,1
2749,-0.461136738469746,0,1,0,1,0,0,0,1,1,0,1,1,0,0,0
2750,-0.589788543799135,0,1,1,1,0,0,1,0,1,1,0,1,0,0,0
2751,-1.41121906666056,0,0,0,1,0,0,0,0,0,0,1,1,0,0,0
2752,-0.412593534864479,0,1,0,1,0,0,0,1,1,1,1,1,0,0,0
2753,-0.859761594366933,0,0,1,0,0,0,0,0,0,0,0,1,0,0,1
2754,-0.330697765982619,0,0,1,1,0,0,1,1,1,1,1,1,0,0,0
2755,-2.54000424879258,0,0,0,0,0,0,0,1,0,0,0,0,0,0,0
2756,-1.11300552205913,0,0,0,1,0,0,0,0,0,1,1,1,0,0,0
2757,-0.265541758108179,0,0,0,1,0,0,0,1,1,0,0,1,0,0,0
2758,-3.1932525313269,0,0,0,0,0,0,0,0,0,0,0,0,0,0,0
2759,0.995083207181677,1,1,1,1,1,0,1,0,1,1,1,1,0,1,1
2760,0.316454477350092,0,1,1,1,0,1,1,1,1,1,1,1,0,0,1
2761,0.507430113151597,0,1,1,1,0,0,1,1,1,1,1,1,0,0,1
2762,-0.531400219793959,0,0,0,0,0,0,0,1,0,1,0,1,0,0,0
2763,0.246365035993009,0,1,0,1,0,1,1,0,1,1,1,1,0,0,0
2764,0.24648591142284,0,1,0,1,0,1,1,1,1,1,1,1,0,0,0
2765,0.649540468540118,1,1,1,1,1,1,1,1,1,1,1,1,0,1,1
2766,0.688917248619727,0,1,1,1,1,0,1,1,1,1,1,1,0,0,1
2767,0.195020865500208,0,0,1,1,0,0,1,1,1,1,1,1,0,0,1
2768,1.27308500354516,0,1,1,1,0,1,1,1,1,1,1,1,1,1,1
2769,0.603456635053445,0,1,0,1,1,1,1,1,1,1,1,1,0,0,1
2770,1.50373233811038,1,1,1,1,0,1,1,1,1,1,1,1,1,1,1
2771,-0.233334126965667,0,1,0,1,0,0,1,1,1,1,0,1,0,0,0
2772,0.573827911932662,0,1,1,1,0,0,0,1,1,1,1,1,0,0,1
2773,-0.96489352909017,1,1,1,0,0,0,0,1,0,0,0,1,0,0,0
2774,-0.330750306070859,1,1,1,0,0,0,1,1,1,1,1,1,0,0,1
2775,0.0979060660894697,0,1,1,1,1,0,0,1,1,1,1,1,0,0,0
2776,0.722679689928898,1,1,0,1,0,0,1,1,1,1,1,1,0,1,1
2777,-0.190054190370347,0,1,0,0,0,0,1,1,1,1,1,1,0,0,1
2778,1.3143402280115,1,1,1,1,0,0,1,1,1,1,1,1,1,0,1
2779,-0.553221611405002,0,0,0,0,0,0,1,1,1,1,1,1,0,0,0
2780,0.347584063107079,1,1,0,1,0,0,1,1,1,1,1,1,1,0,1
2781,-0.813895643085004,0,1,0,0,0,0,1,0,0,1,0,1,0,0,0
2782,-0.00663811591013457,1,0,0,1,0,0,1,1,1,1,1,1,0,0,1
2783,-0.859556980630405,0,0,1,1,0,0,1,1,1,1,1,1,0,0,0
2784,0.568997513938578,1,1,1,1,0,0,1,0,1,1,1,1,0,0,1
2785,0.0767361877537758,0,1,1,1,0,0,1,1,1,1,1,1,0,0,1
2786,-0.522834183951066,0,0,0,0,0,0,1,0,1,1,0,1,0,0,0
2787,1.36501908991686,0,1,1,1,1,1,1,1,1,1,1,1,1,1,1
2788,-2.25551163922879,0,0,0,0,0,0,0,1,0,0,0,0,0,0,0
2789,-0.556719626313479,0,1,0,1,0,0,1,1,1,0,1,1,0,0,0
2790,0.2228424552297,1,1,0,1,0,0,1,1,1,1,1,1,0,0,0
2791,-1.47123392235687,0,0,0,0,0,1,1,0,0,0,1,1,0,0,0
2792,-1.01272865715898,0,1,1,0,0,0,1,1,0,0,0,0,0,0,0
2793,-1.43615981272972,0,0,0,1,0,0,1,0,0,1,0,1,0,0,1
2794,-0.0621469309875404,1,1,1,1,0,0,1,0,1,0,1,1,0,0,1
2795,-2.91423827710504,0,0,0,0,0,0,0,1,0,0,0,0,0,0,0
2796,-0.381351564171948,0,1,1,1,0,0,0,1,1,0,1,1,0,0,0
2797,0.0671273265271702,0,1,1,1,0,0,1,0,0,1,1,1,0,0,0
2798,1.83776670348711,1,1,1,1,1,0,1,1,1,1,1,1,0,1,1
2799,0.371975152543136,0,1,0,1,0,0,1,1,1,1,1,1,0,0,0
2800,1.26614989905207,1,1,1,1,1,0,1,1,1,1,1,1,0,1,1
2801,0.0796693750489865,0,1,1,1,0,0,1,0,1,1,1,1,1,0,1
2802,0.505224593387146,0,1,1,1,0,0,1,1,1,1,1,1,1,1,1
2803,1.98943635954713,1,1,1,1,1,0,1,1,1,1,1,1,1,1,1
2804,-0.498925074305053,0,0,0,1,1,0,0,1,1,0,1,1,0,1,0
2805,-0.0454996617537679,0,1,1,0,0,0,1,1,1,1,1,1,0,0,1
2806,0.916104154479107,1,1,0,1,0,0,1,1,1,1,1,1,1,0,1
2807,-0.375001631913297,0,1,0,1,0,0,1,0,1,0,0,1,0,0,1
2808,0.504128807808111,0,1,0,1,0,1,1,1,1,1,0,1,0,1,0
2809,-1.10280012471039,0,0,1,0,0,0,1,0,1,0,1,1,0,0,0
2810,1.65881895265757,1,1,1,1,0,0,1,1,1,1,1,1,0,1,1
2811,0.357611630204905,1,1,1,1,0,1,1,1,1,1,0,1,0,0,0
2812,-1.54103203916645,0,0,0,0,0,0,1,0,1,0,0,0,0,0,0
2813,0.0922757349571079,0,1,1,1,0,0,1,1,1,1,1,1,0,0,0
2814,1.3473379590772,1,1,1,1,0,1,1,1,1,1,1,1,0,1,0
2815,0.530696786234482,1,0,1,1,0,0,1,1,1,1,1,1,0,1,1
2816,0.756950044471163,1,1,0,1,0,0,1,1,1,1,1,1,0,0,0
2817,0.0207391667811949,0,1,1,1,0,0,1,1,1,1,1,1,1,0,0
2818,-2.13384534111259,0,1,0,0,0,0,0,0,0,0,0,0,0,0,0
2819,-1.42329197240415,0,1,1,0,0,0,0,1,0,0,1,1,0,0,1
2820,-0.276334638839605,0,0,1,1,0,0,0,0,1,1,0,1,0,0,0
2821,1.09940895849331,1,1,0,1,1,1,1,1,1,1,1,1,0,1,1
2822,0.126573978023166,1,1,0,1,0,0,1,1,1,1,0,1,1,0,0
2823,-0.0974965624196851,1,1,0,1,0,0,0,0,1,1,1,1,0,0,1
2824,1.66979068651539,1,1,1,1,1,1,1,1,1,1,1,1,0,1,1
2825,-1.43037021608723,0,1,0,1,0,0,1,0,0,0,0,0,0,0,1
2826,0.960778898817409,1,1,0,1,1,0,1,1,1,1,1,1,1,0,1
2827,-0.155534672779933,0,1,1,1,0,1,0,1,1,1,0,1,0,0,1
2828,-0.496326122700069,0,0,1,1,0,0,1,0,1,0,0,1,0,0,1
2829,-1.08896849216805,0,0,0,1,0,0,0,1,0,0,1,1,0,0,0
2830,0.649105229652067,1,1,0,1,0,0,0,1,1,1,1,1,0,0,0
2831,0.698741872093221,0,1,1,1,0,0,1,1,1,1,1,1,0,0,1
2832,2.20027337788446,1,1,1,1,1,1,1,1,1,1,1,1,1,1,1
2833,-0.249443961807277,0,1,1,0,0,0,1,0,1,1,1,1,0,0,0
2834,-0.484368177681645,0,1,0,1,1,0,0,1,1,1,0,1,0,0,0
2835,0.627818885379444,1,1,1,1,1,0,0,1,1,1,0,1,0,0,1
2836,0.418066424198637,1,1,0,1,1,0,1,1,1,1,1,1,0,1,0
2837,-1.996287702292,0,0,0,0,0,0,1,0,0,0,0,0,0,0,0
2838,-0.365325397541605,0,0,0,1,1,1,1,1,1,1,1,1,0,0,0
2839,0.623363824117111,1,1,0,1,0,1,1,1,1,1,1,1,0,0,1
2840,-0.979616593323452,0,0,0,0,0,0,0,1,1,0,0,1,0,0,1
2841,-0.122274987362524,0,1,0,0,1,0,1,1,1,1,1,1,0,0,1
2842,-1.39929208755453,0,1,1,1,0,0,1,1,1,0,0,1,0,0,0
2843,-0.361544078227953,0,1,0,1,0,1,1,1,1,1,0,1,0,0,0
2844,-0.00389595234401846,1,0,0,1,0,1,1,1,1,1,1,1,0,0,0
2845,-0.0984323393731576,0,0,1,1,0,0,1,1,1,1,1,1,0,0,1
2846,0.211788433313028,1,1,1,1,0,1,1,0,1,1,0,1,0,0,1
2847,-0.424716254936295,0,1,0,1,0,1,1,1,1,1,1,1,0,0,0
2848,0.187786435016051,0,1,0,1,1,0,1,1,1,1,0,1,1,0,0
2849,-0.903618309461367,0,1,0,0,0,0,0,1,1,0,0,1,0,1,0
2850,0.347958515826811,0,1,0,0,0,0,1,0,1,1,0,1,0,1,1
2851,0.514284416311075,1,1,0,0,1,0,1,0,1,1,0,1,1,0,1
2852,-1.68549546949586,0,1,0,0,0,0,0,1,0,0,1,1,0,0,0
2853,1.61047947610767,1,1,0,1,0,1,1,1,1,1,1,1,1,1,1
2854,-0.76071071110914,0,0,1,1,0,0,0,0,1,1,0,1,0,0,0
2855,0.921215129828053,0,1,1,1,1,0,1,1,1,1,1,1,0,1,1
2856,0.7428851425445,1,1,1,1,0,1,1,1,1,1,0,1,0,1,0
2857,-0.180172102464106,0,1,1,1,0,0,1,1,1,1,1,1,1,1,1
2858,-1.30309749818601,0,1,0,1,0,0,1,0,0,1,0,0,0,0,0
2859,-0.55974398014817,1,0,1,1,1,0,1,1,1,1,1,1,0,0,1
2860,1.55492145528353,1,1,1,1,1,1,1,1,1,1,1,1,1,1,1
2861,1.84215898595998,1,1,1,1,1,1,1,1,1,1,1,1,1,1,1
2862,0.348306780426009,0,1,1,1,1,0,1,1,1,1,1,1,0,0,1
2863,-0.122517368604707,1,1,0,1,0,0,0,0,1,1,1,1,0,0,0
2864,-0.0741033093707884,0,1,1,1,0,0,1,1,1,1,1,1,0,0,1
2865,-0.254071464076624,0,1,0,0,0,0,1,0,1,1,1,1,0,0,0
2866,-1.12706398259859,0,1,1,0,0,0,1,0,0,0,0,1,0,0,0
2867,1.73631937012698,1,1,1,1,1,1,1,1,1,1,1,1,0,1,0
2868,0.0881957715045978,0,1,0,0,0,1,1,1,1,1,1,1,0,0,0
2869,-0.300897394249057,0,1,1,1,0,0,1,0,1,1,1,1,0,0,0
2870,-0.669785892008681,0,1,0,0,0,0,1,1,1,1,0,1,0,0,0
2871,-0.794984375391978,0,1,0,1,0,0,1,1,1,0,1,1,0,0,0
2872,0.779665303985445,1,1,1,1,0,0,1,1,1,1,1,1,1,0,0
2873,0.0435685005268548,0,1,1,0,0,0,0,1,1,1,1,1,0,0,1
2874,-0.229962643184833,0,0,0,0,0,0,1,1,0,0,1,1,0,0,0
2875,-0.106513743296603,0,1,0,1,0,0,0,1,1,1,1,1,0,0,1
2876,0.784966849426874,1,1,0,0,1,1,1,1,1,1,1,1,1,1,0
2877,-0.17823489392145,0,1,0,0,0,0,1,1,1,0,1,1,0,0,0
2878,-0.199153611062914,0,1,0,0,1,0,1,1,1,1,1,1,0,0,0
2879,1.58130738882352,1,1,1,1,0,1,1,1,1,1,1,1,0,0,1
2880,0.455828933526438,1,1,1,0,1,1,1,1,1,1,1,1,1,0,1
2881,0.177350604305315,0,1,0,1,0,0,1,1,1,1,1,1,0,0,1
2882,-0.0580038387514946,0,1,0,0,0,0,1,0,1,1,1,1,1,1,0
2883,1.10331980513274,1,1,1,1,1,0,1,0,1,1,1,1,1,0,1
2884,0.640478705557803,1,1,0,1,0,0,1,1,1,1,1,1,0,0,1
2885,-0.921483834349188,0,0,0,0,0,0,0,0,0,0,1,1,0,0,1
2886,-0.422733394069661,0,1,1,1,0,0,1,0,1,0,1,1,0,0,1
2887,0.484321287576375,1,0,0,1,1,0,1,1,1,1,1,1,0,0,1
2888,0.268758235186344,0,1,1,1,1,1,1,1,1,1,1,1,0,0,0
2889,-1.49666937662262,0,0,1,0,0,0,1,1,1,1,0,1,0,0,0
2890,0.260414993271627,0,1,1,1,1,0,1,1,1,1,1,1,1,0,0
2891,1.1577464458545,1,1,1,1,1,0,1,1,1,1,1,1,0,0,1
2892,-0.940659530586266,0,0,1,0,0,0,1,1,1,1,0,1,0,0,0
2893,-1.73567403009519,0,0,0,0,0,0,1,1,0,0,0,0,0,0,0
2894,-0.668911434044751,0,1,0,1,0,0,1,1,1,1,0,1,0,0,0
2895,0.298254391366373,1,0,1,1,1,0,1,0,1,1,1,1,1,0,1
2896,0.270598478381768,1,1,1,0,0,1,1,1,1,1,1,1,0,0,0
2897,-0.549957519922381,0,1,0,0,0,0,1,1,1,1,0,1,0,0,0
2898,0.771416601417547,1,1,1,1,0,1,1,1,1,1,1,1,0,1,1
2899,1.54880795165706,1,1,1,1,0,1,1,1,1,0,1,1,0,1,1
2900,-1.08128492988503,0,0,0,1,0,0,1,0,0,1,0,0,0,0,0
2901,-0.978041880199844,0,1,0,0,1,0,0,1,1,0,0,1,0,0,0
2902,0.779413932478694,1,1,0,1,0,0,1,1,1,1,0,1,0,1,1
2903,-0.472522988056859,1,0,1,1,0,0,1,1,1,1,0,1,0,0,0
2904,-0.268719978916803,0,1,1,1,0,0,0,1,1,0,1,1,0,0,1
2905,0.602258793289233,1,1,1,1,0,0,1,1,1,1,0,1,0,0,1
2906,0.177350604305315,0,1,1,1,1,0,1,1,1,1,0,1,0,0,1
2907,-2.13764714387641,0,0,0,0,0,0,0,1,0,0,0,1,0,0,0
2908,-0.973324228690284,0,1,0,0,0,0,0,1,0,0,1,0,0,0,0
2909,0.964549657671007,0,1,1,1,1,1,1,1,1,1,1,1,1,0,1
2910,-0.847120599512102,0,1,0,0,0,0,0,0,1,0,1,1,0,0,0
2911,-0.291904213260086,0,1,1,1,1,1,1,1,1,1,1,1,0,0,0
2912,-0.56876088811492,1,0,0,0,0,0,0,1,0,1,0,1,0,0,0
2913,-1.20471193721047,0,0,0,0,0,0,0,0,0,1,1,1,0,0,0
2914,0.0983605851898968,1,1,1,0,0,0,0,1,0,1,1,1,0,0,1
2915,0.685670875727073,1,1,1,1,1,0,0,1,1,1,1,1,0,0,0
2916,-0.328258515026619,0,1,0,1,0,1,1,1,1,0,0,1,0,0,0
2917,1.42429494634535,1,1,1,1,1,1,1,1,1,1,1,1,1,1,1
2918,2.90291149282073,1,1,1,1,1,1,1,1,1,1,1,1,1,1,1
2919,0.596069626301596,0,1,0,1,1,0,1,1,1,1,0,1,0,0,1
2920,0.977392844900067,1,0,0,1,1,0,1,1,1,1,1,1,0,0,1
2921,0.284220341188461,1,0,1,1,0,0,1,1,1,1,1,1,0,0,0
2922,0.178009137193948,1,0,1,1,0,1,1,1,1,1,1,1,0,1,1
2923,0.663391278684172,1,1,0,1,0,1,1,1,1,0,1,1,0,0,0
2924,-1.28987136235527,0,0,0,0,0,0,1,0,0,0,1,1,0,0,0
2925,-0.217064478555357,0,1,1,1,0,1,1,0,1,1,1,1,0,0,0
2926,0.85025448634586,1,1,1,1,0,1,1,0,1,1,1,1,0,0,0
2927,-0.129844804845727,0,1,1,1,0,0,1,0,1,1,1,1,0,0,0
2928,-0.866725846237733,0,0,0,0,0,0,0,0,1,0,0,0,0,0,0
2929,-0.447472011600775,0,1,1,0,0,0,0,0,1,1,1,0,1,0,1
2930,-1.65799990534902,0,1,0,0,0,0,1,1,0,0,0,1,0,0,0
2931,1.45584634292658,1,1,1,1,1,1,1,1,1,1,1,1,1,1,0
2932,0.634160120341035,1,1,0,1,1,0,1,0,1,1,1,1,0,0,1
2933,0.392208526381934,1,0,1,1,0,1,1,1,1,1,1,1,0,0,1
2934,-1.49666937662262,0,0,0,0,0,0,0,0,0,1,1,1,0,0,0
2935,-0.516597651492575,0,1,1,1,0,1,1,1,0,0,0,1,0,0,0
2936,0.297247015468606,1,1,1,0,0,0,1,0,1,1,0,1,1,0,0
2937,-1.60247729600172,0,0,1,0,0,0,1,1,0,0,0,1,0,0,0
2938,1.58243753651425,1,1,1,1,1,1,1,1,1,1,1,1,1,1,1
2939,0.0667474449447861,0,1,0,1,0,1,1,0,1,1,0,1,0,0,0
2940,0.677449841437953,1,1,1,1,0,0,1,1,1,1,0,1,1,0,1
2941,-0.785750240370026,0,0,0,0,0,0,1,0,1,1,1,1,0,0,1
2942,-0.166367230194403,0,1,0,0,0,0,1,1,1,1,1,1,0,0,0
2943,-0.54189356015033,0,1,0,1,1,0,1,0,1,1,1,1,0,0,1
2944,-0.232853834110315,0,1,0,1,0,0,0,0,1,1,1,1,0,0,0
2945,-0.417990642047718,0,1,1,1,0,0,0,0,0,1,1,1,0,0,1
2946,-1.54858100344136,0,0,1,0,0,0,1,0,0,0,0,0,0,0,0
2947,-0.932873963865283,0,0,1,0,0,0,0,0,1,0,1,0,0,0,0
2948,2.5347655319834,1,1,1,1,1,1,1,1,1,1,1,1,1,1,1
2949,0.339300600054581,0,1,0,1,0,1,1,1,1,0,0,1,0,0,0
2950,2.58901538990225,1,1,1,1,1,1,1,1,1,1,1,1,0,1,1
2951,-0.247281489491629,1,1,1,1,0,0,1,1,1,1,1,1,0,0,1
2952,-0.176212148616954,0,0,1,0,0,0,1,1,1,1,0,1,0,0,0
2953,0.682564820915714,0,1,1,1,0,0,1,1,1,1,1,1,0,0,1
2954,-0.0205161876285267,0,0,0,1,1,0,1,0,1,0,1,1,0,0,0
2955,-0.357688736494437,0,1,1,0,0,0,1,1,1,1,0,1,0,0,1
2956,-0.648791741496737,0,1,0,1,0,0,0,1,1,1,1,1,0,0,1
2957,0.173972235426954,0,1,0,0,0,1,1,1,1,1,1,1,0,0,1
2958,0.920971832017862,1,1,0,1,1,0,1,0,1,1,1,1,0,0,1
2959,1.58305749480082,1,1,1,1,1,1,1,1,1,1,0,1,0,1,1
2960,0.306520019230992,0,0,0,1,0,1,1,1,1,1,1,1,0,1,0
2961,-1.49790907771512,0,0,0,0,0,0,1,1,1,0,0,0,0,0,0
2962,-0.251763758185709,1,0,0,1,0,0,1,1,1,0,0,1,0,0,0
2963,0.880020613970707,1,1,1,1,0,1,1,0,1,1,1,1,1,1,1
2964,-0.562573468349567,0,1,0,1,0,0,0,1,1,0,1,1,0,0,1
2965,-1.14222639498828,0,0,0,1,0,0,0,1,1,0,0,0,0,0,1
2966,-0.00393502251503989,0,1,0,1,0,0,0,1,1,1,1,1,0,0,1
2967,0.968662855003448,1,1,1,1,1,0,1,1,1,1,1,1,1,0,1
2968,-1.44457296913516,0,0,0,0,0,0,1,0,0,0,0,1,0,0,0
2969,0.103590657999682,1,1,0,1,0,0,1,1,1,1,1,1,0,1,0
2970,0.0664699932227116,1,1,1,1,0,0,1,1,1,1,1,1,0,0,1
2971,-1.3730598068193,0,0,0,1,0,0,1,0,1,0,0,0,0,0,0
2972,0.751771086871061,0,1,1,1,1,0,0,1,1,1,0,1,1,0,1
2973,-0.173575136758427,0,1,0,1,1,0,1,1,1,1,1,1,0,0,0
2974,-0.094838043246144,1,1,0,1,0,0,1,1,1,1,1,1,0,0,0
2975,1.17833566990049,1,1,1,1,1,1,1,1,1,1,1,1,0,0,1
2976,-0.142659220733492,1,1,1,0,1,0,1,0,1,1,1,1,0,0,1
2977,0.897332094854721,1,1,0,1,0,0,1,1,1,0,1,1,0,1,1
2978,-0.530976769845169,0,1,0,1,0,0,0,1,1,1,1,1,0,0,1
2979,0.0227054324989322,0,1,1,1,0,1,1,0,1,1,1,1,0,0,1
2980,1.05332032690262,1,0,1,0,0,1,1,1,1,1,1,1,0,1,1
2981,0.297588278942883,0,1,1,1,1,0,1,0,1,1,0,1,0,1,0
2982,-0.174111293962015,0,0,1,0,0,0,1,1,1,1,1,1,0,0,0
2983,0.811551305080215,0,1,1,1,0,0,1,1,1,1,1,1,0,0,0
2984,0.443249507992878,0,1,0,0,0,0,1,0,1,1,1,1,0,0,0
2985,0.603847259275749,0,1,1,1,0,0,1,1,1,1,1,1,0,1,1
2986,2.00638612208574,1,1,1,1,1,0,1,1,1,1,1,1,1,1,1
2987,-0.546982520014813,0,1,0,0,0,0,1,1,1,0,1,1,0,0,1
2988,-0.124355193472752,0,1,0,1,0,0,1,1,1,1,0,1,0,0,0
2989,1.10780137845051,1,1,1,1,1,1,1,1,1,1,1,1,1,1,1
2990,1.1182833592319,0,1,1,1,0,1,1,1,1,1,1,1,0,0,0
2991,1.56264503759742,0,1,1,1,0,1,1,1,1,1,1,1,0,1,1
2992,0.409647662545132,1,1,0,1,0,1,1,1,1,1,1,1,1,0,0
2993,-0.258472302508408,0,1,0,1,1,0,0,0,1,1,1,1,0,0,0
2994,0.155572312734091,0,1,1,0,0,1,1,1,1,1,1,1,0,0,1
2995,0.124272135772801,1,1,1,1,0,0,1,1,1,1,1,1,0,0,0
2996,-0.129594258015027,0,1,1,1,1,0,0,1,1,1,1,1,0,0,1
2997,1.78860120390306,1,1,1,1,1,1,1,0,1,1,1,1,1,1,1
2998,0.646941678545457,1,1,0,1,0,0,1,1,1,1,1,1,0,0,0
2999,-1.08167085145962,0,1,0,1,0,0,1,0,1,0,1,1,0,0,0
3000,0.843278593350839,0,1,1,1,0,1,1,1,1,1,1,1,0,0,1
3001,1.61299482145657,1,1,1,1,1,1,1,1,1,1,1,1,0,1,1
3002,0.369650716407437,1,1,1,1,0,0,0,1,1,1,1,1,0,0,1
3003,0.846960625259963,0,0,1,1,0,1,1,0,1,1,1,1,0,0,1
3004,1.65927177202087,1,1,1,1,1,1,1,1,1,1,1,1,0,1,1
3005,-0.637637431074972,0,0,1,1,0,0,1,1,0,1,1,1,0,0,0
3006,-0.22747089142407,0,1,0,1,1,0,1,1,1,1,1,1,0,0,1
3007,1.19016479732582,1,1,0,1,0,1,1,0,1,1,1,1,1,1,1
3008,0.364206198046052,1,1,1,1,0,0,1,1,1,1,0,1,0,0,1
3009,1.34492453172584,1,1,1,1,1,1,1,1,1,1,1,1,1,0,1
3010,1.84059604046947,1,1,1,1,1,0,1,0,1,1,1,1,0,1,1
3011,0.900796770206546,1,1,1,1,0,0,1,1,1,1,1,1,1,1,0
3012,1.02584675053269,1,1,0,1,1,1,1,1,1,1,1,1,0,1,1
3013,-2.10783635740253,0,0,0,0,0,0,0,1,0,0,0,0,0,0,0
3014,-1.08891129129917,0,0,0,0,0,0,1,1,1,0,1,1,0,0,0
3015,-0.305833014014366,0,1,1,0,0,0,0,1,1,1,1,1,0,0,1
3016,0.0192583524769751,1,1,0,0,0,0,1,1,1,1,0,1,0,0,0
3017,0.227920226404951,1,1,0,1,0,0,0,1,1,1,1,1,0,1,1
3018,-0.59888703412003,0,1,0,1,0,1,1,1,1,1,0,1,0,0,0
3019,0.52615919328866,1,1,0,0,0,0,1,1,1,1,1,1,1,0,1
3020,-0.375150673211518,1,1,0,0,0,0,1,1,1,1,1,1,0,0,0
3021,1.27297576405276,1,1,1,1,1,0,1,1,1,1,1,1,1,0,1
3022,-0.287029792073954,0,1,1,1,0,0,1,0,1,0,1,1,0,0,1
3023,-1.08578917533224,0,1,0,1,1,1,1,1,1,0,0,1,0,0,0
3024,0.850956926969981,1,1,0,1,0,0,0,0,1,1,1,1,1,0,1
3025,0.204496714817784,1,1,0,0,1,1,1,1,1,1,1,1,0,0,1
3026,1.56643770469274,1,1,0,1,1,0,1,1,1,1,1,1,0,1,1
3027,-0.40469886328884,0,0,0,1,0,0,1,1,1,1,1,1,0,0,0
3028,0.858048680384261,1,1,0,1,0,1,1,1,1,1,1,1,1,0,1
3029,0.561852370005162,0,1,0,1,0,1,1,0,1,1,1,1,1,1,1
3030,-0.358030050920898,0,1,0,0,0,0,1,1,1,1,0,1,0,0,0
3031,0.89652141987016,1,1,0,1,0,0,1,1,1,1,1,1,0,1,1
3032,1.51861523350024,1,1,1,1,1,1,1,1,1,1,1,1,1,1,1
3033,-0.915972891021716,0,0,0,0,0,0,0,1,1,1,1,1,0,0,0
3034,1.31407714089312,1,0,1,1,1,0,1,1,1,1,1,1,0,0,0
3035,0.928702251004975,1,0,1,0,0,0,1,1,1,1,1,1,0,0,1
3036,1.60410374280754,0,1,1,1,1,1,1,1,1,1,1,1,1,1,1
3037,1.29625063090523,1,1,1,1,1,0,1,1,1,1,1,1,0,1,1
3038,-0.0275423265116964,0,1,0,1,0,0,1,0,1,1,0,1,0,0,0
3039,0.168837748935269,1,0,0,1,0,0,1,1,1,1,0,1,0,0,1
3040,1.1030187550725,1,1,1,1,1,0,1,1,1,1,1,1,0,0,1
3041,0.427319761704583,0,1,1,0,0,0,1,1,1,1,1,1,0,0,1
3042,0.715949619656006,1,1,0,1,0,0,1,1,1,1,0,1,1,1,1
3043,-1.13249735615896,0,0,1,1,0,0,1,1,1,0,1,0,0,0,0
3044,-1.68246907728173,0,0,0,0,0,0,0,1,0,0,1,1,0,0,0
3045,-0.535557689286711,0,1,0,1,0,0,1,0,1,1,0,1,0,0,0
3046,-0.0411624589442887,0,0,1,0,1,0,1,1,1,1,1,1,0,0,0
3047,-0.767902694227588,0,0,0,1,0,1,1,1,1,0,0,1,0,0,0
3048,-0.601526541755569,0,0,0,1,0,0,1,1,0,0,1,1,0,0,0
3049,1.32746752859625,1,1,1,1,1,0,1,1,1,1,1,1,1,0,1
3050,-1.39186392353416,0,0,0,0,0,0,0,1,0,0,0,1,0,0,0
3051,0.0989390105660006,0,1,1,0,0,1,1,1,1,1,1,1,1,0,1
3052,0.61186386774483,1,1,1,1,0,1,1,1,1,1,0,1,1,1,1
3053,-0.257611576590305,0,1,1,1,0,1,1,1,1,1,1,0,0,0,1
3054,0.58402989781539,1,1,1,1,0,0,1,0,1,1,1,1,1,0,1
3055,0.949226511135429,1,1,0,1,0,1,1,0,1,1,1,1,0,0,1
3056,-1.69505573627904,0,0,1,0,0,0,0,0,0,0,0,1,0,0,0
3057,-0.273674106913743,0,0,1,1,1,0,1,1,1,1,1,1,0,0,0
3058,-0.285166913604166,0,0,1,1,0,1,1,1,1,0,1,1,0,0,0
3059,1.33985818618154,1,1,1,1,0,1,1,0,1,1,1,1,0,0,1
3060,-2.06358140351808,0,0,0,0,0,0,0,1,0,0,0,0,0,0,0
3061,0.905413895863084,1,1,1,1,1,0,1,1,1,1,0,1,0,0,0
3062,0.778258405217187,1,1,1,1,1,0,1,1,1,1,1,1,0,0,1
3063,1.07508655363947,1,1,1,1,0,0,1,1,1,1,1,1,1,0,1
3064,0.836632419840754,0,1,1,1,1,1,1,1,1,1,1,1,0,0,1
3065,0.669017958044433,1,1,1,1,0,0,1,1,1,1,1,1,0,0,1
3066,-0.106076048376355,0,0,0,1,0,0,1,1,1,0,0,1,0,0,1
3067,0.932420225946798,1,1,0,1,1,0,1,0,1,1,1,1,1,0,1
3068,0.228214639387023,1,1,0,1,1,1,1,1,1,1,1,1,0,0,0
3069,-1.70303460229068,0,0,0,0,0,0,1,1,0,0,0,1,0,0,0
3070,0.320981731482004,1,1,1,1,0,1,1,1,1,1,1,1,1,0,1
3071,-1.08475957655928,0,1,0,0,0,0,0,1,1,0,0,1,0,0,0
3072,0.362632100860692,0,0,0,1,0,0,1,1,1,1,1,1,0,0,1
3073,-0.773687725793212,0,1,1,1,0,0,1,1,1,0,0,1,0,0,1
3074,-0.587834319167655,0,0,1,1,1,0,0,1,1,1,0,1,0,0,0
3075,-0.400245763285022,0,1,0,1,0,1,1,0,1,1,0,0,0,0,0
3076,0.986574332344351,1,1,1,1,1,1,1,1,1,1,1,1,0,1,1
3077,-1.00281863263266,0,0,0,0,0,0,1,0,1,0,0,1,0,0,0
3078,0.424808155227724,1,1,1,1,1,0,1,0,1,1,1,1,0,0,1
3079,-0.568763678128625,0,0,0,1,0,0,0,1,1,0,0,1,0,0,0
3080,-0.211448585763441,1,1,0,0,1,0,0,1,1,1,1,1,0,0,0
3081,0.0484104403545838,0,1,1,1,0,0,1,0,1,1,0,1,0,1,1
3082,-0.475134764352312,1,1,0,1,0,0,0,0,1,1,1,1,0,0,0
3083,-0.284304429854101,0,1,0,0,0,0,0,1,1,0,1,1,0,0,1
3084,0.541043012720929,1,1,1,1,0,0,1,0,1,1,1,1,0,0,1
3085,0.119692949046023,1,0,1,0,0,0,1,0,1,1,1,1,0,0,1
3086,2.26104836334257,1,1,0,1,1,1,1,1,1,1,1,1,1,0,1
3087,-0.943698880343802,0,0,0,1,0,0,0,1,1,0,1,1,0,0,0
3088,0.726456658669871,1,1,0,1,0,1,1,1,1,1,1,1,1,0,0
3089,0.58944561368896,1,1,1,1,0,0,1,1,1,1,1,1,0,0,1
3090,0.680131494833902,0,1,0,1,0,0,1,1,1,1,1,1,0,0,1
3091,-0.560080167611301,0,1,0,0,0,1,1,0,1,1,1,1,0,0,0
3092,-0.757956139748045,0,1,0,0,0,0,0,1,1,1,0,1,0,0,0
3093,-0.447769503081089,0,0,0,1,0,0,0,1,1,0,1,1,1,0,0
3094,-0.856756649105208,0,1,1,0,0,0,1,1,0,0,0,1,0,0,0
3095,-0.702674400128786,0,0,1,0,0,0,1,0,1,0,1,1,0,0,0
3096,0.979261416809373,0,1,0,1,0,1,1,1,1,1,1,1,0,0,1
3097,1.03869454721867,1,1,0,1,0,0,1,1,1,1,1,1,0,1,1
3098,-1.04948937709376,0,0,0,1,0,0,1,1,0,0,1,1,0,0,0
3099,-0.378431326295603,0,1,1,0,0,1,1,1,1,0,1,1,0,0,0
3100,0.581721506220996,1,1,1,1,1,1,1,0,1,1,1,1,0,0,1
3101,0.549459144064479,0,1,1,1,0,1,0,1,1,1,1,1,0,0,1
3102,1.24902300126547,1,1,1,1,0,1,1,1,1,1,1,1,1,1,1
3103,-0.115589917158717,0,1,0,1,0,0,1,1,1,1,1,1,0,0,1
3104,0.174339530511283,1,1,1,1,1,0,1,1,1,1,1,1,0,0,0
3105,-0.565376504777777,0,0,0,0,0,0,1,0,1,0,1,1,0,0,0
3106,-1.22473161410728,0,0,1,0,1,0,0,0,0,1,0,1,0,0,0
3107,0.912131462799771,1,1,1,1,0,0,1,1,1,1,1,1,0,0,1
3108,-0.65425557917236,0,1,1,1,0,0,1,1,1,0,1,1,0,0,0
3109,-0.552989517728784,1,1,0,1,0,0,1,0,1,0,0,1,0,0,0
3110,0.0799344345224461,0,0,1,1,0,1,1,0,1,1,0,1,0,0,0
3111,-0.760717547804745,0,0,0,0,0,0,0,1,1,0,1,1,0,0,0
3112,3.1486898655564,1,1,1,1,1,1,1,1,1,1,1,1,1,1,1
3113,-1.23963302739471,0,1,0,0,0,0,0,0,1,0,0,1,0,0,0
3114,0.472841785984444,0,1,1,1,0,1,1,1,1,1,1,1,0,0,0
3115,1.05736083569861,1,1,1,1,0,0,1,1,1,1,1,1,0,1,1
3116,0.614693745751973,1,0,0,1,0,1,1,1,1,1,1,1,0,0,1
3117,0.455470893577323,0,1,0,1,0,1,1,0,1,1,0,1,0,0,1
3118,-2.01343901448944,0,0,0,0,0,0,0,1,0,0,0,1,0,0,1
3119,0.624455016471936,0,1,1,1,0,0,1,1,1,1,1,1,0,0,1
3120,-0.417238975440861,0,0,1,1,0,0,1,0,1,1,1,1,0,0,0
3121,-1.58278832329842,0,0,0,1,1,0,0,1,0,0,0,1,0,0,0
3122,0.80354843799391,1,1,1,1,1,1,1,1,1,1,1,1,1,1,1
3123,0.817291437480942,1,1,1,1,1,1,1,1,1,1,1,1,0,0,1
3124,-1.91859794196604,0,0,0,0,0,0,1,1,0,0,0,0,0,0,0
3125,-2.96676232592167,0,0,0,0,0,0,0,0,0,0,0,0,0,0,0
3126,0.369923045459909,0,1,0,1,1,0,1,0,1,1,1,1,0,0,1
3127,0.556287345045886,0,1,0,1,1,0,1,0,1,1,1,1,0,0,1
3128,0.182490719041502,1,1,1,0,1,0,0,1,1,1,1,1,0,0,1
3129,-0.348043623517544,0,1,0,0,0,0,1,0,0,1,0,1,0,0,1
3130,1.70548706090208,1,1,1,1,1,1,1,1,1,1,1,1,0,1,1
3131,-0.062038632288592,0,1,1,0,0,0,1,1,1,1,1,1,0,0,1
3132,0.124205610352743,0,0,0,1,0,0,1,0,1,1,1,1,0,0,1
3133,1.45614570630453,1,1,1,1,0,1,1,1,1,1,1,1,1,0,1
3134,2.7794890964368,1,1,1,1,1,1,1,1,1,1,1,1,1,1,1
3135,1.66043876829742,1,1,1,1,0,0,1,1,1,1,1,1,0,1,1
3136,0.33367408651165,1,1,1,1,1,1,1,1,1,1,1,1,0,1,0
3137,0.633765538786892,1,1,0,1,0,1,1,1,1,1,0,1,1,1,1
3138,-0.0295224090358593,0,1,0,0,1,1,1,1,1,0,1,1,0,0,0
3139,1.12720285513994,0,1,1,0,1,1,1,1,1,1,1,1,1,0,1
3140,-0.201953588285374,0,1,0,1,1,1,0,1,1,1,0,1,0,1,0
3141,0.0588153893881544,0,1,0,1,0,0,1,0,1,1,0,1,0,1,0
3142,1.05663139059286,1,1,1,1,1,1,1,1,1,1,1,1,1,0,1
3143,1.38124858254478,1,1,1,1,1,1,1,1,1,1,1,1,0,0,1
3144,-1.93339119470928,0,0,0,0,0,0,0,1,0,0,0,0,0,0,0
3145,-0.0697528854662278,1,1,0,0,0,0,1,1,1,1,0,1,0,0,1
3146,0.810588299382576,0,1,1,1,0,0,1,1,1,1,1,1,0,1,1
3147,-0.750772231228937,0,0,0,1,0,0,1,0,0,1,0,1,1,0,0
3148,0.296872394148165,1,1,1,1,0,0,0,1,1,1,0,1,0,0,0
3149,-0.839697546153234,0,1,1,0,0,0,0,0,1,0,1,1,0,0,1
3150,0.679867463847526,1,1,1,0,0,0,1,0,1,1,0,1,0,0,1
3151,-0.239269022008503,0,0,1,1,0,1,0,1,1,1,1,1,0,0,1
3152,0.956461511800459,1,1,1,1,0,0,1,1,1,1,1,1,0,0,1
3153,0.0349030354226833,1,1,1,1,0,0,1,1,1,1,1,1,0,0,1
3154,-0.339105845909235,1,1,1,0,0,0,1,1,1,1,1,1,0,0,0
3155,0.590473417126654,1,1,1,1,1,0,1,1,1,1,1,1,0,0,1
3156,0.659545734432054,1,1,0,1,1,0,1,1,1,1,1,1,0,0,1
3157,0.528857136315709,1,1,0,1,0,0,1,1,1,1,1,1,0,0,1
3158,-2.32094384572648,0,0,0,0,0,0,0,0,0,0,0,0,0,0,0
3159,0.442448803861633,1,1,0,1,1,0,1,0,1,1,1,1,0,0,0
3160,0.437552126066284,0,1,1,1,0,0,1,1,1,1,1,1,0,0,0
3161,-0.362594455480351,0,0,0,1,0,0,1,1,1,0,1,1,0,0,1
3162,-0.426848599362062,0,1,1,1,0,0,0,1,1,1,0,1,0,0,0
3163,-0.840304286340607,0,1,0,0,0,0,0,1,0,1,1,1,0,0,0
3164,-0.991120338558222,0,0,0,0,0,0,1,1,0,0,1,1,0,0,0
3165,-0.101173287438959,1,1,1,0,0,0,1,1,1,1,0,0,0,0,0
3166,-0.313503660945153,0,1,1,1,0,0,1,1,1,0,1,1,0,0,0
3167,-0.921229487771223,0,1,0,0,1,0,1,1,1,0,0,1,0,0,0
3168,0.866000805939513,1,1,1,1,0,1,1,1,1,1,1,1,1,0,0
3169,-0.00442380795906192,0,1,0,0,0,1,0,1,1,1,1,1,0,1,0
3170,0.0159671156900732,0,0,0,1,1,1,1,1,1,0,0,1,0,0,1
3171,-0.0167219138839301,0,1,0,1,0,1,1,0,1,1,1,1,0,0,1
3172,-1.18966194498601,0,0,1,0,1,0,1,0,1,0,1,0,0,0,1
3173,-0.767466962620956,0,0,0,0,0,0,0,0,1,1,0,1,0,0,0
3174,0.39734963057806,0,1,1,1,0,0,0,1,1,1,1,1,0,0,1
3175,-0.238681157850555,0,0,1,1,0,0,1,1,1,0,1,1,0,0,1
3176,-0.206757030485157,0,1,0,1,0,0,1,0,1,1,1,1,0,0,1
3177,1.31339270814782,1,1,1,1,1,1,1,1,1,1,1,1,1,1,1
3178,-1.59088188023897,0,1,1,0,0,0,0,0,0,0,0,0,0,0,0
3179,0.328522443106898,0,1,1,1,1,1,1,0,1,1,1,1,0,0,1
3180,0.0640315020071642,0,1,0,0,0,0,0,1,1,1,1,1,0,1,0
3181,0.541798000830684,1,0,1,1,0,1,1,1,1,0,1,1,0,0,0
3182,1.07021140524002,1,1,1,1,0,1,1,1,1,1,1,1,0,0,1
3183,0.592332653697004,1,1,1,0,0,0,1,1,1,1,1,1,1,0,1
3184,-0.566004992823561,0,0,0,1,0,0,1,1,1,0,1,1,0,0,0
3185,-1.96966153832523,0,0,0,0,0,1,0,0,0,0,0,0,0,0,0
3186,0.703192290461769,1,1,1,1,0,1,1,0,1,1,1,1,0,1,1
3187,0.634407674366882,1,1,1,1,1,1,1,1,1,1,1,1,0,0,1
3188,-2.06495546388148,0,0,0,0,0,0,0,1,0,0,0,0,0,0,0
3189,0.85871246063642,1,1,0,1,1,1,1,1,1,1,1,1,1,1,0
3190,-0.657127552610306,0,0,1,1,0,0,1,1,1,0,0,1,0,0,1
3191,-0.144976740679066,0,1,1,1,0,1,1,1,1,1,1,1,0,0,0
3192,0.308583755082942,1,0,1,1,1,0,1,1,1,0,1,1,0,0,0
3193,1.2154431263775,1,1,1,1,1,0,1,1,1,1,1,1,0,1,1
3194,1.58014979083407,1,1,1,1,1,1,1,1,1,1,1,1,0,1,0
3195,0.227550656841487,0,1,0,0,1,1,1,1,1,1,1,1,0,0,1
3196,-0.229799817920449,1,1,1,0,0,0,1,1,1,1,0,1,0,0,0
3197,-1.16297955336091,0,1,0,0,0,1,1,0,0,1,0,1,0,0,1
3198,-0.576771899072925,0,0,0,0,0,0,0,1,1,1,0,1,0,0,0
3199,-1.04774570991021,0,1,0,0,0,0,1,0,1,0,1,1,0,0,0
3200,0.423275505528,1,1,1,1,0,0,1,0,1,1,1,1,0,0,0
3201,0.740075090662299,1,1,0,1,1,0,1,1,1,1,1,1,0,0,1
3202,-0.715579641653884,0,1,1,0,0,0,0,1,0,0,0,1,0,0,0
3203,0.466320006881946,1,1,0,0,0,1,1,1,1,1,1,1,0,0,1
3204,0.267605480199228,0,1,1,0,1,0,1,1,1,1,1,1,0,0,0
3205,-1.36528598562515,0,0,0,0,0,0,0,0,0,0,0,1,0,0,0
3206,-0.969381440837419,0,0,0,0,0,0,1,1,1,0,0,0,0,0,0
3207,-0.773694566941834,0,1,0,1,0,0,0,0,0,0,1,1,0,0,1
3208,-2.47753915229918,0,0,0,0,0,0,0,1,0,0,0,0,0,0,0
3209,-0.0037755057966381,0,1,1,0,0,0,1,1,1,1,1,1,0,1,1
3210,0.33564379428571,0,1,1,0,0,0,1,0,1,1,0,1,0,0,1
3211,0.451995720590535,1,1,1,1,0,0,0,1,1,1,1,1,1,1,0
3212,-0.517571253151031,1,0,1,1,0,0,0,1,1,1,1,1,0,0,0
3213,0.634560919842918,0,1,1,1,0,1,1,1,1,1,1,1,0,1,1
3214,0.069674748263787,0,1,1,1,0,0,1,1,1,1,1,1,0,0,1
3215,1.18940927031315,1,1,1,1,0,0,1,1,1,1,1,1,0,0,1
3216,-0.88909725112749,0,1,0,0,0,1,1,1,1,0,0,1,0,0,0
3217,2.25464586468067,1,1,1,1,0,1,1,1,1,1,1,1,1,1,1
3218,-0.268387783612737,0,0,0,1,0,0,1,1,1,1,1,1,0,0,0
3219,1.56595087726241,0,1,0,1,1,1,1,1,1,1,1,1,1,1,1
3220,0.637116718783568,0,1,1,1,1,0,1,1,1,1,1,1,0,0,1
3221,0.136520875099514,0,1,0,0,1,0,1,1,1,1,1,1,0,0,0
3222,-0.643803175116769,0,0,1,1,0,0,0,1,1,0,1,1,0,0,0
3223,0.127017824677735,1,1,0,1,0,0,0,1,1,1,1,1,0,0,1
3224,-0.703198434138044,0,1,0,1,0,0,1,1,1,1,0,1,0,0,1
3225,0.813784855062764,1,1,0,1,0,1,1,1,1,1,1,1,0,1,1
3226,-2.32196008022838,0,0,0,0,0,0,1,1,0,0,0,0,0,0,0
3227,0.244673001018954,0,1,0,1,0,0,1,0,1,1,1,1,0,0,1
3228,-0.00707464952239398,0,1,0,1,0,0,1,1,1,1,0,1,0,1,1
3229,0.386905488612995,1,1,1,1,0,1,1,1,1,1,0,1,0,0,1
3230,-0.103947274339003,0,1,0,1,0,0,1,1,1,1,0,1,0,0,0
3231,0.098064340950571,1,1,1,1,0,0,1,1,1,0,1,1,0,0,1
3232,-0.0643183160360046,0,1,0,1,0,0,1,1,1,1,0,1,0,0,1
3233,-2.04629806804501,0,1,0,0,0,0,0,1,0,0,0,1,0,0,0
3234,1.1588033612976,1,1,1,1,1,0,1,1,1,1,1,1,1,1,1
3235,-0.321070251002189,0,1,1,0,0,0,1,1,1,1,0,1,0,0,0
3236,-0.842755832644973,0,1,0,0,0,0,0,0,0,0,1,1,0,0,0
3237,0.42391070558398,0,1,1,0,0,0,1,1,1,1,1,1,0,0,0
3238,1.45018906853563,0,1,1,1,1,1,1,1,1,1,1,1,1,1,1
3239,0.412679192110209,0,0,1,1,0,1,1,1,1,1,0,1,0,0,1
3240,-1.54633083134641,0,0,1,0,0,0,1,1,0,0,0,1,0,0,0
3241,-0.0991213657603096,0,1,0,1,1,0,1,1,1,1,1,1,0,0,1
3242,-0.916693798492143,0,0,0,1,0,0,0,1,0,1,1,1,0,0,1
3243,1.51451134192965,1,1,1,1,1,0,1,1,1,1,1,1,0,0,1
3244,-2.6700488243377,0,0,0,0,0,0,1,0,0,0,1,0,0,0,0
3245,-0.627710426070442,0,1,1,1,0,0,1,1,1,0,0,1,0,0,0
3246,-0.427276272613548,1,0,1,1,0,0,0,0,1,1,1,1,0,1,0
3247,-0.246070403525112,0,1,1,0,0,0,1,1,1,1,0,1,0,0,0
3248,-0.90803012865121,0,1,1,0,0,0,1,1,1,0,1,1,0,0,1
3249,0.0924761721965373,0,0,0,1,0,0,1,1,1,1,1,1,0,0,1
3250,-1.03764078596186,0,1,1,0,0,0,1,1,0,1,1,1,0,0,0
3251,0.935981420945218,1,1,1,1,1,0,1,1,1,1,1,1,0,0,1
3252,0.463908547625431,0,1,0,0,1,1,1,1,1,1,1,1,0,1,0
3253,0.940817375384334,1,1,1,1,0,0,1,1,1,1,1,1,0,1,1
3254,0.111295114507024,0,1,1,1,1,0,1,0,1,0,1,1,0,0,0
3255,0.832257785806627,1,1,1,1,1,0,1,1,1,1,1,1,0,0,1
3256,-0.326246752933232,0,1,0,1,0,0,1,1,1,1,1,1,0,0,0
3257,0.00191057849862434,1,1,0,1,0,0,1,1,1,1,1,1,0,0,0
3258,-0.722842107227763,0,1,0,1,0,0,1,1,0,0,1,1,0,0,1
3259,-1.87181854878185,0,0,1,0,0,0,0,1,0,0,0,0,0,0,0
3260,-0.807630996118686,0,1,0,0,0,0,1,0,1,0,0,1,0,0,0
3261,0.897983509585682,0,1,1,1,1,0,1,1,1,1,1,1,1,1,0
3262,-1.54751769788624,0,0,1,1,0,0,1,1,1,0,1,1,0,0,0
3263,0.183339550444226,0,1,1,1,1,0,1,1,1,0,1,1,0,0,1
3264,-0.132304083991734,0,0,0,1,0,0,1,1,1,1,1,1,0,0,0
3265,1.32964766387833,1,1,1,1,0,0,1,1,1,1,1,1,1,0,1
3266,-0.220549278158911,0,1,0,1,0,0,0,1,1,1,1,1,0,0,0
3267,0.866047099553522,1,1,1,0,1,1,0,1,1,1,1,1,1,0,1
3268,0.718308315512688,1,1,1,1,0,0,1,1,1,1,1,1,1,1,1
3269,0.0848929949305365,0,1,0,1,0,0,1,1,1,1,1,1,0,0,1
3270,1.29170246364561,1,1,1,1,0,1,1,1,1,1,1,1,0,0,0
3271,0.870609495347987,1,1,1,1,0,0,1,1,1,1,1,1,0,0,1
3272,-1.35872471782377,0,0,0,0,0,0,1,1,0,0,0,0,0,0,0
3273,-0.806895702905053,0,1,1,0,1,0,0,1,1,1,1,1,0,0,0
3274,-1.53982578972515,0,0,0,0,0,0,1,0,0,0,0,1,0,0,0
3275,-1.48297556701562,0,0,0,0,0,0,1,1,0,0,0,0,0,0,0
3276,0.326328273553671,1,1,1,1,0,1,1,1,1,1,1,1,1,0,1
3277,-0.505107346041192,1,0,0,0,0,1,1,1,1,0,1,1,0,0,0
3278,-0.00718722960892657,0,0,1,1,0,0,1,1,1,1,1,1,0,0,0
3279,-0.340406177921347,1,1,0,0,0,0,0,1,1,1,0,1,1,0,0
3280,-1.33327968913741,0,0,1,0,0,0,0,0,0,0,1,0,0,0,0
3281,0.470366505248354,0,1,1,1,0,1,1,1,1,1,1,1,0,0,1
3282,1.11867730738049,1,1,0,1,0,1,1,1,1,1,1,1,1,0,1
3283,2.60506030300863,1,1,1,1,0,1,1,1,1,1,1,1,0,1,1
3284,1.24544563224788,1,1,1,1,1,1,1,1,1,1,1,1,1,1,1
3285,-2.22729914237775,0,0,0,0,0,0,0,1,0,0,1,0,0,0,0
3286,1.49700414727243,1,1,1,1,1,0,1,1,1,1,1,1,1,0,1
3287,-0.973552754045559,0,0,0,1,1,0,1,1,1,0,1,1,0,0,1
3288,0.617445552943823,1,0,1,1,1,0,1,1,1,1,1,1,1,1,0
3289,0.915530347346646,1,1,1,1,0,0,1,1,1,1,1,1,1,1,0
3290,0.732690952417318,1,1,1,1,0,1,1,1,1,1,1,1,0,0,1
3291,1.44913567835892,1,1,1,1,0,1,1,1,1,1,1,1,0,1,1
3292,-0.562139989487229,0,0,0,0,0,1,0,1,0,1,1,1,0,1,1
3293,0.176135431105048,1,1,1,1,1,0,1,1,1,1,1,1,0,0,0
3294,0.195232645011377,0,1,1,1,1,0,1,1,1,1,0,1,0,0,0
3295,-1.66618861680466,0,0,0,1,1,0,1,1,0,0,0,0,0,0,0
3296,0.976349402453254,1,1,0,0,1,1,1,1,1,1,1,1,1,0,1
3297,0.168838254410806,1,1,1,1,0,0,1,0,1,0,1,1,0,0,1
3298,-2.70307025230705,0,0,0,0,0,0,0,1,0,0,0,1,0,0,0
3299,-1.95273456168378,0,0,0,0,0,0,0,1,0,0,0,1,0,0,0
3300,-2.40837013198681,0,0,0,0,0,0,1,1,0,0,0,0,0,0,0
3301,0.124065046291545,0,0,0,1,1,0,0,0,1,1,1,1,0,0,0
3302,-0.0186912935742488,0,1,0,0,0,0,1,1,1,1,1,1,0,0,0
3303,-0.484591120678065,0,1,0,1,0,1,1,0,1,0,1,1,0,0,0
3304,-1.7567567499799,0,0,0,1,0,0,1,1,0,0,0,0,0,0,0
3305,1.38060095646874,1,1,1,1,1,0,1,1,1,1,1,1,0,1,1
3306,-1.59101728841879,0,1,1,0,0,0,1,0,0,0,0,0,0,0,0
3307,-0.574170547884136,0,0,0,0,0,0,0,1,1,1,1,1,0,0,1
3308,1.10353588458238,1,1,1,1,1,1,1,1,1,1,1,1,0,0,1
3309,0.496611370902434,1,1,1,1,0,1,1,0,1,1,1,1,0,0,0
3310,0.289946309336593,1,1,1,1,0,0,1,1,1,1,1,1,0,0,0
3311,-1.54976642942946,0,0,0,1,0,0,0,0,0,0,0,0,0,0,0
3312,0.803349510526232,0,1,0,1,0,0,1,0,1,1,1,1,0,0,1
3313,0.108129932243821,1,1,1,1,0,0,1,1,1,1,1,1,0,0,1
3314,-0.605992428353817,0,0,0,1,0,0,1,1,1,0,1,1,0,0,0
3315,0.254509053730865,1,1,0,1,0,0,1,0,1,1,1,1,0,0,1
3316,0.50441126244093,1,1,1,1,0,0,1,1,1,1,1,1,1,0,1
3317,-0.0347593019973554,1,1,1,0,0,0,1,1,1,1,1,0,0,0,1
3318,0.499131116090055,0,1,1,1,1,1,1,0,1,1,1,1,0,1,1
3319,1.85044051833304,1,1,0,1,1,1,1,1,1,1,1,1,1,1,1
3320,0.254174988458471,0,0,0,1,0,1,1,0,1,1,0,1,0,0,0
3321,-0.969378839087302,0,1,0,1,0,0,1,1,1,0,1,1,0,0,0
3322,-0.449274931309434,0,0,0,1,1,0,0,1,1,1,1,1,0,0,0
3323,-1.4635672691764,0,0,0,0,0,0,1,0,0,0,0,1,0,0,0
3324,0.475570345805059,1,1,0,0,0,1,1,1,1,1,1,1,0,0,1
3325,-0.659985881607938,1,1,1,0,0,0,1,1,1,0,1,1,0,0,1
3326,1.51144208737681,1,1,1,1,0,1,1,0,1,1,1,1,0,1,1
3327,-0.306217950404962,0,0,0,1,0,0,1,1,1,1,1,1,1,0,0
3328,1.28013819880777,1,1,1,1,1,0,1,1,1,1,1,1,0,1,1
3329,-0.657682275067788,0,1,0,1,0,0,1,0,1,0,1,1,0,0,0
3330,0.525872199963586,1,1,0,1,0,0,1,0,1,1,0,1,0,0,1
3331,0.0717966601769355,0,1,1,1,1,1,1,0,1,0,1,1,0,0,0
3332,-0.39492195269001,0,0,0,0,0,1,1,1,1,0,0,1,0,0,0
3333,0.358691337613295,1,1,0,1,0,0,1,1,1,1,1,1,0,1,1
3334,-2.61037387450531,0,0,0,0,0,0,0,0,0,0,0,0,0,0,0
3335,-0.91491056865336,0,1,1,1,0,0,0,1,0,1,0,1,0,0,0
3336,0.50816773865042,1,1,1,1,0,1,1,1,1,1,0,1,0,0,1
3337,-2.36851807998198,0,0,0,0,0,0,1,1,0,0,1,0,0,0,0
3338,1.43105118989367,1,1,0,1,0,0,1,1,1,1,0,1,1,0,1
3339,-0.429377956065139,0,1,1,1,0,0,1,1,1,1,1,1,0,0,0
3340,-0.257760425675417,0,1,0,1,0,0,1,1,1,1,1,1,0,0,0
3341,1.95105844260681,1,1,1,1,1,0,0,1,1,1,1,1,1,1,1
3342,-2.07215449424035,0,0,1,0,0,0,0,1,1,0,1,0,0,0,0
3343,-1.42260656470499,0,1,0,0,0,0,1,0,0,1,0,0,0,0,0
3344,-0.350027583408724,0,0,1,0,0,1,0,1,1,1,1,1,0,0,0
3345,1.64973880285777,1,1,1,1,0,1,1,0,1,1,1,1,0,0,1
3346,-1.02180482214856,0,0,1,0,0,0,1,1,0,1,1,1,0,0,0
3347,1.12315007761155,1,1,1,1,1,1,1,1,1,1,1,1,1,1,1
3348,1.16426572781122,1,1,1,1,1,0,0,1,1,1,1,1,0,1,1
3349,-1.01308368527902,0,0,0,1,0,0,1,0,0,0,0,1,0,0,0
3350,0.801573326565392,1,1,0,1,0,0,1,1,1,1,1,1,0,0,1
3351,1.81307536911942,0,1,0,1,1,1,1,1,1,1,1,1,0,1,1
3352,3.18695984472152,1,1,1,1,1,1,1,1,1,1,1,1,0,1,1
3353,2.48785914160384,1,1,1,1,1,1,1,1,1,1,1,1,0,1,1
3354,0.0194655454706215,0,1,1,1,0,0,1,1,1,1,1,1,0,0,1
3355,-0.477985612272699,0,0,0,1,0,0,1,1,1,0,0,1,0,0,0
3356,0.890646397298838,1,1,0,1,1,0,1,0,1,1,1,1,0,1,1
3357,-1.25582908031852,0,1,0,0,0,0,1,1,0,0,0,0,0,0,0
3358,-0.142834699843291,1,0,0,0,0,0,1,1,1,1,1,1,0,0,1
3359,0.785309077471196,0,1,0,1,1,1,1,1,1,1,1,1,0,0,1
3360,-2.01254926168006,0,0,0,0,0,0,1,0,0,0,0,1,0,0,0
3361,0.275529032235023,0,1,1,0,0,0,1,1,1,1,1,1,1,0,1
3362,0.79939982175688,0,1,1,1,0,0,1,1,1,1,1,1,0,0,1
3363,0.317227487559325,1,1,1,1,0,1,0,1,1,1,1,1,0,0,0
3364,1.45832669083633,1,1,0,1,1,0,1,1,1,1,1,1,0,1,1
3365,-2.66570677190074,0,0,0,0,0,0,0,1,0,0,1,0,0,0,0
3366,2.13843397308345,1,1,1,1,0,1,1,1,1,1,1,1,1,0,1
3367,1.16741281465699,1,1,1,1,1,0,1,1,1,1,1,1,0,0,1
3368,-1.69325091244287,0,0,0,0,0,0,1,1,0,0,0,1,0,0,1
3369,0.781620873719973,1,1,1,1,1,1,1,1,1,1,1,1,0,1,1
3370,-0.0591393281325764,1,1,0,1,1,0,0,1,1,1,1,1,0,0,1
3371,0.0161071866334912,0,1,0,0,0,0,1,1,1,1,1,1,0,0,1
3372,1.9921385854934,1,1,1,1,1,1,1,1,1,1,1,1,1,1,1
3373,0.519743183269033,1,1,1,1,0,0,1,1,1,1,1,1,0,0,0
3374,-0.58394700236006,0,1,0,0,0,0,0,1,1,0,1,1,0,0,0
3375,0.921779758271629,1,1,1,1,1,0,1,1,1,1,1,1,0,1,1
3376,0.152923742014598,0,1,0,1,0,0,1,1,1,1,1,1,0,1,0
3377,-0.788754021960323,0,1,0,0,0,0,0,0,1,1,0,1,1,0,0
3378,1.39826167183716,1,1,1,1,0,1,1,1,1,1,1,1,0,1,1
3379,0.784769156202581,1,1,1,1,0,1,1,1,1,1,1,1,0,1,1
3380,-1.24879456493931,0,1,0,0,0,0,0,0,0,0,1,1,0,0,0
3381,0.439961423243233,1,1,1,1,1,1,1,1,1,1,1,1,0,0,1
3382,-0.198857514667247,0,1,1,0,0,0,1,1,1,1,0,1,0,0,0
3383,-0.1621271397148,1,1,0,1,0,0,1,1,1,1,1,1,0,0,0
3384,1.45584634292658,1,1,1,1,1,1,1,1,1,1,1,1,0,1,1
3385,1.10687229312706,1,1,1,1,0,0,1,1,1,1,1,1,1,1,1
3386,-0.42027969995464,0,1,1,1,0,1,1,0,1,1,1,1,0,0,1
3387,0.740072306022997,0,1,0,1,1,0,1,1,1,1,1,1,0,0,0
3388,0.767801233863313,1,1,1,1,0,1,1,0,1,1,1,1,0,0,1
3389,1.14319193272121,1,1,1,1,1,1,1,0,1,1,1,1,1,1,1
3390,0.111470831154383,0,1,0,1,0,1,1,1,1,1,0,1,0,0,1
3391,0.043851335416906,0,1,1,1,0,0,1,1,1,1,1,1,0,0,0
3392,-0.611955085992351,0,1,0,0,0,0,1,1,1,0,0,1,0,0,0
3393,1.20597614935266,1,1,1,1,0,1,1,1,1,1,1,1,0,0,1
3394,-0.56228423353861,0,1,0,0,1,0,1,1,1,0,0,1,0,0,1
3395,0.750181526824429,0,1,1,1,1,1,0,1,1,1,1,1,0,0,1
3396,1.59055793401197,1,1,1,1,0,1,1,1,1,1,1,1,1,0,1
3397,-0.767630849274101,0,1,1,0,0,0,1,1,1,1,0,1,0,0,0
3398,-0.419875671317981,0,0,1,1,0,1,1,1,0,1,1,1,0,1,0
3399,0.423911891809026,0,1,1,1,0,0,1,1,1,1,1,1,0,0,0
3400,-0.36259192866864,1,1,1,1,0,0,0,1,1,0,0,1,0,0,0
3401,1.13833402656673,1,1,1,1,0,0,1,1,1,1,1,1,1,1,1
3402,-1.21062741540612,0,0,0,0,0,0,1,0,1,0,0,0,0,0,0
3403,-0.109032264651475,0,1,0,1,0,0,1,1,1,1,0,1,0,0,0
3404,-0.949005617850898,0,0,0,0,0,0,1,1,1,1,1,0,0,0,0
3405,1.00608495634556,1,1,0,1,0,0,1,1,1,1,1,1,0,1,1
3406,0.559789925871001,0,1,0,1,0,1,1,1,1,1,1,1,0,1,1
3407,0.979794930256502,1,1,1,1,1,1,1,1,1,1,1,1,0,1,1
3408,1.66763411690611,1,1,1,1,1,1,1,1,1,1,1,1,0,1,1
3409,1.69463379339931,1,1,1,1,0,1,1,1,1,1,1,1,1,1,1
3410,0.507986978409676,0,1,1,0,0,1,1,1,1,1,1,1,0,0,0
3411,-0.656616693539379,0,0,0,0,0,0,1,0,1,0,0,1,0,0,0
3412,-1.42855870029844,0,0,1,0,0,0,1,0,0,0,0,0,0,0,0
3413,0.0135278061936553,0,1,1,1,1,1,0,0,1,1,1,1,0,0,1
3414,1.60262145464353,1,1,1,1,1,1,1,1,1,1,1,1,1,1,1
3415,-0.294995487763845,0,1,1,1,0,0,1,1,1,0,1,1,0,0,1
3416,-0.429024118747236,0,0,0,0,0,0,1,1,1,1,1,0,0,0,0
3417,1.27534786830147,1,1,0,1,0,1,1,1,1,1,0,1,1,1,1
3418,0.939308698625144,1,1,1,1,1,0,1,1,1,1,1,1,1,0,1
3419,-1.52671703699509,0,0,0,0,0,0,1,1,0,1,0,0,0,0,0
3420,1.55587698015819,1,1,1,1,1,1,1,1,1,1,1,1,0,1,0
3421,-0.457447654102124,0,0,1,0,0,0,1,1,1,1,0,1,0,0,0
3422,0.716158222125145,1,1,1,1,1,1,1,1,1,1,1,1,1,1,1
3423,1.2220243788773,1,1,1,1,0,0,1,1,1,1,1,1,1,1,1
3424,-1.28437732741357,0,1,0,0,0,0,0,0,0,1,0,0,0,0,0
3425,0.73722726785681,0,1,1,1,1,1,1,1,1,1,1,1,0,0,1
3426,1.70270434185871,1,1,1,1,0,0,1,1,1,1,1,1,1,1,1
3427,1.65882848676879,1,1,0,1,1,1,1,1,1,1,1,1,1,1,0
3428,-0.925634524978304,0,0,0,0,0,0,1,0,1,0,0,1,0,0,0
3429,-0.470002234983606,0,0,1,1,0,0,1,1,1,0,1,1,0,0,0
3430,-0.161958283729732,0,1,1,1,0,0,1,0,1,0,0,1,0,0,0
3431,0.727025089786441,1,1,0,1,0,0,1,1,1,1,0,1,0,1,1
3432,-2.09494118366729,0,0,0,0,0,0,1,0,0,0,0,1,0,0,0
3433,0.0428771112526052,1,1,1,1,0,0,1,1,1,1,1,1,0,0,1
3434,-1.66778142861254,0,0,0,0,0,0,1,1,0,0,0,0,0,0,0
3435,-1.34163005329464,0,0,0,0,0,0,1,0,0,1,0,1,0,0,0
3436,-1.24878229676471,1,1,0,0,1,0,1,1,0,0,1,0,0,0,1
3437,-0.326031582355291,1,1,0,1,0,1,0,1,1,0,1,1,0,0,1
3438,0.820471157238559,0,1,1,1,0,0,1,1,1,1,1,1,0,0,1
3439,0.472837247229429,0,1,1,1,0,0,1,0,1,1,0,1,0,0,1
3440,-0.965454115883947,1,1,0,0,1,1,0,0,0,0,1,1,0,0,0
3441,-0.669586290585117,0,1,0,1,0,0,0,1,1,1,1,1,0,0,0
3442,1.12882875924849,1,1,1,1,1,0,1,1,1,1,1,1,0,0,1
3443,-0.685407282894329,0,0,1,0,0,0,1,0,1,0,1,1,0,0,0
3444,-0.375311953070808,0,0,1,1,0,1,1,0,1,1,1,1,0,0,0
3445,1.37498754009795,1,1,0,1,0,1,1,1,1,1,1,1,1,1,1
3446,0.412206386710987,1,1,1,1,0,0,1,1,1,1,0,1,1,0,1
3447,-0.443131627535655,1,0,0,0,0,0,0,1,0,1,1,1,0,0,0
3448,0.736317159920734,1,1,1,1,1,0,1,1,1,1,1,1,0,0,1
3449,-1.37267582864627,0,0,0,0,0,0,1,0,0,1,0,1,0,0,1
3450,-2.13241708581161,0,0,0,0,0,0,0,0,0,0,1,1,0,0,0
3451,-0.190509959297551,1,0,0,0,0,0,0,0,1,1,0,1,0,0,1
3452,0.587790090192903,1,1,1,1,1,1,1,1,1,1,0,1,0,1,1
3453,0.275694723159577,0,0,0,1,1,1,1,1,1,1,1,1,0,0,1
3454,-1.61008577032751,0,0,0,1,0,0,0,1,0,0,0,0,0,0,0
3455,-0.0976661145332127,1,1,1,1,1,1,1,1,1,1,1,1,0,0,0
3456,0.129952563055351,0,1,1,1,0,0,1,1,1,1,1,1,0,1,1
3457,0.782941144912683,0,1,1,1,0,1,1,1,1,1,1,1,0,0,1
3458,0.292239612930182,1,1,1,0,0,0,1,0,1,1,1,1,0,0,1
3459,0.911150358220975,1,1,1,1,1,0,1,1,1,1,1,1,0,1,1
3460,0.304260702501067,1,1,1,1,1,1,1,1,1,1,0,1,0,0,1
3461,0.43550364874486,0,1,1,1,0,0,1,1,1,1,1,1,1,0,1
3462,0.42929777277082,1,1,1,1,1,0,1,1,1,1,1,1,0,0,1
3463,1.08089090373674,0,1,0,1,1,1,1,1,1,1,1,1,0,1,0
3464,0.0846848236643417,1,1,1,1,0,0,1,0,1,1,0,1,0,0,1
3465,-0.63100972337492,0,1,1,1,0,0,0,0,0,0,1,1,0,0,0
3466,0.0857244762204803,0,1,0,1,1,1,1,1,1,1,1,1,0,1,0
3467,0.866047099553522,0,1,0,1,1,1,1,1,1,1,1,1,1,0,1
3468,1.42116774984215,1,1,1,1,0,0,1,1,1,1,1,1,1,1,1
3469,0.568196257517872,1,1,0,1,0,1,1,0,1,1,1,1,0,1,0
3470,-0.235521175522771,0,0,1,1,0,0,1,1,1,1,1,1,0,0,0
3471,-0.71923627624365,0,0,0,1,0,0,0,1,1,0,0,1,0,0,0
3472,-2.1686805093746,0,0,0,0,0,0,0,1,0,0,0,0,0,0,0
3473,0.49049578923914,1,1,1,1,0,1,0,1,1,1,1,1,0,1,1
3474,-0.362234038289805,0,0,0,1,0,0,0,0,1,1,1,1,0,0,1
3475,0.501299539844658,0,0,1,1,0,0,1,1,1,1,1,1,0,0,0
3476,1.36650520652772,1,1,1,1,1,1,1,1,1,1,1,1,0,0,0
3477,-2.47686865801069,0,0,0,0,0,0,0,1,0,0,0,0,0,0,0
3478,0.574791071806453,0,0,1,1,0,0,0,1,1,1,1,1,0,0,1
3479,0.965861416627553,1,1,0,1,1,0,1,1,1,1,1,1,1,1,1
3480,0.0300257802793865,0,1,1,1,0,0,1,1,1,1,1,1,0,0,1
3481,1.03697686980209,0,1,1,1,0,1,1,1,1,1,1,1,1,0,1
3482,0.113075325707772,0,1,0,1,1,0,1,0,1,1,1,1,0,0,0
3483,0.415403862048282,0,1,1,0,0,1,1,1,1,1,1,1,0,1,1
3484,-0.917129112023905,0,1,0,0,0,0,0,1,1,1,1,1,0,0,0
3485,-0.217473068404052,0,1,1,1,0,0,1,1,1,0,1,1,0,0,0
3486,1.07998342816191,0,1,1,1,1,0,1,1,1,1,1,1,1,0,1
3487,1.36400528466897,1,1,1,1,1,1,1,0,1,1,1,1,1,1,1
3488,0.525542823613088,1,1,0,0,0,1,1,1,1,1,1,1,0,0,0
3489,-0.634317691049894,0,1,1,1,0,0,1,0,1,1,1,1,0,0,1
3490,1.14705787326343,1,1,1,1,0,0,1,1,1,1,1,1,1,0,1
3491,-2.19345044415893,0,0,0,0,0,0,1,1,0,0,0,1,0,0,0
3492,1.68430135336022,1,1,1,1,1,1,1,1,1,1,1,1,1,0,1
3493,0.686393772789142,1,1,1,0,1,1,1,0,1,1,1,1,0,0,1
3494,2.70449878060379,1,1,1,1,1,1,1,1,1,1,1,1,1,1,1
3495,1.02516714322723,1,1,1,0,0,0,1,1,1,1,1,1,0,0,1
3496,0.665430698695203,1,1,1,1,1,0,1,1,1,1,1,1,1,0,1
3497,-0.79851421014067,0,1,0,1,0,0,1,1,1,0,1,1,0,0,0
3498,0.00190480617705362,0,1,1,1,0,0,1,0,1,1,1,1,0,1,1
3499,0.195147996043987,0,1,1,1,1,0,1,1,1,0,1,1,0,0,0
3500,-1.91701788662492,0,0,0,0,0,0,0,0,0,0,1,0,0,0,0
3501,-0.417212434975725,1,0,1,0,0,0,1,1,1,1,1,1,0,0,0
3502,0.364672714690971,1,1,0,1,0,0,0,0,1,1,0,1,1,0,1
3503,-0.209187155347834,0,0,1,1,0,0,0,1,1,1,1,1,0,0,0
3504,-0.973153688277932,0,0,0,0,0,0,1,1,1,1,1,0,0,0,0
3505,0.323228174310105,0,1,1,1,0,0,0,0,1,1,1,1,1,0,1
3506,0.292493420736255,0,1,1,1,0,0,0,1,1,1,1,1,0,0,1
3507,-0.528468820075382,0,1,1,1,0,1,1,0,0,1,1,1,0,0,0
3508,-1.141189887827,0,1,1,0,0,0,0,0,0,1,1,1,0,0,0
3509,0.746074736390134,0,1,1,1,0,1,1,1,1,1,1,1,0,1,1
3510,-0.042954614097411,0,1,1,1,0,0,1,1,1,1,1,1,0,1,1
3511,-0.427396998242649,0,1,1,1,0,0,0,1,1,0,1,0,0,0,0
3512,0.124389331926442,1,0,1,1,0,0,1,1,1,1,1,0,1,0,1
3513,-1.13290807042905,0,1,1,0,0,0,0,1,1,0,0,1,0,0,0
3514,-0.40986352243565,0,0,0,1,1,1,1,0,1,1,1,1,0,0,0
3515,0.767028537810407,0,1,0,1,0,0,1,1,1,1,0,1,0,0,1
3516,-0.465761716711471,0,1,0,0,0,1,1,0,1,0,0,1,0,0,0
3517,1.48955488639335,1,1,1,1,1,0,1,0,1,1,1,1,1,1,1
3518,-1.25555947567365,0,0,0,0,0,0,0,0,1,0,0,1,0,0,0
3519,-1.12799207737422,0,1,0,0,0,0,1,1,1,0,1,1,0,0,1
3520,-0.309371508289649,0,1,0,0,0,0,0,0,1,1,0,1,0,0,0
3521,-0.650894379510452,0,1,1,0,0,0,1,1,1,0,0,1,0,0,0
3522,-0.603350838634095,1,1,1,1,1,0,1,0,1,1,1,1,0,0,0
3523,-1.75730263201285,0,0,0,0,0,0,1,0,0,0,0,1,0,0,0
3524,-1.56289855226659,0,0,0,0,0,0,0,1,0,0,0,0,0,0,0
3525,-0.648607039188843,0,1,1,1,0,0,0,0,1,1,1,1,0,0,1
3526,-0.69976496780009,0,0,1,1,1,0,0,1,1,1,1,1,0,0,0
3527,-0.821391211668462,0,1,1,0,0,0,0,1,0,0,0,1,0,0,1
3528,0.709923334097089,0,1,1,1,0,0,1,1,1,1,1,1,0,1,1
3529,-0.685365813138903,0,1,0,0,1,0,1,1,0,1,1,1,0,0,0
3530,0.499372310938301,0,1,0,1,0,0,1,1,1,1,1,1,0,1,1
3531,-0.411775131996986,0,1,0,1,0,1,1,1,1,0,1,1,0,0,0
3532,1.08411160527789,1,1,1,1,0,1,1,1,1,1,1,1,0,0,1
3533,1.11836738295,1,1,1,0,1,1,1,1,1,1,1,1,1,0,1
3534,1.4114488677472,1,1,0,1,1,1,1,1,1,1,1,1,0,1,0
3535,0.605564654808409,1,1,0,0,0,0,0,1,1,1,1,1,1,0,1
3536,-0.00951312210002796,1,1,1,1,0,0,1,0,1,1,1,1,0,0,1
3537,-1.20985081249444,0,0,0,0,0,0,0,1,0,0,0,1,0,0,0
3538,1.1234267614064,1,1,0,1,1,1,1,1,1,1,1,1,0,1,1
3539,0.199338690906273,1,1,1,1,0,0,0,1,1,1,0,1,0,0,0
3540,0.837150209982874,0,1,1,1,0,1,1,1,1,1,0,1,0,0,1
3541,1.03771573400827,0,1,1,1,1,0,1,1,1,1,1,1,1,1,1
3542,-1.18814357301031,0,1,0,0,0,0,0,1,1,1,0,1,0,0,0
3543,-0.0165068310550284,1,0,1,1,0,1,1,1,1,1,0,1,0,0,1
3544,0.391721674412661,1,1,1,1,1,1,1,1,1,1,1,1,0,0,1
3545,0.381132232274627,0,1,1,1,1,1,1,0,1,1,1,1,0,0,1
3546,-0.987580377023868,0,1,1,1,0,0,0,1,0,1,1,1,0,0,1
3547,-1.09483685223289,0,0,1,0,0,0,0,0,0,0,1,1,0,0,0
3548,0.381134781869228,0,1,0,1,0,0,1,1,1,1,1,1,0,0,0
3549,1.87348501429022,1,1,1,1,1,1,1,1,1,1,1,1,1,1,1
3550,-1.44301938704684,0,0,1,0,0,0,0,0,0,1,0,1,0,0,0
3551,-2.36391626212325,0,0,0,0,0,0,1,0,0,0,0,0,0,0,0
3552,-0.218034753405769,0,1,0,1,0,0,1,1,1,1,1,1,0,0,0
3553,-0.510369621529769,0,1,0,1,0,0,1,1,1,1,1,1,0,0,0
3554,-0.0111951502452149,0,1,0,1,0,0,1,1,1,1,1,1,0,0,0
3555,-0.429159389365443,0,1,1,0,0,0,1,1,1,1,0,1,0,0,1
3556,-2.06768835131018,0,0,0,0,0,0,0,0,0,0,0,0,0,0,0
3557,-0.29215663704312,0,1,1,0,0,0,1,0,1,1,1,1,0,0,0
3558,0.409372632103442,0,1,0,1,1,1,1,1,1,1,1,1,0,1,1
3559,-0.116166092754103,0,1,0,0,0,0,1,1,1,1,1,1,0,0,1
3560,-0.0925127993251097,0,0,1,1,0,0,1,1,1,1,1,1,0,0,1
3561,0.364938006296176,0,1,0,1,0,0,1,0,1,1,1,1,0,0,0
3562,-0.662276248615734,0,1,0,0,0,0,1,1,1,0,0,1,0,0,0
3563,0.443603444919275,1,0,1,1,0,1,1,0,1,1,1,1,0,0,1
3564,-1.59774586592555,0,0,1,0,0,0,0,1,0,0,0,1,0,0,0
3565,-0.206470038033599,0,1,1,1,0,0,1,0,1,1,1,1,0,0,0
3566,1.3592322790886,1,1,1,1,1,1,1,1,1,1,1,1,0,1,1
3567,-0.0454996617537679,0,1,1,1,0,0,1,0,1,1,0,1,0,0,0
3568,0.0434383230490187,0,0,0,1,0,0,1,1,1,0,1,1,0,0,1
3569,0.190428461384061,1,0,1,1,0,0,1,1,1,1,1,1,0,0,0
3570,0.458317371861612,1,1,0,1,1,1,1,0,1,1,0,1,0,1,1
3571,1.88597067189613,1,1,1,1,0,1,1,1,1,1,1,1,0,1,1
3572,1.03771271811392,0,1,1,1,0,1,1,1,1,1,0,1,0,0,1
3573,0.0352283554105262,1,1,0,1,0,1,0,1,1,1,1,1,0,0,1
3574,0.0530033892926968,0,1,0,1,0,1,1,1,1,1,1,1,0,1,1
3575,1.32239794072109,1,1,1,1,1,1,1,1,1,1,1,1,1,0,1
3576,-0.660526723507269,0,1,0,0,0,0,0,1,1,1,0,1,0,0,0
3577,0.201993105540327,1,0,1,1,0,1,1,1,1,1,0,1,0,1,0
3578,-0.672658749602296,0,0,1,0,0,0,1,1,1,0,0,1,0,0,0
3579,0.0250792281659273,1,1,1,0,1,0,1,1,1,1,1,1,0,0,0
3580,1.24926858078654,1,1,1,1,1,1,1,1,1,1,1,1,0,0,1
3581,0.813775499547445,1,1,1,1,1,1,1,1,1,1,1,1,0,0,1
3582,-0.66942978787823,0,1,0,1,0,0,1,1,1,1,0,1,0,0,1
3583,0.68890775227349,1,1,1,1,0,1,1,1,1,1,1,1,0,0,0
3584,-0.451915538080141,0,1,1,1,1,0,1,1,1,1,1,1,0,0,1
3585,1.82463355862302,1,1,1,1,0,0,1,1,1,1,1,1,0,0,1
3586,0.764283438517624,0,1,1,1,0,1,1,1,1,1,1,1,0,1,1
3587,0.67931957346123,0,1,1,1,1,1,1,1,1,1,0,1,0,0,1
3588,0.746399127878096,0,1,1,1,0,1,1,1,1,1,1,1,0,1,1
3589,0.00975246204981999,0,1,0,1,1,0,0,0,1,1,0,1,0,0,1
3590,1.82656032788225,1,1,0,0,1,1,1,1,1,1,1,1,0,0,1
3591,0.666602748432616,1,1,1,1,0,0,1,1,1,1,1,1,0,0,0
3592,1.22481106704946,1,1,1,1,1,1,1,1,1,1,1,1,1,1,0
3593,1.03032522780861,1,1,0,1,0,1,1,1,1,1,0,1,1,0,1
3594,0.761478326788376,1,1,0,1,1,1,1,1,1,1,1,1,0,1,1
3595,-0.314125195985609,0,1,1,1,0,0,1,1,1,1,1,1,0,0,0
3596,-1.99391450245222,0,0,0,0,0,0,1,0,0,0,1,1,0,0,0
3597,-0.239540829536979,1,1,1,1,0,0,1,1,0,1,1,1,0,0,1
3598,0.284531008007515,0,1,1,1,0,0,1,0,1,1,1,1,0,0,1
3599,0.785151138039794,1,1,1,1,0,0,1,1,1,1,1,1,1,1,1
3600,0.0015489142067489,0,1,1,1,0,0,0,0,1,1,1,1,0,0,1
3601,0.914787896147552,1,1,1,1,0,0,1,1,1,1,1,1,1,0,1
3602,-0.206757030485157,1,1,1,1,0,0,1,0,0,1,1,1,0,0,0
3603,0.150267852886125,1,1,0,1,1,0,1,1,1,1,1,1,0,1,0
3604,0.771232039073998,1,0,1,1,0,1,1,1,1,1,1,1,0,0,0
3605,0.736471447827392,1,1,1,1,1,0,1,1,1,1,1,1,0,1,1
3606,-0.273111868100962,0,1,1,1,0,0,1,1,1,1,1,1,0,0,0
3607,-0.268422585965225,0,1,0,1,0,0,0,1,1,1,0,1,0,0,1
3608,-1.75676502764361,0,0,0,0,0,0,1,1,0,1,1,1,0,0,0
3609,0.00139746657263422,1,1,1,1,0,0,0,1,1,1,1,1,0,0,1
3610,-1.7252987269495,0,0,0,0,0,0,0,1,0,0,0,1,0,0,0
3611,-1.16273734557746,0,1,0,1,0,0,0,1,0,0,0,1,0,0,0
3612,0.0532001507722111,0,0,1,1,0,0,1,1,1,1,1,1,0,1,1
3613,-1.65640301101928,0,0,1,0,0,0,0,1,0,0,0,0,0,0,0
3614,0.423048253913371,1,1,1,1,0,0,1,1,1,1,1,1,0,1,1
3615,-1.70605350254645,0,0,0,0,0,0,1,0,0,0,0,1,0,0,0
3616,-1.1834392106488,0,0,0,1,0,0,0,0,1,0,0,0,0,0,0
3617,-1.90172929549015,0,0,0,0,0,0,1,1,0,0,0,0,0,0,0
3618,-0.862380654935028,0,0,0,1,0,0,1,1,1,1,1,1,0,0,0
3619,-0.689868750716668,1,1,0,1,0,0,1,1,1,0,1,1,0,0,0
3620,1.22519607502047,1,1,0,1,0,0,1,1,1,1,1,1,1,1,1
3621,0.520106765547668,1,1,1,1,0,1,1,1,1,1,1,1,0,0,0
3622,-0.292753261167705,0,1,1,0,0,1,1,1,1,1,1,1,0,0,0
3623,-0.719602056090865,0,1,0,1,1,0,1,1,1,0,0,1,0,0,0
3624,1.5120208552527,1,1,1,1,0,1,1,1,1,1,1,1,0,1,0
3625,-0.032668113657434,1,1,1,1,0,0,1,0,1,1,0,1,0,0,1
3626,0.603500806623014,0,1,0,0,0,1,1,0,1,1,1,1,1,0,1
3627,-1.22074199292657,0,0,0,0,0,0,0,0,1,0,1,0,0,0,0
3628,0.480802259822188,1,1,1,1,0,1,1,1,1,1,1,1,0,0,1
3629,-0.306346858801154,0,1,0,1,0,0,1,1,1,1,1,1,0,0,0
3630,-2.33163436244121,0,0,0,0,0,0,0,0,0,0,0,0,0,0,0
3631,2.17383360133103,1,1,0,1,1,0,1,1,1,1,1,1,1,1,1
3632,-1.0938816746116,0,0,1,1,0,1,1,0,1,0,0,1,0,0,0
3633,-1.13352991670632,1,0,0,0,0,0,1,0,1,1,0,1,0,0,0
3634,-0.501440589334625,0,1,1,0,0,0,1,1,1,1,0,1,0,0,0
3635,-1.04499506279998,0,1,1,0,0,0,1,1,1,0,1,1,0,0,0
3636,-1.36672337946783,0,0,0,1,0,0,0,1,0,0,0,0,0,0,0
3637,0.531029691360982,0,1,0,0,0,0,1,1,1,1,0,1,0,0,1
3638,-0.38085698431638,0,1,0,0,0,1,0,1,1,1,1,1,0,0,1
3639,0.473611710793893,1,1,1,1,0,0,1,1,1,1,1,1,0,0,1
3640,-0.522972520182832,0,0,0,0,1,1,1,1,1,1,1,1,0,0,1
3641,-0.108930391399247,0,0,1,1,0,1,1,1,1,1,0,1,0,0,0
3642,-0.595944871549855,0,1,0,1,0,0,1,1,1,0,1,1,0,0,1
3643,1.65721565506269,1,1,1,1,1,1,1,1,1,1,1,1,0,1,1
3644,0.924919683646944,0,1,1,1,0,1,1,1,1,1,1,1,0,0,0
3645,-2.11051130451619,0,0,1,0,0,0,0,0,0,0,0,0,0,0,0
3646,-0.358574154087909,0,1,0,1,0,0,1,0,1,1,1,1,0,0,0
3647,-2.20146402600792,0,0,0,0,0,0,1,0,0,0,0,1,0,0,0
3648,-0.733862089055542,0,1,0,1,0,0,0,1,1,0,1,1,0,0,0
3649,-0.222362229876858,0,0,1,1,0,0,1,0,0,1,1,1,1,0,0
3650,0.6469324560923,1,1,1,0,1,1,1,1,1,1,1,1,0,1,1
3651,1.2162143846013,1,1,0,1,1,1,1,0,1,1,1,1,0,1,0
3652,-0.220555144345485,0,0,1,0,0,1,0,1,1,1,0,0,0,0,1
3653,0.593291831890915,0,1,1,1,0,0,1,1,1,1,0,1,0,0,0
3654,-0.452275007094168,0,1,0,0,1,0,1,1,1,1,0,1,0,0,0
3655,0.286897556608311,1,1,1,1,0,1,1,1,1,1,1,0,0,0,0
3656,0.394996590553379,0,1,1,1,1,0,1,0,1,1,1,1,0,1,0
3657,1.49699855420211,1,1,1,1,1,1,1,1,1,1,1,1,1,1,1
3658,-1.17360039141173,0,1,0,0,0,0,1,1,1,0,1,1,0,0,1
3659,0.358686562438131,0,1,0,1,0,0,1,1,1,1,1,1,0,1,1
3660,1.74564911136219,1,1,1,1,1,1,1,1,1,1,1,1,0,1,1
3661,1.5043578130672,1,1,1,1,1,1,1,0,1,1,1,1,1,0,1
3662,0.0252916549627883,0,1,1,1,1,0,1,0,1,1,1,1,1,0,1
3663,-1.0494981975878,0,0,1,0,0,0,1,1,1,0,1,1,0,0,1
3664,0.736794667712639,1,1,1,1,0,1,1,1,1,1,1,1,0,1,1
3665,-0.230383705747777,0,1,1,1,1,0,1,1,1,0,0,1,0,0,1
3666,0.437435087536968,1,1,0,1,0,0,1,1,1,1,1,1,1,0,0
3667,-0.936356453677587,1,0,0,1,0,0,1,0,1,0,1,1,0,0,0
3668,-0.339260914377333,0,0,0,1,1,0,1,0,1,1,1,1,0,0,0
3669,-0.853447125059907,0,0,0,0,0,0,1,1,0,0,0,1,0,0,1
3670,-0.249396251327142,1,1,1,0,0,1,0,1,1,1,1,1,1,0,0
3671,-0.824235515925004,0,0,1,0,0,0,1,1,1,0,0,1,0,0,0
3672,-1.34128044593913,0,0,0,0,0,0,0,1,1,0,0,1,0,0,0
3673,-0.869661289557234,0,1,1,1,0,0,0,0,1,1,0,1,0,0,0
3674,-1.34594627022437,0,0,0,1,0,0,1,0,0,0,1,1,0,0,0
3675,-0.375456488369401,0,1,0,1,0,1,1,1,1,1,1,1,0,0,0
3676,0.0372577495824371,0,0,0,1,0,1,1,1,1,1,1,1,1,1,1
3677,-0.145501449343894,0,1,0,1,0,0,1,1,1,1,1,1,0,0,0
3678,-0.0322530172518986,0,1,1,1,0,0,1,1,1,1,1,1,0,1,0
3679,-0.217914248714881,0,1,0,0,0,0,0,1,1,1,1,1,0,0,0
3680,0.107991410907231,0,1,0,1,0,0,1,1,1,1,1,1,0,0,1
3681,0.0903726672076049,0,1,0,1,0,0,1,1,1,1,0,1,0,0,0
3682,0.549578174826859,0,1,1,1,0,0,1,1,1,1,1,1,0,1,1
3683,-2.52293848262984,0,0,0,0,0,0,0,0,0,0,0,0,0,0,0
3684,-0.679820156605161,0,1,0,0,0,0,1,1,1,0,0,1,0,0,0
3685,0.187524366941883,0,0,1,0,0,0,1,0,1,1,1,1,0,0,1
3686,1.11241277898098,1,1,1,1,0,0,1,1,1,1,1,1,1,0,1
3687,-0.767195271128042,0,1,0,0,0,0,1,1,1,1,1,1,0,0,1
3688,0.507209384463169,1,1,0,1,0,0,1,0,1,1,1,1,0,0,1
3689,-0.325173896617316,0,1,0,1,0,0,0,1,1,1,1,1,0,0,1
3690,-1.82500591236184,0,1,0,0,0,0,0,0,0,0,0,0,0,0,0
3691,0.201149193599645,0,1,1,1,0,0,1,1,1,1,1,1,0,0,0
3692,-0.400471309887752,1,0,0,1,0,1,0,0,1,1,1,1,0,0,1
3693,-0.15055940269158,0,0,0,1,0,0,1,1,1,1,1,1,0,0,1
3694,-0.601392750435945,0,0,0,1,0,0,1,0,1,1,0,1,0,0,0
3695,-1.75793721445013,0,0,1,1,0,0,1,0,0,0,0,0,0,0,0
3696,-0.424762099777582,1,1,0,1,1,0,0,0,1,1,1,1,1,0,0
3697,1.50474015030397,1,1,1,1,1,1,0,1,1,1,1,1,1,1,1
3698,-1.88836579869599,0,0,0,0,0,0,0,0,0,0,0,0,0,0,0
3699,-1.0252895380191,0,1,0,0,0,0,1,1,1,1,0,0,0,0,0
3700,1.6497295873268,1,1,1,1,1,1,1,1,1,1,1,1,1,0,1
3701,0.854698954699987,1,1,1,1,1,0,1,1,1,1,0,1,0,1,1
3702,-0.326249567472863,0,1,0,1,0,0,1,0,1,1,0,1,0,0,1
3703,-0.642745088779853,0,1,0,0,0,0,0,0,1,1,1,1,0,0,1
3704,0.23946108602525,1,1,0,1,0,0,1,1,1,1,1,1,0,0,0
3705,-1.35364382603798,0,0,0,0,0,1,1,1,0,0,0,1,0,0,0
3706,1.05194139224644,1,1,1,1,0,0,1,1,1,1,1,1,0,0,1
3707,-1.40756108890353,0,0,0,0,0,0,0,0,0,0,0,1,0,0,0
3708,0.617492817790219,1,1,0,1,0,0,1,0,1,1,1,1,0,0,1
3709,-0.58952262374648,1,1,1,1,0,0,1,0,1,1,1,1,0,0,0
3710,-0.387687861732821,0,0,0,1,0,0,1,1,1,0,1,1,0,0,0
3711,-1.32939139573619,0,1,1,0,0,0,1,1,0,0,0,0,0,0,0
3712,0.238496870609633,0,1,0,0,1,0,1,1,1,1,1,1,0,0,1
3713,0.968467263687248,1,1,1,1,0,1,1,1,1,1,1,1,0,1,1
3714,-0.995147693637099,0,0,0,0,0,0,1,1,1,0,0,1,0,0,0
3715,-1.89044003964805,0,0,0,0,0,0,1,0,0,0,0,1,0,0,0
3716,-2.1747515290955,0,0,1,0,0,0,0,1,0,0,0,0,0,0,0
3717,-0.859090160798589,0,0,1,0,1,0,0,1,0,1,0,1,0,0,0
3718,3.12489477439772,1,1,1,1,1,1,1,1,1,1,1,1,1,1,1
3719,-1.13222293697997,0,0,0,0,0,0,1,0,1,0,1,1,0,0,0
3720,1.17319158431654,1,1,1,1,0,0,1,1,1,1,1,1,0,1,1
3721,0.466323223707137,0,1,1,1,0,0,1,1,1,1,1,1,0,0,0
3722,0.120158844664891,0,1,0,1,1,0,1,0,1,1,1,1,0,0,1
3723,-1.50626118020672,0,1,0,0,0,0,0,1,0,0,1,1,0,0,0
3724,0.63109867152823,1,1,1,1,1,0,1,1,1,1,1,1,0,1,1
3725,0.921793785175422,1,1,1,1,1,1,1,1,1,1,1,1,0,0,0
3726,-1.60187899738844,0,0,0,0,0,0,0,1,0,0,0,0,0,0,0
3727,-0.201116322507344,0,0,0,1,0,0,1,1,1,1,0,1,0,0,0
3728,-0.803696857852093,0,1,0,0,0,0,1,1,1,1,1,1,0,0,1
3729,0.454587420254983,1,1,1,1,0,1,1,1,1,1,1,1,0,0,0
3730,0.745889164042868,0,1,0,1,0,0,1,1,1,1,1,1,1,1,1
3731,-0.562129723941488,0,1,1,0,0,0,1,0,1,1,0,1,0,0,0
3732,-1.48305148143535,0,0,0,0,0,0,1,0,0,0,0,1,0,0,0
3733,1.33319171471154,1,1,0,1,1,1,1,1,1,1,1,1,0,0,0
3734,-0.0806939361101848,0,1,0,1,0,0,1,0,1,1,1,1,0,0,0
3735,-0.491000641157016,0,1,0,1,0,0,1,0,1,0,0,1,0,0,0
3736,-0.7957012597476,0,1,0,0,0,0,1,1,0,1,0,1,0,0,0
3737,0.0587792017113003,0,1,1,1,0,1,1,1,1,1,1,1,1,0,0
3738,0.817799220068822,1,1,1,1,1,1,1,1,1,1,1,1,0,0,1
3739,-2.0907595292384,0,0,0,0,0,0,1,1,0,0,1,0,0,0,0
3740,-0.633613694125046,1,1,1,1,0,0,1,1,1,0,1,1,0,0,1
3741,0.446785486862793,1,1,1,1,0,0,1,1,1,0,1,1,0,0,1
3742,-0.227470392206104,0,1,1,0,0,1,1,1,1,1,1,1,0,0,1
3743,0.484509075785934,1,1,0,1,1,0,1,1,1,1,0,1,0,0,0
3744,-1.37295454339881,0,0,1,0,0,0,1,1,0,0,0,1,0,0,0
3745,0.960321242217287,1,1,1,1,1,1,1,0,1,1,1,1,1,0,1
3746,1.88594741029886,1,1,0,1,0,1,1,1,1,1,1,1,0,1,1
3747,0.463181933264461,0,0,0,1,1,1,1,1,1,1,0,1,0,0,0
3748,0.612468358302742,1,1,0,0,0,0,0,1,1,1,1,1,0,0,1
3749,1.05282408422301,1,0,0,0,1,1,1,1,1,1,1,1,0,1,1
3750,0.813550894672492,1,1,0,1,1,1,1,1,1,1,1,1,0,1,0
3751,1.64767349752041,1,1,1,1,1,0,1,1,1,1,1,1,1,0,1
3752,-0.490448570280423,0,1,0,0,0,0,0,1,1,1,1,1,0,0,0
3753,-1.15824091313623,0,0,0,0,0,0,1,1,0,0,1,1,0,0,0
3754,-1.75661753478347,0,0,0,0,0,0,0,1,0,0,0,0,0,0,0
3755,0.519661937669182,1,0,1,1,0,0,1,1,1,1,1,1,0,0,1
3756,0.216774051768771,0,1,1,1,0,1,1,1,1,1,1,1,0,0,1
3757,0.832924221031165,1,1,1,1,1,0,0,1,1,1,1,1,1,0,1
3758,-0.555854593750003,1,0,0,0,0,0,0,1,1,1,1,1,0,0,0
3759,0.0721344625798052,1,1,1,1,1,0,1,0,1,1,1,1,0,1,1
3760,-2.61467823887885,0,0,0,0,0,0,1,1,0,0,1,0,0,0,0
3761,-0.0163703250049956,0,1,0,1,0,0,1,1,1,1,1,1,0,0,1
3762,-1.83578393415284,0,0,0,0,0,0,0,0,0,0,0,0,0,0,0
3763,0.817045734115061,1,1,1,1,1,0,1,0,1,1,1,1,0,0,1
3764,0.998850002829953,1,1,1,1,1,1,1,1,1,1,1,1,1,0,1
3765,-0.0984306553700537,0,1,0,1,0,1,1,1,1,1,1,1,0,0,1
3766,0.161747773513938,0,1,1,1,0,0,1,1,1,1,1,1,0,0,1
3767,1.16825139815968,0,1,1,1,0,1,1,1,1,1,1,1,1,1,1
3768,-0.986468843801352,0,1,0,1,0,0,1,1,1,1,1,1,0,0,0
3769,1.93155529754239,1,1,1,1,0,0,1,1,1,1,1,1,0,1,1
3770,-1.63839514028953,0,0,0,0,0,0,0,1,0,0,0,0,1,0,0
3771,0.739167143698015,1,1,1,0,0,0,1,1,1,1,1,1,0,0,1
3772,0.746022927340679,1,1,0,1,1,0,1,1,1,1,1,1,0,0,1
3773,0.589314895678481,1,1,1,1,0,0,1,1,1,1,1,1,1,0,1
3774,0.00179868727441203,0,1,0,1,0,0,0,0,1,1,1,1,0,0,0
3775,0.435629971463867,1,1,0,1,0,0,1,1,1,1,1,1,0,0,0
3776,-1.28962387832098,0,0,0,0,0,0,1,0,0,0,1,1,0,0,0
3777,0.699636839367808,0,1,1,1,1,0,1,1,1,1,1,1,0,0,1
3778,-0.447598753450803,1,1,0,1,0,1,1,1,1,0,1,1,0,0,0
3779,0.304455552536351,1,1,1,1,1,0,1,1,1,1,1,1,0,0,1
3780,0.760769174075611,0,1,0,1,1,0,1,1,1,1,0,1,1,0,0
3781,-0.749163076782049,0,0,0,1,0,0,1,1,1,1,1,1,0,0,0
3782,-1.04448887779908,0,0,1,1,0,0,0,1,1,0,1,1,0,0,0
3783,-0.268240909856275,0,1,0,1,1,0,1,1,0,1,1,1,0,0,1
3784,0.144934063948203,1,1,1,1,0,0,1,1,1,1,0,1,0,0,1
3785,0.85727571194301,1,1,1,1,1,0,1,0,1,1,1,1,1,0,1
3786,0.204395873648946,1,1,1,1,0,1,1,1,1,1,1,1,0,0,0
3787,1.37998522141159,1,1,0,1,1,1,1,1,1,1,1,1,1,1,1
3788,2.0139315589063,1,1,1,1,0,1,1,1,1,1,1,1,1,1,1
3789,0.0924396397834738,0,1,0,1,1,0,1,1,1,0,0,1,0,1,0
3790,-0.159635203009829,0,1,0,0,1,0,1,0,1,1,1,1,0,1,1
3791,-1.2503466579704,0,0,0,0,0,0,0,0,1,0,0,0,0,0,0
3792,-1.98917097901254,0,0,0,0,0,0,0,1,0,0,0,0,0,0,0
3793,-0.34811204509196,0,0,1,1,0,0,0,1,1,1,0,1,1,0,1
3794,2.40508990454981,1,1,1,1,1,1,1,1,1,1,1,1,0,1,1
3795,2.95963758911697,1,1,1,1,1,1,1,1,1,1,1,1,1,1,1
3796,1.05672555534776,1,1,0,1,0,0,1,1,1,1,1,1,1,1,1
3797,-0.559874906895327,0,1,0,0,0,0,0,1,0,0,1,1,0,0,0
3798,2.20438847961737,1,1,1,1,0,1,1,1,1,1,1,1,1,0,1
3799,1.00745366261683,1,1,0,1,1,1,1,1,1,1,1,1,0,1,1
3800,-0.0232338234075242,1,1,1,1,0,1,1,1,1,0,1,1,0,0,1
3801,-0.481772842895326,1,1,0,0,0,0,0,0,1,0,1,1,0,0,0
3802,0.719701689622556,1,1,0,1,0,1,1,0,1,1,1,1,1,0,1
3803,-1.41162928766916,0,1,0,0,0,0,0,1,0,0,0,0,0,0,0
3804,-0.397127059399376,1,1,1,1,0,1,0,1,1,1,1,1,0,0,0
3805,-1.54691215943662,0,0,0,1,0,0,0,0,0,0,0,1,0,0,0
3806,-0.372360353972648,0,1,0,0,0,0,1,1,1,0,1,1,0,0,0
3807,0.297209644495697,0,1,1,0,0,0,1,1,1,1,1,1,0,0,1
3808,-0.374880569971696,0,0,0,0,0,1,1,1,1,1,1,1,0,0,0
3809,-2.04514462915213,0,1,0,1,0,0,1,1,0,0,1,1,0,0,0
3810,0.760937584206722,1,1,1,1,0,1,1,0,1,1,1,1,0,0,1
3811,-0.570639833033514,1,0,1,0,0,0,1,1,1,1,1,1,0,0,0
3812,0.179961701301975,0,1,1,1,1,0,1,1,1,1,1,1,0,0,0
3813,-0.224680175384576,0,1,0,1,1,0,0,1,1,1,1,1,0,1,1
3814,1.36410437140634,1,1,1,1,1,0,1,1,1,1,1,1,1,1,1
3815,-0.138054877854093,0,0,0,0,0,0,1,1,1,1,1,1,0,0,0
3816,0.66339641208775,0,1,0,0,0,1,1,1,1,1,1,1,0,0,1
3817,-0.345066375586595,1,1,1,1,0,0,1,1,1,0,0,1,0,0,0
3818,0.760226699600687,1,1,1,1,0,0,1,1,1,1,1,1,1,0,1
3819,-0.807630996118686,0,0,0,1,0,0,0,1,1,0,0,0,0,0,0
3820,1.7988906212311,1,1,1,1,1,1,1,0,1,1,0,1,1,1,1
3821,-0.136394919844904,1,1,1,1,0,0,0,1,1,1,1,1,0,1,0
3822,-0.0551188583606558,0,0,0,1,0,0,0,1,1,1,1,1,0,0,0
3823,-0.743471844297604,1,1,1,1,1,0,0,1,1,1,0,1,0,0,0
3824,-1.36602774560131,0,0,0,0,0,0,1,1,0,0,1,0,0,0,0
3825,-0.0165119202899599,0,1,0,0,0,0,0,1,1,1,1,1,0,0,0
3826,2.7794890964368,1,1,1,1,1,1,1,1,1,1,1,1,1,1,1
3827,0.299011360869634,0,0,1,0,1,1,1,1,1,1,0,1,0,0,1
3828,1.61047947610767,1,1,1,1,1,1,1,1,1,1,1,1,0,1,1
3829,1.33447873448524,1,1,0,1,1,0,1,1,1,1,1,1,1,0,1
3830,-0.106561409724079,1,0,0,0,0,0,1,1,1,0,1,1,0,0,0
3831,0.753840157212729,1,1,1,1,0,1,1,1,1,1,0,1,0,0,1
3832,0.820524888910803,0,1,1,1,1,0,0,1,1,1,1,1,0,0,1
3833,-1.22496486898037,0,0,1,0,0,0,0,1,1,0,0,1,0,0,0
3834,-0.506972430949341,0,0,0,1,0,0,1,1,1,1,1,1,0,0,1
3835,-1.73731718372222,0,0,0,0,0,0,0,0,0,0,0,1,0,0,0
3836,-0.0920609028365992,0,1,1,1,0,1,0,1,1,1,1,1,0,0,1
3837,1.82288472591791,1,1,0,1,0,1,1,1,1,1,1,1,0,1,1
3838,-0.339893374230323,0,0,0,1,0,0,0,0,1,1,0,1,0,1,0
3839,-1.37519984098184,0,0,0,0,0,0,1,0,0,0,0,1,0,0,0
3840,-1.27091821223875,0,0,0,0,0,0,0,1,0,0,1,1,0,0,0
3841,-0.657673601760991,0,0,0,0,0,0,1,1,1,1,0,1,0,0,0
3842,0.0621939471466682,1,1,1,1,0,1,1,0,1,1,1,1,0,0,0
3843,-1.45193083783463,0,0,0,0,0,0,0,1,0,0,1,1,0,0,0
3844,0.0874584206030332,1,1,1,1,0,0,0,1,1,0,1,1,0,0,1
3845,0.685314623344423,1,1,1,1,1,0,1,1,1,1,1,1,1,0,1
3846,0.335987085537103,0,1,0,1,0,0,1,1,1,1,0,1,0,0,0
3847,0.944571463482615,0,1,1,1,0,0,1,1,1,1,1,1,1,1,1
3848,-0.872915023105983,0,1,0,1,0,0,1,1,0,1,0,1,0,0,0
3849,0.472603743654968,0,1,0,0,0,0,1,0,1,1,1,1,0,0,1
3850,-0.743636678016648,1,1,0,1,0,0,1,1,1,0,1,1,0,1,0
3851,1.56265302891306,1,1,1,1,1,1,1,1,1,1,1,1,1,1,1
3852,0.044017726924967,0,1,0,1,0,0,0,0,1,1,1,1,0,0,0
3853,1.78736960918421,1,1,1,1,1,0,1,1,1,1,1,1,1,1,1
3854,-0.634254787562241,0,0,0,0,0,0,0,1,1,1,1,1,0,0,0
3855,0.854484229195637,1,0,1,1,0,0,1,1,1,1,0,1,0,1,0
3856,-0.712928296312818,1,1,0,0,0,0,1,1,1,1,1,1,0,0,1
3857,0.846908603820683,1,1,0,1,0,0,1,1,1,1,1,1,1,0,1
3858,0.0806551556517838,0,1,1,1,0,0,1,1,1,0,0,1,0,0,1
3859,0.528854720538351,1,1,0,0,0,1,1,1,1,1,1,1,0,0,0
3860,-0.161963568071798,0,1,1,0,1,0,1,1,1,0,0,1,0,0,1
3861,0.877155900942293,1,1,1,1,0,0,1,1,1,1,1,1,0,0,1
3862,1.7996207424847,1,1,0,1,0,1,1,1,1,1,1,1,1,1,1
3863,-0.194890936547169,0,1,1,1,0,0,1,1,1,1,0,1,1,0,0
3864,-0.623851922768777,0,1,0,0,0,0,1,1,0,0,1,1,0,0,1
3865,-1.71236313133476,0,1,0,0,0,0,1,0,0,0,0,1,0,0,0
3866,0.496797345112976,1,1,0,1,0,0,1,0,1,1,1,1,0,0,1
3867,-1.35120505165116,0,0,0,0,0,0,0,1,0,0,0,0,0,0,0
3868,1.61155199813319,1,1,1,1,1,1,1,1,1,1,1,1,0,0,1
3869,0.983446765512086,0,1,0,1,1,0,1,1,1,1,1,1,0,1,0
3870,-0.281913971437194,0,1,0,0,1,0,0,0,1,1,1,1,0,0,0
3871,0.87013172527772,1,1,0,1,1,0,1,1,1,1,1,1,0,0,1
3872,-0.965458475497947,0,0,0,0,0,0,1,0,1,1,1,1,0,0,0
3873,1.17276791333592,1,1,0,0,1,1,1,1,1,1,1,1,1,1,1
3874,0.866786575052745,1,1,1,1,0,0,0,1,1,1,1,1,0,1,1
3875,-0.534940005873065,1,1,0,1,1,0,0,0,1,0,1,1,0,0,1
3876,-0.893201193719934,0,1,0,0,0,0,1,0,1,0,0,1,0,0,0
3877,-0.754434491666005,0,0,0,1,0,0,1,0,1,1,1,1,0,0,0
3878,-1.2487835008511,0,1,1,0,0,0,1,0,1,1,0,1,0,0,0
3879,0.177162022054308,0,1,1,1,0,1,1,1,1,1,1,1,0,0,1
3880,-0.0988337064653309,0,1,1,1,0,1,1,1,1,1,1,1,0,0,1
3881,-0.490595084948356,0,1,1,1,0,0,1,0,1,0,1,1,0,0,0
3882,1.29193273525042,1,1,1,1,0,0,1,1,1,1,1,1,0,1,1
3883,-1.42449124918529,0,0,0,1,0,1,1,1,0,0,0,1,0,0,0
3884,-0.609664394060831,0,1,0,0,0,0,0,0,1,1,0,1,0,0,1
3885,1.35894197573776,1,1,0,1,1,1,1,1,1,1,1,1,0,0,1
3886,-1.56558571750201,0,0,0,0,0,0,0,0,0,0,0,0,0,0,0
3887,-1.60423842157031,0,0,0,0,0,0,1,1,0,1,0,1,0,0,1
3888,0.457856491563716,0,1,1,1,1,0,1,1,1,1,1,1,0,0,1
3889,0.792257099885849,0,0,0,1,0,0,1,1,1,1,1,1,1,0,1
3890,-0.289459974212461,1,1,0,1,0,0,0,1,1,1,1,1,0,0,0
3891,-0.270933498714704,0,0,1,0,0,0,1,1,1,1,1,1,0,0,0
3892,-1.38111598108123,0,0,0,0,0,0,1,0,0,0,1,0,0,0,1
3893,0.646275898675976,0,1,1,1,1,0,1,1,1,1,1,1,0,1,1
3894,-1.20960623701636,0,0,0,0,0,0,0,1,0,1,0,1,0,0,0
3895,-1.05650331725598,0,0,1,1,0,0,1,0,1,0,0,1,0,0,0
3896,-1.93024718242571,0,0,0,1,0,0,0,0,0,1,0,0,0,0,1
3897,-1.25547290398743,0,1,0,1,0,0,0,0,0,0,0,1,0,0,0
3898,1.72747064791176,1,1,1,1,0,1,1,1,1,1,1,1,0,1,1
3899,-0.507480945110252,0,1,0,0,0,0,1,1,1,1,0,1,0,0,0
3900,-0.493781914797996,1,1,0,0,0,0,0,1,1,1,0,1,0,1,0
3901,-0.398180737223324,0,1,0,0,0,0,1,0,1,0,1,1,0,0,0
3902,0.232221545321284,1,1,0,1,0,1,1,1,1,1,1,1,0,1,1
3903,1.18187066388777,1,1,1,1,1,0,0,1,1,1,1,1,1,1,1
3904,1.42282042449061,1,1,1,1,1,0,0,1,1,1,1,1,0,1,1
3905,-1.36520271731845,0,0,1,0,0,0,0,0,1,0,0,0,0,0,0
3906,-1.40015799275753,0,1,0,0,0,0,1,0,1,0,1,1,0,0,0
3907,-0.457641328216293,1,1,0,1,0,0,1,1,1,1,0,1,0,0,1
3908,1.39260464487801,1,1,1,1,0,0,1,1,1,1,1,1,0,0,1
3909,0.912574116468412,1,1,1,1,1,1,1,1,1,1,1,1,0,1,1
3910,-0.076612204336278,1,1,0,1,0,1,1,0,1,1,1,1,0,0,0
3911,1.56409250957776,1,1,1,1,1,0,1,1,1,1,1,1,0,1,1
3912,-0.0667074503865739,1,1,1,0,0,0,1,1,1,0,0,1,0,0,0
3913,0.749436208925078,1,1,1,1,0,1,1,1,1,1,1,1,0,1,1
3914,0.862036598238205,1,1,1,1,0,1,1,1,1,1,1,1,0,1,1
3915,0.162167245797646,0,0,1,1,1,0,1,1,1,1,0,1,0,0,0
3916,-0.437755471691374,0,1,0,0,0,0,1,0,1,1,1,1,0,0,1
3917,0.710137596441111,1,1,1,1,0,0,1,1,1,1,1,1,1,1,1
3918,0.464090995550841,0,0,1,0,0,0,1,0,1,1,1,1,0,0,1
3919,0.342397015007702,0,1,1,1,0,0,1,1,1,1,1,1,0,0,1
3920,-1.04479371383963,0,0,0,1,0,0,0,1,1,0,0,1,0,0,0
3921,1.01313387759753,0,0,0,1,1,1,0,1,1,0,1,1,1,0,0
3922,-0.994366929994381,0,0,0,1,0,0,0,0,0,1,1,1,0,0,0
3923,0.358185586808451,0,0,0,1,0,0,1,1,1,1,1,1,0,0,1
3924,0.796198232095688,1,1,1,1,1,0,1,1,1,1,1,1,0,0,0
3925,0.522742079647588,1,1,1,1,0,1,0,0,1,1,1,1,0,0,1
3926,0.633965297055061,0,1,1,1,0,0,1,1,1,1,1,1,1,0,1
3927,-0.190051056490552,0,1,1,1,0,0,0,1,1,1,1,0,0,1,1
3928,-0.19889950147743,0,1,1,0,0,0,1,1,1,1,0,1,0,0,0
3929,-1.19097197620821,0,0,0,0,0,0,0,0,0,0,0,0,0,0,0
3930,0.811152623799754,0,1,0,1,0,1,1,1,1,1,1,1,0,0,1
3931,-0.0950492587530519,0,1,1,1,0,0,0,0,1,1,1,1,0,0,1
3932,-0.61460163919459,0,1,1,1,0,0,1,1,0,1,1,1,0,0,0
3933,0.100841225013105,0,1,1,1,1,1,1,1,1,1,1,1,0,1,0
3934,-0.404132830528366,1,1,1,0,0,0,1,1,1,1,1,1,0,0,0
3935,0.20402479387483,1,1,1,0,1,1,1,1,1,1,1,1,0,0,0
3936,1.09776995901932,1,1,1,1,0,0,1,1,1,1,1,1,1,1,1
3937,0.631104856329523,1,1,1,1,0,1,1,1,1,1,1,1,0,0,0
3938,0.282421346963062,0,1,0,0,0,0,1,1,1,1,1,1,0,0,0
3939,-0.869720870203737,0,0,0,1,0,0,0,0,0,0,0,0,0,0,0
3940,1.41143481911656,1,1,1,1,0,1,1,1,1,1,1,1,0,1,1
3941,0.933028922144888,1,1,1,1,1,1,1,1,1,1,1,1,1,1,0
3942,0.33951225768357,0,1,0,1,0,0,1,1,1,1,1,1,1,0,1
3943,-1.96570617290421,0,0,0,1,0,0,0,1,0,0,1,0,0,0,0
3944,0.76773189373064,1,1,1,1,1,0,1,1,1,1,0,1,1,1,1
3945,0.608673384800746,1,1,0,1,1,1,1,1,1,1,1,1,0,1,1
3946,0.437876017204688,1,1,0,1,0,0,1,1,1,1,1,1,0,0,1
3947,0.418060864064266,0,1,1,1,1,0,1,1,1,1,0,1,0,0,1
3948,-0.694969890197527,0,0,0,0,0,1,1,1,1,1,1,1,0,0,1
3949,0.282680475033275,1,1,1,0,0,0,1,1,1,1,1,1,0,1,0
3950,0.502405520561601,1,1,1,1,0,0,1,1,1,1,0,1,0,0,1
3951,2.92269700410769,1,1,1,1,1,0,1,1,1,1,1,1,1,1,1
3952,-0.430150055260508,0,1,1,1,1,0,1,1,1,0,1,1,0,0,0
3953,0.921787551955301,1,1,1,1,0,0,1,1,1,1,1,1,1,0,0
3954,0.447232853378826,0,1,0,1,0,0,1,1,1,1,1,1,0,0,1
3955,-0.460499534075371,0,1,1,1,1,0,0,1,0,1,1,1,0,1,0
3956,0.381094444779702,1,1,1,1,1,0,1,0,1,1,1,1,1,0,1
3957,0.0616648329610739,0,1,1,1,0,1,1,1,1,1,0,1,0,1,1
3958,0.115515085109743,0,1,0,1,1,1,0,1,1,1,1,1,0,0,0
3959,2.26108458176807,1,1,1,1,0,0,1,1,1,1,1,1,0,1,1
3960,-1.11821439441115,0,1,0,0,0,0,0,1,0,1,1,1,0,0,1
3961,2.22768307905934,1,1,1,1,1,1,1,1,1,1,1,1,1,1,1
3962,0.0693852709623201,0,1,0,0,0,1,1,1,1,1,1,1,0,0,1
3963,0.64950663159298,0,1,1,1,1,0,1,1,1,1,1,1,0,0,1
3964,-0.589746289868044,0,0,1,0,0,0,1,1,1,1,1,1,0,0,1
3965,-0.260032627730938,1,1,0,1,0,1,1,0,1,1,0,1,0,0,0
3966,-0.890063067764379,0,1,0,0,0,0,1,1,0,1,0,1,0,0,0
3967,-0.0801419079303725,1,1,0,1,0,0,1,1,1,0,0,1,0,0,0
3968,-0.279898181013011,1,1,0,0,0,0,1,1,1,1,0,1,0,0,1
3969,0.11307293135585,1,1,1,1,0,1,1,1,1,1,0,1,0,0,1
3970,0.954341272583421,0,1,1,1,0,1,1,1,1,1,1,1,1,1,1
3971,-0.71647178747856,0,0,0,0,0,0,1,1,0,1,1,1,0,0,0
3972,-0.218065190619523,0,1,0,1,0,0,1,1,1,1,1,1,0,0,0
3973,-1.07979159136591,0,1,0,0,1,0,1,1,0,1,1,1,0,0,0
3974,-0.404701446713666,0,1,0,0,0,0,0,1,1,1,0,1,0,0,1
3975,0.957146214176814,1,1,0,1,1,0,1,1,1,1,1,1,0,0,1
3976,-0.628712781437871,0,1,0,1,0,0,0,1,1,1,1,1,0,0,1
3977,0.0647147265777949,1,0,0,1,0,0,1,1,1,1,1,1,0,0,1
3978,-0.612739367043861,0,0,0,0,0,0,0,0,1,0,1,1,0,0,1
3979,1.18336000939684,1,1,0,1,1,0,1,1,1,1,1,1,0,0,1
3980,-0.241750826303903,0,1,1,1,0,1,1,1,1,1,0,1,0,0,0
3981,0.377201451273445,0,1,1,1,1,1,0,0,1,1,1,1,0,0,1
3982,-0.547310605940476,0,1,0,0,0,0,1,1,1,1,1,0,0,0,0
3983,0.381135395824004,1,1,0,1,1,1,0,1,1,1,0,1,0,0,1
3984,1.92065411733298,1,1,1,1,1,1,1,1,1,1,1,1,1,1,1
3985,0.0875044820082278,1,0,1,1,0,0,1,1,1,1,0,1,0,1,1
3986,0.166861285903918,1,1,1,1,0,1,1,1,1,1,0,1,0,0,1
3987,0.281835270885445,1,1,0,0,0,1,1,1,1,1,1,1,1,0,1
3988,-0.423318122354811,0,1,0,0,0,1,0,1,1,0,1,1,0,1,0
3989,1.52082230737811,1,1,0,1,1,0,1,1,1,1,1,1,1,0,1
3990,0.330919579089863,1,1,1,1,0,0,1,1,1,1,1,1,0,1,0
3991,0.178300590493678,0,1,0,1,0,0,1,1,1,0,1,1,1,0,1
3992,0.565250782170656,1,1,1,1,0,0,0,1,1,1,1,1,1,1,1
3993,0.662676513880792,1,0,1,1,0,0,1,1,1,1,1,1,1,1,1
3994,0.205965101155525,1,1,1,1,1,0,1,1,1,1,1,1,1,0,0
3995,0.320073245536471,1,1,1,1,0,0,1,1,1,1,1,1,0,1,1
3996,-0.709355103922344,0,1,0,0,0,0,1,1,1,0,1,1,0,0,0
3997,-0.321020377244402,0,1,1,1,0,0,0,1,0,1,1,1,0,0,1
3998,-1.90590587879378,0,0,0,0,0,0,1,1,1,0,0,0,0,0,0
3999,1.26043782901155,1,1,1,1,1,1,1,1,1,1,1,1,1,1,1
4000,0.85821119696183,1,1,1,1,0,1,1,1,1,1,1,1,0,1,1
4001,-1.03875835939034,0,1,1,1,0,0,0,1,1,0,1,1,0,0,0
4002,-0.394771184076345,0,0,1,1,0,0,1,0,1,1,1,1,0,0,0
4003,0.702773797590615,1,1,1,1,1,0,1,1,1,1,1,1,0,1,1
4004,0.0928543072493209,0,1,0,1,0,0,1,1,1,1,1,1,1,0,1
4005,-0.171097832926375,0,1,1,1,0,0,1,0,1,1,1,1,0,1,1
4006,-0.0737791611416429,0,1,0,0,0,0,1,0,1,1,1,1,0,0,0
4007,0.45262912509947,0,1,1,1,1,0,1,0,1,1,1,1,0,0,1
4008,-0.00893696848039106,1,1,0,1,0,0,1,1,1,1,1,1,0,0,1
4009,-1.17816710505467,0,1,0,1,0,0,1,1,1,0,0,1,0,0,0
4010,2.52791328235888,1,1,0,1,1,1,1,1,1,1,1,1,1,1,1
4011,0.463788356456944,0,1,1,1,0,0,1,1,1,1,1,1,0,0,0
4012,1.40547186617248,1,1,0,1,1,1,1,1,1,1,1,1,1,1,1
4013,-0.504332320022999,0,1,1,1,0,0,0,0,0,1,0,1,0,0,0
4014,0.990910166163413,1,1,1,0,1,1,1,1,1,1,1,1,0,1,1
4015,0.0350150604057883,1,1,0,1,0,0,1,1,1,1,1,1,0,0,1
4016,0.69780069514212,1,1,1,1,1,0,0,1,1,1,1,1,0,1,1
4017,-0.142983130131287,1,1,0,1,0,1,1,1,1,1,1,1,0,0,0
4018,1.22694120361545,0,1,1,1,0,0,1,1,1,1,1,1,0,1,0
4019,-0.92197733455019,0,0,1,0,0,0,1,1,0,1,0,1,1,0,1
4020,0.897710951962558,1,1,1,1,1,1,1,1,1,1,1,1,0,1,1
4021,0.820697202178301,1,1,1,0,0,1,1,1,1,1,1,1,1,0,1
4022,-0.138575197469293,0,1,0,1,0,0,1,0,1,1,0,1,0,0,0
4023,-0.304369181032881,0,1,1,0,0,0,1,1,1,1,1,1,1,0,1
4024,-1.06159487922321,0,0,1,0,0,0,1,1,1,0,1,0,0,0,0
4025,1.16797118629267,1,1,0,1,1,0,1,1,1,1,1,1,0,0,1
4026,-0.676679246650603,0,0,1,0,0,0,0,0,1,0,1,1,0,0,0
4027,1.63747303799132,1,1,1,1,1,1,0,1,1,1,1,1,1,1,1
4028,0.866008175655142,1,1,1,1,1,1,1,1,1,1,1,1,0,1,1
4029,0.649367439251297,1,1,0,1,1,0,1,0,1,1,1,1,0,0,1
4030,1.72438644814746,1,1,1,1,1,1,1,1,1,1,1,1,0,1,1
4031,0.0878263327835548,1,1,0,0,1,0,1,1,1,1,1,1,0,0,1
4032,0.122438261289928,0,1,0,0,0,0,1,1,1,1,1,1,0,0,0
4033,-0.832776099313043,0,0,0,0,0,0,1,1,0,0,1,0,0,0,0
4034,1.1737508828078,1,1,1,1,0,0,1,1,1,1,1,1,0,1,1
4035,0.771232039073998,1,1,0,1,0,0,1,0,1,1,1,1,0,1,1
4036,-1.50564118404102,0,1,0,1,0,0,0,1,0,1,0,0,0,0,0
4037,-0.495915002300818,1,1,1,1,1,0,1,0,0,1,0,1,0,0,0
4038,1.13303582197686,1,1,1,1,1,1,1,1,1,1,1,1,0,0,1
4039,1.4371693932686,1,1,1,1,1,1,1,1,1,1,1,1,1,1,1
4040,2.13699317311187,1,1,1,1,1,0,1,1,1,1,1,1,0,1,1
4041,1.64752564413673,1,1,1,1,0,1,1,1,1,1,1,1,1,1,1
4042,-0.978567276467572,0,1,0,0,0,0,0,0,1,0,0,1,0,0,0
4043,-0.0375413637834089,0,1,0,0,0,1,1,1,1,0,1,1,0,0,1
4044,0.936552735089357,1,1,1,1,0,0,1,1,1,1,1,1,0,0,1
4045,1.71550999894652,1,1,1,1,1,1,1,1,1,1,1,1,1,1,1
4046,0.637985545385521,0,1,1,1,0,0,1,1,1,1,1,1,0,0,1
4047,-0.422765280669181,0,1,0,0,0,0,1,0,1,1,1,1,0,0,0
4048,1.5495594887436,1,1,0,1,1,0,1,1,1,1,1,1,1,0,1
4049,0.827149508556637,0,1,0,1,0,0,1,1,1,1,1,1,0,1,1
4050,-0.499046173482242,0,0,1,0,0,1,1,1,1,1,0,1,0,0,1
4051,-0.247165721728118,0,0,0,0,0,0,1,1,1,1,1,1,0,0,0
4052,1.51303385522366,1,1,0,1,1,1,1,1,1,1,1,1,1,0,1
4053,-0.668501012170295,0,0,0,1,0,1,0,1,1,1,0,1,0,0,0
4054,1.54773811681673,1,1,1,1,0,1,1,1,1,1,1,1,0,1,1
4055,-1.15320246490212,0,1,0,0,0,0,1,0,0,0,0,1,0,0,0
4056,-2.22381931153501,0,0,0,0,0,0,1,1,0,0,0,0,0,0,0
4057,1.00198534841256,1,1,1,1,0,1,1,1,1,1,1,1,1,0,1
4058,-0.217473068404052,0,1,1,1,0,0,1,0,1,1,1,1,0,0,1
4059,0.299011360869634,0,1,1,1,0,0,1,1,1,1,0,1,0,1,1
4060,-0.968517673833344,0,1,0,0,0,0,0,0,0,0,1,1,0,0,0
4061,0.480758570252482,0,1,1,1,0,0,1,1,1,1,1,1,0,0,1
4062,-0.68269244877096,0,1,1,1,0,0,1,1,1,1,1,1,0,0,0
4063,0.712373907024503,1,1,0,1,0,0,1,1,1,1,1,1,0,0,0
4064,-1.49790907771512,0,1,0,0,0,0,1,0,1,0,1,0,0,0,0
4065,0.93591715323974,0,1,0,1,0,1,1,1,1,1,1,1,0,1,0
4066,0.0159664841701033,1,0,1,1,0,0,1,0,1,1,1,1,1,0,0
4067,-0.40709158010081,1,0,0,0,0,0,1,1,1,1,1,1,0,0,0
4068,0.618630017893246,1,1,1,1,1,1,1,1,1,1,1,1,0,1,1
4069,-0.209080733520714,0,1,1,1,0,0,1,0,1,0,1,1,1,0,0
4070,-0.657469603459047,1,1,0,1,1,0,1,1,1,1,0,1,0,0,1
4071,0.552322134267353,1,1,1,1,1,1,0,1,1,1,1,1,1,1,1
4072,0.234768246749409,0,1,0,1,0,0,1,0,1,1,1,1,0,0,1
4073,-1.02591376126053,0,1,0,0,0,0,1,1,1,1,0,1,0,0,1
4074,1.24304875402105,1,1,1,1,1,1,1,1,1,1,1,1,1,1,1
4075,-0.0434038111820595,1,1,0,0,1,1,1,1,1,1,1,1,0,0,1
4076,-0.0409415432791783,1,0,1,1,0,0,1,1,1,1,1,1,0,0,0
4077,-1.0490193835027,0,0,0,1,0,0,1,1,1,0,1,1,0,0,0
4078,-0.0721759314773509,1,1,0,0,0,0,0,1,1,1,0,1,0,1,0
4079,0.52255776818241,0,1,0,1,1,1,0,0,1,1,0,1,0,0,1
4080,-0.297118791102366,0,1,0,1,0,0,1,1,1,1,1,1,0,0,0
4081,-2.0120318821562,0,0,0,0,0,0,0,1,0,0,0,0,0,0,0
4082,0.0714018965585471,1,1,1,1,0,1,0,1,1,1,1,1,0,0,1
4083,-0.214363779110069,0,1,1,1,1,0,1,0,1,1,1,1,0,0,0
4084,0.712647467025748,1,1,1,1,1,0,1,1,1,1,1,1,0,0,1
4085,-0.679368187916506,1,0,0,1,0,0,0,1,1,1,1,1,0,0,0
4086,0.862441570658778,1,1,1,1,0,0,1,1,1,1,1,1,1,1,1
4087,-0.0411877790476267,0,0,1,1,0,1,1,1,1,1,0,1,0,0,0
4088,-0.555854593750003,0,1,1,1,0,0,1,1,1,1,1,1,0,0,0
4089,0.53081388813959,1,1,1,1,0,1,1,1,1,1,1,1,0,0,1
4090,1.04767354081803,1,1,1,0,0,1,1,1,1,1,1,1,0,0,1
4091,0.412479973747213,0,1,1,1,1,0,1,1,1,1,1,1,0,0,0
4092,0.828183625544164,0,1,0,1,0,1,0,1,1,1,1,1,1,0,1
4093,-1.74861283404423,0,0,1,0,0,0,0,1,0,0,0,1,0,0,0
4094,-0.732960525151607,0,0,0,0,0,0,1,1,1,0,1,0,0,0,0
4095,-1.08454658170012,0,0,0,1,0,0,0,0,1,0,1,1,0,0,0
4096,0.522883504411299,0,1,1,0,1,0,1,1,1,1,1,1,0,0,0
4097,0.854117260198602,1,1,0,1,1,1,1,1,1,1,1,1,1,0,1
4098,-0.70064305652067,0,0,0,1,0,0,1,1,1,1,0,1,0,0,0
4099,1.22511208282989,1,1,0,1,0,0,1,1,1,1,1,1,0,0,1
4100,-0.697755700543262,0,1,1,1,0,0,1,1,1,1,1,1,0,0,1
4101,0.937056921509558,0,1,0,1,1,1,1,1,1,1,1,1,0,1,0
4102,-0.863157814429914,0,1,0,1,0,0,1,1,1,0,0,1,0,0,0
4103,-1.22565054420931,0,0,0,1,0,0,1,1,0,0,1,0,0,0,0
4104,-1.11170716767416,0,0,0,0,0,0,1,1,0,1,1,1,0,0,0
4105,-0.598388497232898,0,0,0,0,0,0,1,1,1,1,1,0,0,0,0
4106,1.57170867304237,1,1,1,1,1,1,1,1,1,1,1,1,1,1,1
4107,1.69164160343594,1,1,0,1,1,1,1,1,1,1,1,1,0,0,1
4108,-1.40064532419908,0,0,0,1,0,0,0,1,1,0,0,1,0,0,0
4109,-0.355992846236308,0,1,1,1,0,0,1,1,1,1,1,1,0,1,1
4110,-0.241926083556888,1,1,0,1,0,0,1,1,1,1,0,1,0,0,1
4111,0.403916687498128,1,1,0,1,0,0,1,0,1,1,1,1,1,1,0
4112,0.220343947785642,1,1,1,0,0,0,0,1,1,1,0,1,0,0,0
4113,0.176667809483728,0,1,0,1,0,0,1,1,1,1,1,1,0,0,1
4114,-1.92994671259144,0,0,0,0,0,0,0,0,0,0,0,0,0,0,0
4115,-0.400821539744967,0,1,0,0,0,0,0,1,1,1,1,1,1,0,1
4116,0.458501979583194,1,1,1,1,0,1,1,1,1,1,1,1,1,0,1
4117,-0.331474928306403,1,1,1,0,0,0,0,1,1,1,1,1,0,0,0
4118,-0.706562481790337,0,0,0,1,1,0,1,1,1,1,1,1,0,0,0
4119,-0.546937607974554,0,1,0,1,0,1,1,1,1,0,0,1,0,0,0
4120,-2.22492047677867,0,0,0,0,0,0,0,0,0,0,0,0,0,0,0
4121,-0.828236046495959,0,0,0,0,0,0,0,0,1,0,0,1,0,0,1
4122,1.68564820465318,0,1,1,1,1,0,1,1,1,1,1,1,1,0,1
4123,0.299154713804653,1,1,0,0,1,0,1,1,1,1,1,1,1,0,1
4124,0.370385195076396,1,0,1,1,0,0,1,1,1,1,1,1,0,0,1
4125,0.101005906483524,0,0,1,1,1,0,1,0,1,1,0,1,1,0,0
4126,-1.35327616646243,0,0,0,0,0,0,1,1,0,0,1,0,0,0,0
4127,1.10204058874903,1,1,1,1,0,1,1,1,1,1,1,1,0,1,1
4128,0.386850905566035,1,1,0,1,0,0,1,1,1,0,1,1,0,0,1
4129,0.00414350776166899,0,1,1,1,1,0,1,1,1,1,1,1,0,0,1
4130,-1.6607788976385,0,0,0,0,0,0,0,1,0,0,1,0,0,0,0
4131,1.14291381895649,1,1,1,1,1,1,1,1,1,1,1,1,1,0,1
4132,-0.271066407934256,0,1,0,1,0,0,1,1,1,1,1,1,0,1,1
4133,2.07107570550044,1,1,1,1,0,1,1,1,1,1,1,1,0,1,1
4134,-1.14747565416412,0,0,0,0,0,1,1,0,1,0,1,1,0,0,0
4135,-1.68313658534393,0,1,0,0,0,0,0,0,0,0,0,0,0,0,0
4136,-0.79206310207961,0,0,1,0,0,1,1,1,1,0,1,1,0,0,1
4137,0.387429900798986,0,1,1,1,1,0,1,1,1,1,1,1,0,1,1
4138,-0.867144362336378,0,1,1,1,0,0,1,1,1,0,0,1,1,0,0
4139,-1.77763279793632,0,0,0,0,0,0,0,0,0,0,0,1,0,0,0
4140,-0.606334663221869,0,0,0,0,0,0,1,1,1,0,0,1,0,0,1
4141,0.206718528412446,0,1,0,1,1,1,1,1,1,1,1,1,0,0,1
4142,2.4330553021154,1,1,1,1,1,1,1,1,1,1,1,1,1,1,1
4143,-1.20522043211485,0,0,0,0,0,0,0,0,0,0,0,1,0,0,0
4144,-0.774250794964957,0,0,0,1,0,0,1,1,1,0,1,1,0,0,0
4145,-0.653396915062458,0,0,0,0,0,1,1,0,1,1,0,1,0,0,1
4146,0.595554438524948,1,1,0,1,0,0,1,1,1,1,1,1,0,0,0
4147,0.994431814029718,1,1,1,1,1,1,1,1,1,1,1,1,0,0,1
4148,0.6396845023631,1,1,1,1,0,0,1,1,1,1,0,1,0,1,0
4149,0.345022265585767,0,1,1,1,0,0,1,1,1,1,1,1,0,0,0
4150,1.36502620842453,1,1,1,1,1,0,1,1,1,1,1,1,0,1,1
4151,-0.378040144521217,1,1,1,0,0,0,1,1,1,1,0,1,0,0,0
4152,-0.177280791028266,0,1,1,0,0,0,1,0,1,1,1,1,0,0,1
4153,0.634611119056866,1,1,1,1,1,0,1,1,1,1,1,1,1,0,0
4154,-0.0193395197154811,0,1,1,1,1,1,1,1,1,1,0,1,0,0,1
4155,2.01391013217593,1,1,1,1,1,1,1,1,1,1,1,1,1,1,1
4156,1.65996245943759,1,1,1,1,1,1,1,1,1,1,1,1,0,1,1
4157,-0.19506049713466,1,0,1,1,1,1,1,0,1,1,1,1,1,0,1
4158,0.60955207897042,1,1,0,1,1,1,1,1,1,1,1,1,0,0,1
4159,-0.546836856050414,0,0,1,0,0,0,1,0,1,1,1,1,0,0,1
4160,0.455513750460407,1,1,0,0,1,0,1,0,1,1,1,1,0,1,1
4161,0.36219668845411,1,1,1,0,0,1,1,0,1,1,1,1,0,0,1
4162,-1.70252875092627,0,1,1,0,0,0,0,1,0,0,0,1,0,0,0
4163,1.09059855236655,1,1,1,1,0,1,1,1,1,1,1,1,1,0,1
4164,1.3650893227168,1,1,1,1,0,0,1,1,1,1,1,1,0,0,1
4165,0.915282339221691,1,1,0,1,1,0,1,1,1,1,1,1,0,1,1
4166,-0.247115055368701,0,1,1,1,0,0,1,1,1,1,1,1,0,0,0
4167,1.04375068585515,1,1,1,1,0,0,1,1,1,1,1,1,0,1,1
4168,0.565497156809317,0,0,0,1,1,0,1,1,1,0,1,1,0,0,0
4169,0.214436460987136,0,0,1,1,0,0,0,1,1,1,1,1,0,0,0
4170,-0.28724890968143,1,0,1,1,0,1,1,0,1,0,1,1,0,0,1
4171,0.624276689254288,1,0,1,1,0,1,1,0,1,1,1,1,0,0,1
4172,0.880439211903509,1,1,1,1,1,0,1,1,1,1,1,1,0,1,1
4173,-1.33428491268146,0,0,0,0,0,0,1,0,1,0,1,1,0,0,0
4174,1.08622383859535,1,1,1,1,1,0,1,0,1,1,0,1,0,0,1
4175,-0.0903376973971804,1,1,1,0,0,0,1,1,1,1,1,1,0,0,0
4176,1.76298630670737,1,1,1,1,1,1,1,1,1,1,1,1,0,1,1
4177,-0.342477748640532,0,0,0,0,0,0,1,1,1,1,1,1,0,0,0
4178,0.663177395774547,0,1,0,1,0,0,1,1,1,1,1,1,0,0,1
4179,-0.883804608354564,0,0,0,1,0,0,1,1,1,0,0,1,0,0,1
4180,0.298552314608908,1,1,1,1,0,0,1,1,1,1,1,1,0,0,1
4181,1.32842404120898,1,1,1,1,0,1,1,1,1,1,1,1,0,0,1
4182,-0.798353599516335,0,1,0,1,0,0,0,1,1,1,1,1,0,0,0
4183,-0.889529780621756,0,1,1,0,0,0,1,1,1,0,1,1,0,0,0
4184,-2.47452909289397,0,0,0,0,0,0,0,0,0,0,0,0,0,0,0
4185,-0.220676008314095,0,1,1,0,0,0,1,1,1,1,1,1,0,0,1
4186,0.39985071653109,1,1,1,1,0,0,1,0,1,1,1,1,0,1,1
4187,0.880646134594654,1,1,1,1,0,1,1,0,1,1,1,1,0,1,1
4188,0.853759441989224,1,1,1,1,0,0,1,1,1,1,1,1,0,1,1
4189,0.761479252861002,1,1,0,1,1,1,1,1,1,1,1,1,0,1,0
4190,1.47251559972249,1,1,1,1,0,0,1,1,1,1,1,1,0,1,1
4191,0.275904427249858,0,1,0,1,0,1,1,1,1,1,0,1,0,0,0
4192,0.392246382165009,1,1,0,1,0,0,1,1,1,1,1,1,0,0,1
4193,1.61206602616731,1,1,1,1,1,1,1,1,1,1,1,1,1,0,1
4194,-0.0618728253814372,0,0,0,1,1,0,0,0,1,1,0,1,0,0,1
4195,0.195234431877994,0,1,0,0,1,0,1,0,1,1,1,1,0,0,0
4196,-0.686233543584575,0,0,0,0,0,0,0,1,1,1,1,1,0,0,0
4197,0.209145176841506,0,1,0,1,0,0,1,1,1,1,0,1,0,0,1
4198,0.103010293071316,0,1,1,1,0,0,0,1,1,1,1,1,0,1,1
4199,-0.531397151278702,0,1,1,1,0,1,1,1,1,1,1,1,0,1,0
4200,0.216984390165915,0,1,0,1,1,0,1,1,1,1,1,1,0,0,0
4201,-0.450309135158064,1,1,1,1,0,0,1,1,0,0,1,1,0,0,0
4202,-0.498717665936817,0,1,0,0,0,0,1,0,1,0,1,1,0,0,1
4203,-0.509713464482636,0,0,1,1,0,0,1,1,1,0,1,1,0,0,1
4204,1.21054504415628,1,1,1,1,1,0,1,1,1,1,1,1,0,0,1
4205,-0.574167406234931,0,1,1,1,0,0,0,1,0,1,0,1,0,0,0
4206,0.152773516960411,1,1,0,1,0,1,1,0,1,1,1,1,0,1,1
4207,0.214325697992859,1,1,1,1,0,1,1,1,1,1,1,1,0,0,0
4208,0.352577926222453,1,1,1,1,0,1,1,0,1,1,1,1,0,0,1
4209,-0.193261399615299,0,1,1,1,0,0,1,1,1,0,1,1,0,0,0
4210,0.543875748749427,1,1,1,1,0,0,1,1,1,1,1,1,0,0,1
4211,1.29559312268192,1,1,1,1,1,1,1,1,1,1,1,1,0,1,1
4212,0.699625646571867,0,1,0,1,0,0,1,1,1,1,1,1,1,0,1
4213,-0.718352073260292,1,1,1,1,0,0,1,1,1,1,0,1,0,0,0
4214,1.2668102612045,1,1,1,1,1,1,1,1,1,1,1,1,1,1,1
4215,0.859715105247029,1,1,1,0,0,0,0,1,1,1,1,1,0,1,1
4216,-1.1145754321165,0,0,0,1,0,0,0,1,1,1,0,1,0,0,0
4217,-0.79231417772745,0,0,0,1,0,0,1,0,0,0,1,1,0,0,0
4218,-1.01405277584043,0,1,1,1,0,0,1,0,0,0,1,1,0,0,0
4219,0.977215293335766,1,1,1,1,1,1,1,1,1,1,1,1,0,1,0
4220,0.103661624844021,0,1,0,1,0,1,1,0,1,1,1,1,0,0,1
4221,0.166654019293395,0,1,1,0,1,0,0,1,1,1,0,1,0,0,1
4222,-0.977734436475036,0,0,0,0,0,0,0,1,1,1,0,0,0,0,0
4223,0.716009306180453,0,1,1,1,1,1,1,1,1,1,1,1,1,1,1
4224,1.66689939273364,1,1,0,1,1,1,1,1,1,1,1,1,0,1,1
4225,-0.292451330005502,0,1,0,0,0,0,1,1,0,1,1,1,0,0,0
4226,0.659804531586829,0,1,1,1,1,0,1,1,1,1,1,1,1,0,0
4227,0.528989304377616,1,1,1,1,0,1,1,1,1,1,1,1,1,0,0
4228,-1.84019092988219,0,0,0,0,0,0,1,1,1,0,1,0,0,0,0
4229,0.410141158581191,0,1,0,0,0,1,1,0,1,1,1,1,0,0,1
4230,-0.90881634028872,0,1,1,1,0,0,1,1,0,1,0,1,0,0,1
4231,1.02193543163311,1,1,1,1,0,1,1,1,1,1,1,1,0,1,1
4232,-0.695516202438336,0,1,0,1,0,0,1,0,1,1,1,0,0,0,1
4233,-0.19259959233194,0,0,0,1,0,0,1,1,1,1,0,1,0,0,0
4234,-0.140341737120906,0,1,0,0,0,0,0,0,1,1,1,1,0,1,1
4235,-0.0205121355601768,0,1,0,1,0,0,0,0,1,1,1,1,0,0,1
4236,-0.446837360449378,0,1,1,0,0,1,1,1,1,1,1,0,0,0,0
4237,0.300690309072437,1,1,1,1,0,0,1,1,1,1,1,1,0,0,1
4238,-1.16726320612876,0,0,1,0,0,0,1,1,0,1,1,0,0,0,0
4239,0.839591961939537,1,1,1,1,0,1,1,1,1,1,1,1,1,1,1
4240,-0.791618972760194,0,0,0,0,0,0,1,0,0,0,1,1,0,0,0
4241,-1.27507671728361,0,0,1,0,0,0,1,0,0,0,0,0,0,0,0
4242,-0.481042190191446,0,1,1,1,0,0,0,0,1,1,1,1,0,0,1
4243,0.925806903892859,1,1,1,1,0,1,1,1,1,1,1,1,0,0,1
4244,1.9342104430465,1,1,1,1,1,1,1,1,1,1,1,1,1,1,1
4245,-0.982859793332742,0,1,1,1,1,0,0,1,0,0,1,1,0,0,0
4246,0.386379380026691,1,1,1,1,0,1,1,0,1,1,1,1,0,0,0
4247,-1.47028581384262,0,0,0,0,1,0,0,0,1,0,1,1,0,0,0
4248,-1.62185742121562,0,0,0,0,0,0,1,1,1,0,1,0,0,0,0
4249,0.618462468986016,1,1,1,1,1,1,1,1,1,1,1,1,0,0,1
4250,0.581138070244712,1,1,1,1,1,0,1,1,1,1,1,1,1,0,1
4251,-0.736202333025568,0,0,1,0,0,0,1,0,1,0,0,1,0,0,0
4252,0.11322316495808,1,1,0,1,0,0,0,1,1,0,1,1,0,0,1
4253,1.01613430254729,1,1,1,1,0,1,1,1,1,1,1,1,1,1,1
4254,-0.757009122161782,0,1,0,1,0,0,1,1,1,1,1,1,0,0,0
4255,-0.796315903127268,0,0,1,1,0,1,0,1,0,0,0,1,1,0,0
4256,-0.466248384302177,0,1,1,1,0,0,1,1,1,1,1,1,0,0,1
4257,-0.58956873559452,0,1,1,0,0,1,0,1,0,1,0,1,0,0,0
4258,1.17374609624949,1,1,1,1,0,0,1,1,1,1,1,1,1,1,1
4259,2.22241661742755,1,1,0,1,1,1,1,1,1,1,1,1,1,1,1
4260,-0.0183611688464102,0,1,1,1,0,0,1,1,1,1,1,1,0,1,0
4261,0.159537021076225,0,1,0,1,0,0,1,1,1,1,1,1,0,0,1
4262,0.106152089003991,0,1,1,1,1,0,1,1,1,1,1,1,1,0,0
4263,-1.22090914219259,0,0,0,0,0,0,1,1,0,1,1,1,0,0,0
4264,-0.669791293674567,0,0,1,1,0,0,1,0,1,1,0,1,0,0,1
4265,1.35758335633636,1,1,1,1,0,1,1,0,1,1,1,1,0,1,1
4266,0.465878566440435,1,1,0,1,0,1,1,1,1,1,1,0,0,1,0
4267,-0.0453960111002789,0,1,0,1,0,0,1,0,1,1,1,1,0,0,0
4268,0.340022187765685,0,1,1,1,0,1,1,1,1,1,1,1,0,0,1
4269,-1.70253900822068,0,0,0,0,0,0,0,0,0,1,1,1,0,0,0
4270,-0.683184997185928,0,1,1,0,0,0,1,1,1,1,0,1,0,0,1
4271,-0.338873083072815,0,1,1,0,0,1,1,1,1,1,1,1,0,0,1
4272,0.279717425606986,0,0,0,1,1,0,1,0,1,1,1,1,0,0,1
4273,-0.719054469468233,0,0,0,1,0,0,1,1,1,1,0,1,0,0,1
4274,-0.450466463184183,0,1,0,1,0,0,0,1,1,1,1,1,0,0,0
4275,0.751010854235017,1,1,1,1,0,0,1,0,1,1,1,1,0,0,1
4276,-0.606643107332944,0,1,0,1,0,0,0,1,1,0,1,1,0,0,0
4277,1.22489113536736,1,1,1,1,1,1,0,0,1,1,1,1,0,1,1
4278,0.21725674275409,0,1,0,1,0,0,1,1,1,1,1,1,1,1,1
4279,2.06660917119962,1,1,1,1,1,1,1,1,1,1,1,1,1,1,1
4280,0.475977998439599,1,1,1,1,0,1,0,1,1,1,1,0,0,0,0
4281,-2.77750967643052,0,0,0,0,0,0,0,1,0,0,0,0,0,0,0
4282,0.166985661026551,1,1,0,1,0,1,1,1,1,0,1,1,0,0,0
4283,-1.03314682158781,0,1,0,0,0,0,1,0,1,0,0,1,0,0,0
4284,0.476184875893085,1,1,1,1,0,1,1,1,1,1,1,1,0,0,1
4285,0.00454804863101629,0,1,0,0,0,1,1,1,1,1,1,1,0,1,0
4286,-1.72622944368475,0,1,0,0,0,0,0,1,0,0,0,0,0,0,0
4287,0.163637313922442,0,1,1,1,0,0,1,0,1,1,1,1,0,0,1
4288,-0.832313364283313,0,0,1,0,0,0,0,0,1,0,0,1,0,0,0
4289,0.397795303694424,1,0,1,1,1,1,1,1,1,1,0,1,0,0,1
4290,-0.312099271553818,0,1,0,1,0,0,0,0,1,1,1,1,0,0,1
4291,1.54196807950564,1,1,1,1,0,1,1,1,1,1,1,1,1,1,0
4292,-2.79548639429422,0,0,1,0,0,0,0,0,0,0,0,0,0,0,0
4293,-0.275782325488009,1,0,0,1,0,0,0,1,1,1,1,1,0,1,0
4294,-0.115804580703416,0,1,0,1,0,0,0,0,1,1,1,0,0,0,1
4295,0.110609081897918,0,1,0,1,0,0,0,1,1,1,0,1,0,1,1
4296,-0.478897145927795,0,1,1,1,0,0,1,1,1,1,0,1,0,0,1
4297,-0.169346887646091,0,1,0,1,0,0,1,1,1,1,1,1,0,0,0
4298,-0.420316681228885,0,1,0,1,0,0,1,1,1,1,1,1,0,0,1
4299,-1.69146527639481,0,0,1,1,0,0,0,0,0,1,0,0,0,0,0
4300,1.2433113846225,1,1,0,1,1,0,1,1,1,1,1,1,0,1,1
4301,1.23844299387022,1,1,1,1,1,1,1,1,1,1,1,1,1,0,1
4302,0.74693032475809,1,1,1,1,1,1,1,0,1,1,0,1,0,1,1
4303,0.381617502548672,1,1,0,1,0,1,1,1,1,1,1,1,0,0,1
4304,0.375808440171183,1,1,0,0,1,0,1,1,1,1,0,1,0,0,1
4305,-0.27097171468024,0,1,1,1,0,0,1,1,1,1,1,1,0,0,0
4306,0.29207659346171,0,1,1,1,1,0,1,1,1,1,1,1,0,0,1
4307,-1.37406368459761,0,0,0,1,0,0,0,1,1,0,0,1,0,0,0
4308,-1.1478655301962,0,0,0,0,0,0,1,0,1,1,1,1,0,0,0
4309,-1.76280129649943,0,0,0,0,0,0,0,1,0,0,0,1,0,0,1
4310,-0.617887892135174,0,0,0,0,0,0,1,0,1,1,0,1,0,0,0
4311,-1.30917204896552,0,1,0,0,0,0,1,1,1,0,1,1,0,0,0
4312,1.37986558962933,1,1,0,1,1,1,1,1,1,1,1,1,1,1,1
4313,0.0990893638956523,0,1,0,1,1,0,0,1,1,1,1,1,1,0,1
4314,-0.880135591103443,1,1,0,0,0,0,1,0,1,0,1,1,0,1,0
4315,2.59315454424939,1,1,1,1,1,1,1,1,1,1,1,1,1,1,1
4316,0.547223468210542,1,1,0,1,0,0,0,1,1,1,1,1,1,0,1
4317,-0.235357143181036,0,0,0,0,0,0,1,1,1,1,1,1,0,0,1
4318,-0.435235135892075,0,0,1,1,0,0,1,1,1,1,1,1,0,0,1
4319,-3.21696994713076,0,0,0,0,0,0,0,0,0,0,0,0,0,0,0
4320,-0.595644662893624,0,1,0,1,1,0,1,1,1,1,1,1,0,0,1
4321,-2.22969097022744,0,0,0,0,0,0,0,0,0,0,1,0,0,0,0
4322,-0.478892376285334,0,0,1,1,0,0,1,0,0,0,1,1,0,0,0
4323,0.791922557305376,1,1,1,1,1,0,1,1,1,1,1,1,0,1,1
4324,1.26615519804668,1,1,1,1,1,0,1,1,1,1,1,1,1,1,1
4325,-0.676088842559421,1,1,0,0,0,0,1,1,1,0,1,1,0,0,1
4326,0.535184494851762,1,1,0,1,1,1,1,1,1,1,0,1,0,0,1
4327,0.0761676436325125,1,1,0,1,0,0,1,1,1,1,1,1,0,0,1
4328,-0.35800120889873,1,1,1,1,0,0,1,0,1,1,1,1,0,0,1
4329,-0.570986223084977,0,1,0,1,0,0,1,1,1,0,0,1,0,0,1
4330,-1.08916877323755,0,1,0,0,0,0,1,1,1,1,1,1,0,0,0
4331,1.54078628883244,1,1,0,1,1,1,1,1,1,1,1,1,1,0,1
4332,-0.449230176728913,0,0,0,0,0,0,1,0,1,0,1,1,0,0,1
4333,-0.75810735930322,0,0,0,1,0,0,1,1,1,0,0,1,0,0,0
4334,-1.18901445507361,0,0,1,0,0,0,0,0,0,0,0,1,0,0,0
4335,0.347581824420901,1,1,0,1,0,0,0,1,1,1,1,1,0,0,1
4336,-0.416928999885313,0,1,0,1,0,0,0,1,1,1,1,1,0,0,0
4337,-2.42144291023266,0,0,0,0,0,0,0,1,0,0,0,0,0,0,0
4338,0.430237489316507,0,1,0,1,0,0,0,1,1,1,1,1,0,1,1
4339,0.395273989629796,1,1,0,1,0,0,1,1,1,1,1,1,0,1,1
4340,-1.28437327854802,1,1,0,0,0,0,1,1,0,0,0,1,0,0,0
4341,-1.63211648079014,1,0,0,0,0,0,1,1,1,0,0,1,0,0,0
4342,1.10758628792702,1,1,1,1,0,1,0,1,1,1,1,1,0,1,1
4343,0.537852603597886,1,1,0,1,0,1,1,1,1,1,0,1,0,0,1
4344,0.364549667584666,0,1,1,1,1,0,1,1,1,1,1,1,0,0,1
4345,0.592815636582721,0,1,1,1,0,0,1,1,1,1,1,1,0,1,0
4346,0.511959250764007,0,1,1,1,1,1,1,1,1,1,1,1,0,0,1
4347,-0.75810735930322,0,0,0,0,0,1,0,0,1,1,0,1,0,0,0
4348,-0.739830536936838,1,0,0,0,0,0,0,1,1,1,1,1,0,0,1
4349,-0.216029100031045,0,1,0,1,0,0,1,1,1,0,1,1,0,0,1
4350,-0.546503770353696,0,1,0,1,0,0,1,0,1,1,0,1,0,0,0
4351,0.15887095947309,0,1,0,1,1,1,0,0,1,1,1,1,0,0,1
4352,-0.224680175384576,0,0,1,1,1,0,1,1,1,1,1,1,0,0,0
4353,1.40558766961463,1,1,0,1,0,0,1,1,1,1,1,1,1,1,0
4354,0.314639532889209,1,1,1,1,0,0,1,0,1,1,1,1,0,0,1
4355,-0.430145145568301,0,1,0,1,0,0,1,1,1,1,1,1,0,0,0
4356,0.0986488411462814,0,0,1,1,0,1,1,1,1,1,1,1,0,0,1
4357,-1.8884981308637,0,0,0,0,0,0,0,0,0,0,0,0,0,0,0
4358,-0.232639764569985,0,1,0,0,0,0,0,1,1,0,1,1,0,0,1
4359,-0.538560677923999,0,0,0,1,0,0,1,1,1,1,1,1,0,1,0
4360,-1.29054369066085,0,0,1,0,0,0,1,1,0,0,0,0,0,0,0
4361,-0.865739824336468,1,1,0,0,0,0,1,1,1,1,0,1,0,0,0
4362,-0.32848095491637,0,1,1,0,0,0,0,1,1,1,1,1,0,0,1
4363,0.414505117327704,0,1,1,1,0,0,1,1,1,1,0,1,0,0,1
4364,-0.41992459158188,0,1,0,0,0,0,1,1,1,1,0,1,0,0,0
4365,0.56284723436061,1,1,1,1,0,0,0,1,1,1,1,1,0,0,0
4366,0.695601958189821,0,1,0,1,1,1,1,1,1,1,1,1,0,0,1
4367,1.85341653270082,1,1,1,1,1,1,1,1,1,1,1,1,1,1,1
4368,-0.535560442421141,0,1,1,1,0,0,1,1,1,0,0,1,0,0,0
4369,-1.34716306767445,0,0,0,0,0,0,1,1,0,1,1,1,0,0,0
4370,-1.48966038777734,0,0,0,0,0,0,0,1,1,0,1,1,0,0,0
4371,1.35300164102928,0,1,1,1,1,1,1,1,1,1,1,1,1,0,0
4372,-0.803448454767752,0,0,1,0,0,1,1,1,0,1,0,1,0,0,0
4373,-0.782609170147314,0,1,0,0,0,0,1,0,1,1,1,1,0,0,1
4374,0.791526192030927,0,1,1,1,0,1,1,1,1,1,1,1,0,0,1
4375,-1.24376631112267,0,0,0,0,0,0,0,0,0,0,0,0,0,0,0
4376,-1.51978641139882,0,0,0,0,1,0,0,0,1,0,0,1,0,0,0
4377,0.372282761788331,0,1,0,0,0,1,1,1,1,1,1,1,0,0,1
4378,0.40055864884336,0,1,0,0,1,1,1,1,1,1,1,1,1,0,1
4379,1.16256403026855,0,1,0,1,1,0,1,1,1,1,1,1,1,1,1
4380,-1.47503640424228,0,1,0,0,0,0,0,1,0,0,0,1,1,0,0
4381,0.833086777758492,1,1,1,1,1,1,1,1,1,1,0,1,0,0,1
4382,-1.99630721183728,0,0,1,0,0,0,0,0,0,0,0,1,0,0,0
4383,0.698164035173097,1,1,1,1,1,0,1,1,1,1,1,1,0,1,0
4384,-0.481040069579415,0,0,1,0,0,0,1,1,0,1,1,1,0,0,0
4385,2.39994897265588,1,1,1,1,1,1,1,1,1,1,1,1,1,1,1
4386,0.672935036743253,0,1,0,1,0,1,1,0,1,1,0,1,1,0,0
4387,0.770155405179417,1,1,1,1,0,0,1,1,1,1,1,1,0,0,1
4388,-1.19131507571322,0,0,0,0,0,0,1,0,0,1,0,0,0,0,0
4389,-2.08877664146196,0,0,0,0,0,0,0,1,0,0,1,1,0,0,1
4390,0.531068984810189,1,0,1,1,0,1,1,1,1,1,1,1,0,0,0
4391,0.134914089399779,0,1,0,1,0,0,1,1,1,1,1,1,0,0,1
4392,-1.27915608665697,0,0,0,0,0,0,1,1,0,0,0,0,0,0,1
4393,-0.478434636258273,1,0,0,0,0,0,0,1,1,1,0,1,0,0,0
4394,-0.394798015502948,0,1,0,0,0,0,1,1,1,1,1,1,0,0,0
4395,1.29203695648951,1,1,1,1,0,0,1,1,1,1,1,1,0,1,1
4396,-0.0319687176409435,0,1,1,0,0,0,1,1,1,1,1,1,0,0,1
4397,2.42896840137331,1,1,1,1,1,1,1,1,1,1,1,1,1,1,1
4398,0.915469283761938,0,1,1,1,1,1,1,1,1,1,1,1,0,1,1
4399,0.284192488116392,0,0,0,1,0,0,1,0,1,0,1,1,0,1,1
4400,0.378471275337226,0,1,0,1,0,1,0,1,1,1,1,1,0,0,1
4401,-1.83886626360788,0,0,0,0,0,0,0,1,0,0,0,0,0,0,0
4402,0.0921894482359786,0,1,0,1,0,0,1,1,1,0,1,1,0,0,1
4403,-0.201116322507344,0,0,1,1,0,0,1,1,0,0,1,1,0,0,0
4404,-0.559405717903713,0,1,1,0,0,0,1,1,1,1,1,1,1,0,0
4405,-2.23311684149181,0,0,0,0,0,0,0,1,0,0,0,0,0,0,0
4406,0.103590657999682,0,1,0,1,1,0,0,1,1,1,1,1,0,0,1
4407,-0.455556809632665,0,1,0,1,1,0,0,1,1,1,1,1,0,0,1
4408,0.535184494851762,0,1,1,1,0,1,1,1,1,0,1,1,0,0,1
4409,-1.20530912431362,0,0,0,0,0,0,1,0,0,0,0,1,0,0,0
4410,0.3068607675342,1,1,1,1,0,0,1,0,1,1,1,1,0,0,1
4411,-0.372541969084457,0,1,1,1,0,0,1,0,1,1,1,0,0,0,0
4412,-0.00418043029734545,0,0,1,1,1,0,1,1,1,1,0,1,0,0,0
4413,-0.472978987627955,0,1,0,1,0,0,1,1,1,1,0,1,0,0,1
4414,-1.28963823191181,0,1,1,0,0,0,0,1,1,1,1,1,0,0,0
4415,-0.672250545769387,0,1,0,0,0,0,1,1,1,0,1,1,0,0,1
4416,-0.430093159872461,1,1,0,0,0,0,1,1,1,0,1,1,0,1,1
4417,-0.87704322486067,0,0,0,1,0,0,0,1,1,0,0,1,0,0,0
4418,0.148207014465677,0,1,1,0,0,0,1,1,1,1,1,1,0,0,1
4419,-1.90417322908057,0,0,0,1,0,0,1,0,0,0,0,0,0,0,0
4420,0.159238374204037,0,1,1,0,0,0,1,1,1,1,1,1,1,1,0
4421,-1.32806684662098,0,0,0,0,0,0,0,1,0,0,0,1,0,0,0
4422,-0.601955019627866,0,0,0,1,0,0,1,1,1,1,1,1,0,0,0
4423,-0.0455338317145966,0,1,1,1,0,0,0,1,1,1,1,1,0,0,0
4424,0.920468272613535,1,1,1,1,1,0,1,1,1,1,1,1,0,1,1
4425,1.80036175556233,1,1,1,1,1,1,1,1,1,1,1,1,0,0,1
4426,-0.470882381505429,0,0,0,0,0,0,0,1,1,0,1,1,0,0,0
4427,-0.479033703415743,0,1,0,1,0,0,1,1,0,1,1,1,0,0,0
4428,0.110640881832687,1,1,0,1,0,0,1,1,1,1,0,1,0,0,1
4429,0.273189676123777,0,1,1,1,0,0,1,1,1,1,0,1,0,0,0
4430,0.712097852379029,1,1,1,1,0,1,1,1,1,1,1,1,1,1,1
4431,0.929332551585676,0,1,1,1,1,0,1,1,1,1,1,1,1,0,1
4432,0.316285443914062,0,0,0,0,0,0,0,1,1,1,1,1,0,0,1
4433,-0.150768536674945,1,1,0,1,0,0,1,1,1,1,1,1,0,0,0
4434,0.874329784835424,1,1,1,1,0,0,1,1,1,1,1,1,0,0,1
4435,-1.87677094831426,0,0,0,1,0,0,1,0,0,0,0,1,0,0,1
4436,-0.126441850812519,0,1,1,1,0,0,1,1,1,1,0,1,0,0,1
4437,0.0186073153791996,1,0,1,1,0,0,1,1,1,1,1,1,0,0,0
4438,-0.757956139748045,0,1,1,0,0,0,1,1,1,0,0,1,0,0,0
4439,0.0878643046126604,1,1,0,0,0,0,0,1,1,1,1,1,0,0,0
4440,-0.833785369971691,0,0,0,0,0,0,0,1,1,0,1,1,0,0,0
4441,0.807459443409272,1,1,1,1,0,0,1,1,1,1,1,1,0,0,0
4442,2.05128060788405,1,1,1,0,1,1,1,1,1,1,1,1,1,1,1
4443,-0.206424413330347,0,1,0,1,0,0,1,1,1,0,1,1,0,0,1
4444,0.142914625716851,0,1,1,1,0,0,1,1,1,1,1,1,0,0,0
4445,-0.556576741112966,0,0,0,0,0,1,1,1,1,0,1,1,0,0,0
4446,-0.168772476985603,0,1,0,1,0,0,1,1,1,1,1,1,0,1,1
4447,0.0642910485299707,0,1,1,1,0,0,1,1,1,1,1,1,0,0,1
4448,-0.486691663482686,0,0,1,0,0,0,0,1,1,1,1,1,0,0,1
4449,0.760398699128284,1,1,1,1,0,1,1,1,1,1,1,1,1,0,1
4450,1.08174065237821,1,1,1,1,1,1,1,1,1,1,1,1,1,0,0
4451,-0.61523624041403,1,1,1,1,0,0,1,0,1,1,1,1,0,1,0
4452,0.519899422326644,0,1,1,0,0,0,1,1,1,1,1,1,0,0,1
4453,-0.13727072651185,0,1,0,0,1,1,1,1,1,1,1,1,0,0,1
4454,0.32802737298884,0,1,0,1,0,0,1,0,1,1,1,1,0,0,0
4455,-0.457823091528527,0,0,0,1,0,0,1,0,1,0,1,1,0,0,1
4456,-1.91952247958677,0,0,1,0,0,0,1,0,0,0,0,0,0,0,0
4457,0.281648600280913,0,1,1,1,1,0,1,1,1,1,0,1,0,1,1
4458,-1.35739583418873,0,0,0,0,0,0,1,0,1,0,0,1,0,0,0
4459,0.190136354584631,0,1,1,1,0,0,1,0,1,0,1,1,1,0,0
4460,0.28419500581549,0,1,1,1,1,0,1,1,1,1,0,1,0,0,1
4461,-1.79923896656178,0,0,0,0,0,0,0,0,0,0,0,1,0,0,0
4462,-1.15415456067699,0,0,0,0,0,0,1,0,0,1,0,1,0,0,0
4463,-1.57325326472168,0,0,1,0,0,0,0,0,1,0,0,0,0,0,0
4464,-1.4056827056493,0,0,1,0,0,0,1,1,0,1,0,1,0,0,0
4465,1.39854093961027,1,1,0,1,1,0,1,0,1,1,1,1,0,1,1
4466,-0.211157679905121,0,1,0,0,1,1,1,1,1,1,1,1,0,1,0
4467,-0.03024044978189,0,0,1,1,0,1,1,1,1,1,1,1,0,1,1
4468,-0.295487951777418,1,1,1,1,0,0,1,1,1,1,0,1,0,0,1
4469,-0.27333660080596,1,1,0,1,0,0,1,0,1,1,1,1,0,0,0
4470,-0.209080733520714,0,1,0,1,0,1,1,1,1,0,1,1,0,0,1
4471,-0.354911368006582,0,1,0,0,0,1,0,1,1,1,0,1,0,0,0
4472,0.273147677847095,0,1,1,1,1,1,1,0,1,1,0,1,0,0,1
4473,0.131687795147584,1,1,1,1,0,0,1,1,1,1,0,1,0,0,1
4474,2.54104107669666,1,1,1,1,1,1,1,1,1,1,1,1,1,1,1
4475,-2.36851807998198,0,1,0,0,0,0,0,0,0,0,0,1,0,0,0
4476,-0.150561336285174,1,1,1,1,0,0,0,1,1,1,1,1,0,1,0
4477,0.103657103813198,0,1,1,1,0,0,0,1,1,1,1,1,0,0,1
4478,0.104167488516111,0,1,0,1,0,0,1,1,1,1,0,1,0,0,0
4479,0.204063410680939,1,1,0,1,0,0,1,1,1,1,1,1,0,0,0
4480,2.06799741517236,1,1,1,1,1,1,1,1,1,1,1,1,1,1,1
4481,-0.0904377864486306,0,0,1,1,0,0,1,1,1,1,1,1,0,0,1
4482,1.03721566571431,1,1,0,0,1,0,0,0,1,1,1,1,1,1,1
4483,0.651137116481026,1,1,1,1,0,1,1,1,1,1,1,1,0,0,1
4484,-0.612739367043861,0,1,0,0,0,0,0,1,1,0,0,1,0,0,1
4485,-0.129554885281041,0,0,1,1,1,0,1,1,1,0,0,1,0,0,0
4486,-0.867102841139831,0,0,1,0,0,1,0,0,1,0,1,1,0,0,0
4487,-0.958068529866873,0,0,0,0,0,0,1,1,1,1,1,1,0,0,0
4488,-0.377462306577455,0,0,0,1,0,0,0,0,1,1,0,1,0,0,1
4489,1.34667215523531,1,1,1,1,1,0,1,1,1,1,1,1,1,0,0
4490,-0.827479511283954,0,0,1,1,0,0,1,1,1,1,1,1,0,0,0
4491,-1.56520277127814,0,0,1,0,0,0,1,0,0,0,1,1,0,0,0
4492,0.3170035625517,1,1,0,1,0,1,1,1,1,1,1,1,0,0,0
4493,-0.0585728833971027,0,1,1,1,0,0,0,1,1,0,0,1,0,0,0
4494,-0.592716036390221,0,1,0,0,0,1,1,1,1,0,1,1,0,0,0
4495,-0.0557013801891873,0,1,1,1,0,1,1,1,1,0,0,1,0,0,1
4496,0.918125237851865,0,1,1,1,0,1,1,1,1,1,1,1,0,0,1
4497,0.387299577172607,1,0,1,1,1,0,1,1,1,1,1,1,0,0,1
4498,-0.969375049267047,0,0,0,1,0,0,1,1,1,1,0,0,0,0,0
4499,-0.586630115515316,0,0,1,1,0,0,1,1,0,1,0,1,0,0,1
4500,0.637116718783568,0,1,0,1,0,1,1,1,1,1,0,1,0,0,1
4501,-0.466124701462774,0,1,0,0,1,0,1,0,1,1,1,1,0,0,1
4502,0.463424237959603,0,1,1,1,1,0,1,1,1,1,1,1,0,0,1
4503,0.695055418453759,1,1,1,1,0,1,0,1,1,1,1,1,0,1,1
4504,-0.59611694913219,0,0,1,1,0,0,0,0,1,1,0,1,0,0,1
4505,-0.325911025212367,0,1,1,1,0,0,1,1,1,0,1,1,0,1,0
4506,-1.07033766969081,0,1,0,1,0,0,1,1,1,0,0,1,0,0,0
4507,-1.92917234278435,0,0,0,0,0,0,1,0,0,0,0,0,0,0,0
4508,0.375808440171183,1,1,0,0,0,0,1,1,1,1,1,1,0,1,0
4509,1.62065123574072,1,1,1,1,1,1,1,1,1,1,1,1,1,1,1
4510,0.0586158080964743,0,1,1,1,0,0,0,0,0,0,1,1,0,0,0
4511,-0.51074577786944,0,0,0,1,0,0,1,1,1,1,1,1,0,0,0
4512,0.406270535502516,0,1,1,1,0,1,0,1,1,1,1,1,0,0,1
4513,-0.571660998314461,0,1,1,0,0,0,1,1,1,1,0,1,0,0,1
4514,0.509835058194991,1,1,1,1,1,1,1,1,1,1,1,1,0,0,1
4515,0.573789074589785,1,1,1,1,1,0,1,1,1,1,1,1,0,1,1
4516,-0.185010898253092,0,0,1,0,0,0,1,0,1,1,0,1,0,0,0
4517,1.39815666077955,1,1,1,1,1,1,1,1,1,1,1,1,0,0,1
4518,-0.71965808659249,0,1,0,0,0,0,0,1,1,0,1,0,0,0,0
4519,1.07020833045158,0,1,0,1,1,1,1,1,1,1,1,1,0,0,1
4520,0.434604764641902,0,1,1,1,1,0,1,1,1,1,1,1,1,0,0
4521,-0.584756575276697,0,1,0,1,0,0,1,0,1,0,0,1,0,1,0
4522,0.0640322103209577,0,1,0,1,0,0,0,1,1,1,1,1,0,0,1
4523,1.15430835418127,1,1,1,1,0,1,1,1,1,1,1,1,0,0,1
4524,-0.159198848311844,0,1,1,0,0,0,1,0,1,0,1,1,0,0,1
4525,-0.0271366311370682,0,1,1,0,0,0,1,1,1,1,0,1,1,0,1
4526,-2.89798370620717,0,0,0,0,0,0,0,0,0,0,0,0,0,0,0
4527,-0.507755237324734,0,0,0,0,1,1,0,0,1,1,1,1,0,0,0
4528,-1.09020427762325,0,0,0,1,0,0,1,1,1,0,0,1,0,0,0
4529,-0.355783241357781,0,1,0,1,0,1,1,1,1,1,0,1,0,0,1
4530,0.19249251855294,1,1,0,1,1,0,0,1,1,1,1,1,0,0,0
4531,-0.770738058182041,0,1,1,1,0,0,0,1,1,1,1,1,0,0,0
4532,-1.13317953910075,0,0,1,0,0,0,0,0,0,1,1,1,0,0,1
4533,0.943812727591624,1,1,1,1,0,0,1,1,1,1,1,1,0,0,1
4534,2.4879543225265,1,1,1,1,1,1,1,1,1,1,1,1,1,1,0
4535,-1.13811118865347,0,1,1,0,0,1,0,1,0,0,0,1,0,0,1
4536,-0.298325293471337,1,1,0,1,1,0,1,0,1,1,1,1,0,0,1
4537,-0.203912460361775,0,1,0,0,0,0,1,1,1,1,1,1,0,0,0
4538,-1.14201763381711,0,1,0,0,0,0,0,0,1,1,0,0,0,0,0
4539,0.0139766343347027,0,1,1,0,0,1,1,1,1,1,1,1,0,0,1
4540,1.10392198982771,1,1,1,1,1,0,1,1,1,1,1,1,1,1,0
4541,0.546895499255398,1,1,1,1,1,0,1,1,1,1,0,1,1,0,0
4542,-0.782607924737318,0,0,1,0,0,0,1,1,1,1,0,0,0,0,1
4543,-0.994070152111862,0,0,0,0,0,0,0,0,1,1,1,1,0,0,0
4544,-1.09514420829422,0,0,1,1,0,0,1,1,1,0,0,0,0,0,0
4545,2.77970105072254,1,1,1,1,1,1,1,1,1,1,1,1,1,1,1
4546,0.712566802298786,1,1,0,1,0,0,1,1,1,1,0,1,0,0,1
4547,-0.978567276467572,0,0,0,1,0,0,0,0,1,0,0,0,0,0,0
4548,-1.06932879382552,0,0,1,1,0,0,1,1,1,1,1,1,0,0,0
4549,-0.683550318068906,0,1,1,0,0,0,1,0,1,0,0,0,0,0,0
4550,-1.70168722230931,0,0,1,0,0,0,0,1,0,0,0,0,1,0,0
4551,0.338262273345309,0,1,1,1,1,0,1,1,1,1,1,1,0,0,0
4552,0.531690392038742,1,1,1,1,1,0,1,1,1,1,1,1,0,0,1
4553,-0.209080733520714,1,1,0,1,1,0,1,1,1,1,0,1,1,0,1
4554,-0.0138852114682153,0,1,0,1,0,0,0,0,1,0,0,1,0,0,0
4555,-0.857739926039768,0,1,0,0,0,0,1,1,1,1,0,1,0,0,0
4556,0.0299189121500674,0,0,0,1,1,0,1,1,1,1,0,1,0,0,1
4557,0.924475133378929,1,1,1,1,1,0,1,1,1,1,1,1,0,1,1
4558,1.32376732875695,1,1,1,1,0,1,1,1,1,1,1,1,0,1,1
4559,-0.736907270597569,0,1,1,0,1,0,1,0,1,1,1,1,0,0,1
4560,1.18879968010885,1,0,1,1,1,1,0,1,1,1,1,1,1,1,1
4561,-0.286687567393384,0,1,0,0,0,0,1,0,1,1,1,1,0,0,0
4562,0.702629668978994,1,1,1,1,1,0,0,1,1,1,1,1,1,1,0
4563,0.254727628159876,0,1,0,0,0,0,0,0,1,1,1,1,0,0,1
4564,-0.473109781395148,0,1,1,0,0,0,1,1,0,1,1,1,0,0,0
4565,0.682782921372372,1,1,1,1,1,1,1,1,1,1,1,1,0,0,0
4566,1.42192815745363,1,1,1,1,0,1,1,1,1,1,1,1,1,1,1
4567,0.965347967451129,1,1,1,1,1,1,1,1,1,1,1,1,0,1,1
4568,0.504574874710199,1,0,1,1,0,0,0,1,1,1,1,1,0,0,1
4569,-0.0488128873398042,0,1,1,1,0,0,1,1,1,1,1,1,0,1,0
4570,0.251346138456095,1,1,1,0,0,0,1,1,1,1,1,1,0,0,1
4571,0.581575798025348,1,1,1,1,1,0,1,1,1,1,1,1,0,0,1
4572,0.908705136521402,0,1,1,1,0,0,1,1,1,1,1,1,0,0,1
4573,-0.377638529931704,0,0,0,0,0,0,0,1,0,1,1,1,0,0,0
4574,-1.53982578972515,0,0,0,0,0,0,1,0,0,0,0,1,0,0,0
4575,0.531026943387794,1,1,1,1,0,1,1,1,1,1,0,1,0,1,1
4576,2.10750294637132,1,1,1,1,1,1,1,1,1,1,1,1,1,1,1
4577,-1.13318674327349,0,0,1,0,0,0,1,1,1,0,0,0,0,0,0
4578,-0.38085698431638,0,1,0,1,0,0,1,1,1,1,1,1,0,0,0
4579,1.31400869517358,1,1,1,1,1,0,1,1,1,1,1,1,1,1,1
4580,0.246144899925783,1,1,1,1,0,0,1,0,1,1,0,1,0,1,1
4581,-0.757391214411334,0,0,0,1,0,0,0,0,1,1,1,1,0,0,1
4582,-1.29654446784649,0,0,0,0,0,0,1,1,1,0,0,1,0,0,0
4583,-0.490411262649332,0,1,0,0,0,0,1,1,1,0,1,1,0,0,0
4584,-0.907465352024786,0,0,0,0,0,0,1,1,0,1,1,0,0,0,0
4585,-0.785010954916308,0,1,0,1,0,0,1,0,0,0,0,1,0,0,0
4586,0.601607477723841,1,1,0,1,0,0,1,1,1,1,1,1,1,1,1
4587,-0.618062178031576,0,0,0,1,0,0,0,0,1,0,1,1,0,0,0
4588,-2.10930801163495,0,0,0,0,0,0,0,0,0,0,1,1,0,0,0
4589,-2.54293977086608,0,0,0,0,0,0,0,0,0,0,0,1,0,0,0
4590,-0.824029120629162,0,1,0,1,0,0,1,1,1,0,1,1,0,0,0
4591,-0.256636406387532,1,1,1,0,0,1,0,1,1,1,1,0,0,0,1
4592,-0.27021144929666,1,1,0,0,1,0,0,1,1,1,1,1,0,0,0
4593,-0.498714983924893,0,1,1,1,0,0,1,0,1,1,1,1,0,0,1
4594,-0.722789491089928,0,0,0,1,0,0,1,0,1,0,0,1,0,0,0
4595,-1.29085388507968,0,1,0,0,0,0,1,1,0,1,0,1,0,0,0
4596,0.730203966822676,1,1,0,1,0,0,1,1,1,1,1,1,0,0,1
4597,-1.70305235893584,0,0,1,0,0,0,0,0,0,0,1,1,0,0,0
4598,-0.184713407654148,1,0,1,0,0,0,1,1,1,1,0,1,0,0,1
4599,-0.568951337173608,0,1,0,0,0,1,1,0,1,0,0,1,0,0,1
4600,-0.437911577461901,0,1,1,0,0,0,0,1,1,0,1,1,0,0,0
4601,-0.23857462988216,0,1,1,0,0,1,1,1,1,1,1,1,0,0,0
4602,-1.68180767543409,0,0,0,0,0,0,0,0,0,0,0,1,0,0,0
4603,0.463002397315403,1,1,0,1,1,0,1,1,1,1,1,1,1,1,1
4604,0.54146904150747,1,1,1,1,0,1,1,1,1,1,1,1,0,0,1
4605,-0.818402816229033,0,1,1,0,0,0,0,1,0,1,0,1,0,0,1
4606,-1.09888779600151,0,0,0,0,0,0,1,0,0,0,0,1,0,0,0
4607,1.33487751005028,1,1,0,1,1,1,1,1,1,1,1,1,1,0,1
4608,-0.0195384183945586,1,0,0,0,0,1,1,0,1,0,1,1,0,0,1
4609,-1.42272550079145,0,0,0,0,0,0,0,0,0,0,0,1,0,0,0
4610,-0.229794608573984,0,1,0,0,0,0,1,0,1,1,1,1,0,0,0
4611,-0.15586346579411,0,1,1,1,1,0,1,1,1,1,1,1,0,0,0
4612,-0.336506583152191,0,1,0,1,0,0,1,1,1,1,0,1,0,0,0
4613,-0.721741145179443,0,0,0,0,0,0,1,0,0,1,1,1,1,0,0
4614,-0.715214701506156,0,0,1,0,0,1,1,1,1,0,1,1,0,0,1
4615,-0.844219854793778,0,1,1,1,0,0,0,1,1,1,1,1,0,0,0
4616,0.531188939808844,1,1,0,0,0,1,1,1,1,1,1,1,0,0,0
4617,0.460726053410493,0,1,0,1,1,0,0,1,1,1,0,1,0,0,0
4618,-1.37351653326437,0,0,0,0,0,0,1,0,1,0,0,1,0,0,0
4619,-0.0823644670370505,0,1,0,1,0,1,1,1,0,1,0,1,0,0,0
4620,0.465723219177525,0,1,1,1,0,0,1,1,1,0,1,1,0,0,0
4621,-1.18376991548956,0,0,0,0,0,1,1,1,1,0,0,1,0,0,0
4622,-0.244413486633655,1,1,1,1,1,1,0,1,1,1,1,1,0,0,0
4623,1.64199744811464,1,1,0,1,1,0,1,1,1,1,1,1,0,1,1
4624,-0.857167366925889,0,0,1,0,0,0,1,1,1,0,0,1,0,0,0
4625,0.900927171126186,1,1,1,1,1,0,1,1,1,1,1,1,0,1,1
4626,1.17768017764004,0,1,0,1,0,0,1,0,1,1,1,1,0,1,1
4627,1.00293699014836,1,1,1,1,0,1,1,1,1,1,1,1,1,0,1
4628,1.28446697088472,1,1,1,1,0,1,1,1,1,1,1,1,0,1,1
4629,0.671669799131659,1,1,0,0,0,0,1,1,1,1,1,1,0,0,1
4630,0.528244359800686,1,1,1,1,1,0,1,1,1,1,1,1,0,0,0
4631,-1.26007029320108,0,1,0,0,0,0,1,1,0,0,0,1,0,0,0
4632,-0.568279732958901,0,1,1,1,0,0,1,0,1,0,1,1,0,0,1
4633,-0.757243290916748,0,1,0,1,0,0,0,1,1,1,1,1,0,0,1
4634,-0.260748686144343,0,1,0,0,0,0,1,0,1,1,1,1,0,0,1
4635,-0.706562481790337,0,1,0,1,0,1,1,1,1,1,0,1,0,0,0
4636,1.31398934621387,0,0,1,1,0,0,1,1,1,1,1,1,1,0,1
4637,-0.526290413471512,0,1,1,1,0,0,0,1,1,1,0,1,0,0,1
4638,2.43693926173483,1,1,1,1,1,1,1,1,1,1,1,1,0,1,1
4639,0.659222868402408,0,1,1,1,0,0,0,1,1,1,1,1,1,0,1
4640,0.270335499644719,0,1,1,1,1,1,1,0,1,1,1,1,0,0,1
4641,1.52959413413728,1,1,1,1,1,1,1,0,1,1,1,1,1,0,1
4642,0.792450627367651,0,1,1,1,0,0,1,1,1,1,1,1,1,1,1
4643,2.06874540263619,1,1,1,1,1,1,0,1,1,1,1,1,1,1,1
4644,-1.32866760572421,0,0,0,1,0,0,1,0,1,1,0,1,0,0,0
4645,-0.814238325172059,0,0,0,0,1,0,0,0,0,1,1,0,0,0,0
4646,0.811152623799754,1,1,1,1,1,0,1,1,1,1,1,1,1,0,1
4647,-2.79536820182027,0,0,0,0,0,0,0,1,0,0,0,0,0,0,0
4648,0.438189660855166,1,0,1,1,0,0,1,0,1,1,1,1,0,1,1
4649,2.09296795904696,1,1,1,1,0,1,1,1,1,1,1,1,1,1,1
4650,0.397208963890791,1,1,1,1,0,1,1,1,1,0,1,1,0,0,0
4651,-0.788533683409787,0,1,1,0,0,1,0,0,1,1,1,1,0,0,0
4652,-3.1932525313269,0,0,0,0,0,0,0,1,0,0,0,0,0,0,0
4653,-1.09395628269253,0,0,1,1,0,0,1,0,0,0,1,0,0,0,0
4654,-0.584076863556933,0,1,0,1,0,0,1,1,1,1,1,1,0,0,1
4655,-0.630835390174027,0,0,0,0,0,0,1,0,1,1,1,0,0,0,0
4656,-0.213626805331922,0,1,1,0,1,0,1,0,1,1,1,1,0,0,0
4657,0.46314125729321,0,1,1,0,0,0,1,0,1,1,1,1,0,1,0
4658,-1.58856373536433,0,0,0,0,0,0,0,1,0,0,0,0,0,0,0
4659,0.110606690480371,0,1,1,1,0,0,1,0,1,1,1,1,0,0,0
4660,2.35541950107721,1,1,1,1,1,1,1,0,1,1,1,1,1,1,1
4661,-0.987063484278549,0,1,1,0,0,0,1,0,1,0,1,0,0,0,0
4662,-0.736423090357989,0,1,0,0,0,0,0,1,1,0,0,1,0,0,0
4663,0.432155675312602,1,1,0,1,0,1,1,1,1,1,1,1,0,0,0
4664,-0.26507270514184,0,1,0,1,0,1,1,1,1,1,1,1,0,1,0
4665,0.0931305645715655,0,1,0,0,0,1,1,1,1,0,1,1,0,0,0
4666,-1.82632500582703,0,0,0,1,0,0,1,0,0,0,0,1,0,0,0
4667,1.9791998179981,1,1,1,1,1,1,1,1,1,1,1,1,1,1,1
4668,-1.55600979944799,0,0,1,0,0,0,1,0,0,1,1,1,0,0,0
4669,1.98979147682262,1,1,1,1,1,0,1,1,1,1,1,1,1,0,1
4670,-0.00373045221168982,0,1,1,0,0,1,1,1,1,1,1,1,1,0,0
4671,0.030280591835707,0,1,0,1,0,0,1,1,1,1,1,1,1,0,0
4672,0.799162822702172,1,1,0,1,0,0,0,1,1,1,1,1,0,0,1
4673,0.846450602668122,1,1,1,1,0,0,1,1,1,1,1,1,0,0,1
4674,-0.862380654935028,0,0,1,0,0,0,0,1,1,1,0,1,0,0,0
4675,1.30857846952505,1,0,0,1,0,0,1,1,1,1,1,1,0,0,1
4676,-2.6894780710457,0,0,0,0,0,0,1,1,0,0,0,0,0,0,0
4677,-1.04901038928944,0,0,0,0,0,1,1,1,0,0,0,1,0,0,0
4678,1.26100968372357,1,1,1,1,1,1,1,1,1,1,1,1,0,0,1
4679,0.423726083936703,1,1,1,1,0,0,1,1,1,1,1,1,1,1,1
4680,0.528671491116305,1,1,1,1,1,1,1,1,1,1,1,1,0,0,0
4681,-0.957201932727686,0,1,0,0,0,0,0,1,1,0,0,0,0,0,0
4682,-0.732957419928537,0,0,0,0,0,1,0,0,1,0,1,1,0,0,0
4683,1.10659391930765,1,1,1,1,0,0,1,1,1,1,1,1,0,1,1
4684,-2.04513103970101,0,0,0,0,0,0,1,1,0,0,0,0,0,0,0
4685,-0.0877448403779317,0,1,1,0,0,1,1,0,1,1,0,1,0,0,0
4686,-0.333558381082075,0,1,1,0,0,0,0,1,1,0,0,1,0,0,0
4687,-0.849848088451739,1,0,0,1,0,0,0,1,1,1,1,1,0,0,0
4688,-0.447593673460214,1,0,1,0,0,0,1,1,1,1,1,1,0,0,0
4689,-0.429796056594152,0,0,0,0,0,0,1,1,0,1,0,1,0,0,1
4690,0.66866561531145,0,0,1,1,0,0,1,1,1,1,1,1,0,1,1
4691,0.811544226335485,1,1,1,1,0,0,1,1,1,1,1,1,0,0,1
4692,0.225141183717601,0,1,1,0,1,0,1,1,1,1,1,1,0,0,0
4693,1.11443482003947,1,1,0,1,0,1,1,1,1,0,1,1,0,0,1
4694,-0.884521082361828,0,0,0,1,0,0,1,0,1,1,1,1,0,0,0
4695,1.7448772254565,1,1,1,1,1,1,1,0,1,1,1,1,1,1,1
4696,-0.0977002632369212,1,1,0,1,0,0,1,1,1,1,1,1,0,0,1
4697,-0.452272374903291,0,0,1,1,0,0,1,0,1,0,1,1,0,0,1
4698,0.546890313353313,1,1,1,1,0,0,1,0,1,1,1,1,0,1,1
4699,0.219641255198005,0,1,1,0,0,1,1,1,1,1,1,1,0,0,0
4700,-0.55699822283224,0,0,1,1,0,1,1,0,1,1,1,1,0,0,0
4701,1.64094169895425,1,1,1,1,1,0,1,1,1,1,1,1,1,1,1
4702,1.0370420078907,1,1,1,1,0,1,1,1,1,1,0,1,0,0,1
4703,0.218140079964991,1,1,1,1,0,1,1,0,1,1,1,1,0,0,0
4704,1.69300078237958,1,1,1,1,1,1,1,1,1,1,1,1,0,1,1
4705,1.62047054196124,1,1,1,1,1,1,1,0,1,1,1,1,1,1,1
4706,0.827432860221288,0,1,1,0,0,1,1,1,1,1,1,1,0,1,0
4707,-0.260161703966922,1,1,1,1,0,1,0,1,1,1,1,1,0,0,0
4708,0.182492583325647,1,0,0,1,0,0,1,1,1,1,0,1,0,0,1
4709,0.377772871417802,0,1,1,1,1,0,1,0,1,1,1,1,0,0,0
4710,-0.203871205610591,0,1,0,0,0,0,1,0,1,1,1,1,0,0,0
4711,-0.965980517286432,0,0,1,1,0,0,0,1,1,0,0,1,0,0,0
4712,-0.555260035608208,0,1,1,1,0,0,1,0,1,0,1,1,0,1,0
4713,1.48318549714868,1,1,1,1,1,0,1,1,1,1,1,1,1,1,1
4714,-0.122220830052487,0,0,0,0,0,0,0,1,1,1,1,1,0,0,0
4715,-0.298181197136875,0,1,1,0,0,1,0,1,1,1,1,1,0,0,0
4716,0.817641525338236,0,1,1,1,1,1,1,1,1,1,1,1,0,0,0
4717,1.15390379156136,0,1,1,1,0,0,0,1,1,1,1,1,0,1,1
4718,-0.665703011332138,0,1,0,1,0,0,1,0,1,0,1,1,0,0,0
4719,-0.645725418915544,0,1,1,1,0,0,1,0,1,1,1,1,0,0,1
4720,-1.1780297245719,0,0,0,0,0,0,1,1,1,0,1,1,0,0,0
4721,0.230050225707535,1,1,1,1,1,0,1,1,1,1,1,1,0,0,1
4722,1.18982563379567,1,1,1,1,1,1,1,1,1,1,1,1,0,0,1
4723,-0.062436755074225,0,1,0,0,0,0,1,1,1,1,1,1,0,0,0
4724,0.743098629348096,1,1,1,1,1,1,1,0,1,1,1,1,1,0,1
4725,-1.9637740940419,0,0,0,0,0,0,1,1,0,0,0,0,0,0,0
4726,1.4243952885063,0,1,1,1,0,1,1,1,1,1,1,1,1,0,1
4727,-1.53823611453618,0,0,0,0,0,0,1,0,0,0,1,1,0,0,0
4728,2.32304106100337,1,1,1,1,1,0,1,1,1,1,1,1,1,0,1
4729,-0.889787424013436,0,0,0,0,0,0,1,0,1,0,0,1,0,0,1
4730,-0.662840139975422,1,0,1,1,0,0,1,1,0,1,1,0,0,0,0
4731,0.169248553250257,1,1,0,1,1,0,0,1,1,1,1,1,0,0,0
4732,0.904224743648601,1,1,1,1,0,1,1,0,1,1,1,1,0,0,1
4733,0.695757005299594,0,1,0,1,0,0,1,1,1,1,1,1,0,0,0
4734,-0.166619321341235,0,0,0,1,0,0,1,1,1,1,1,1,0,0,0
4735,1.04193952073719,1,1,1,1,1,0,0,1,1,1,1,1,0,1,1
4736,-0.549953993884632,0,1,0,1,0,1,1,0,1,0,0,1,0,0,0
4737,0.195730857426591,1,1,1,1,0,1,1,1,1,1,1,1,0,0,1
4738,-1.71658816282962,0,0,0,0,0,0,0,1,0,0,0,1,0,0,0
4739,0.0459636811360463,1,1,1,0,1,1,1,0,1,1,1,1,0,0,0
4740,2.4400404339358,1,1,0,1,0,1,1,1,1,1,1,1,1,1,1
4741,-0.680298194523264,0,1,0,0,0,0,0,0,1,0,1,1,1,0,0
4742,-0.029408013897344,1,1,0,0,0,1,1,1,1,0,1,1,1,0,0
4743,0.0231611659307644,0,1,0,1,0,0,1,1,1,1,1,1,0,0,0
4744,-0.686803197022545,1,0,1,0,1,0,1,1,1,0,1,1,0,0,0
4745,0.404522534504847,0,1,1,0,0,0,1,1,1,1,1,1,1,0,1
4746,0.246313763475778,1,1,1,1,1,0,1,1,1,1,1,1,0,0,1
4747,1.09940576360074,1,1,1,1,0,0,1,1,1,1,1,1,0,0,0
4748,0.241121478962683,0,1,1,1,1,0,1,1,1,1,1,1,0,0,1
4749,0.403781219281581,1,0,1,1,0,0,1,1,1,1,1,1,0,0,1
4750,-0.537772348288374,0,1,0,1,0,0,0,1,1,1,0,1,0,0,0
4751,0.00660601923267667,1,1,0,1,0,1,1,1,1,0,1,1,0,1,1
4752,0.952547747344486,0,1,1,1,1,0,1,1,1,1,1,1,0,1,1
4753,0.105578049004127,0,1,0,1,1,0,0,1,1,1,1,1,0,0,0
4754,-0.722795310342427,1,1,0,1,0,0,0,1,0,1,0,0,1,0,1
4755,0.615682609515698,0,1,1,1,0,0,1,0,1,1,1,1,1,0,1
4756,0.268045078020267,1,1,0,1,0,0,1,1,1,1,1,1,0,0,0
4757,-0.750769905262033,0,0,0,0,0,0,1,1,1,1,1,1,0,0,0
4758,1.48122169150515,1,1,1,1,1,0,1,1,1,1,1,1,0,1,1
4759,-1.40678439576911,0,0,0,0,0,0,0,1,1,1,0,0,0,0,0
4760,-0.872908485746976,0,1,0,1,0,0,1,1,1,0,1,1,0,0,0
4761,0.535828811558145,1,1,1,0,0,0,1,1,1,1,1,1,0,0,1
4762,0.833691041960743,1,1,0,1,1,1,1,1,1,1,1,1,0,0,1
4763,0.13783997486704,0,0,1,1,0,0,1,1,1,1,1,1,0,0,1
4764,-1.72382975571342,0,0,0,1,0,0,1,0,0,0,0,1,0,0,1
4765,0.296871744393161,0,1,1,1,0,0,1,0,1,1,1,1,0,1,1
4766,0.211659489753397,1,1,1,1,1,0,0,1,1,0,1,1,0,0,1
4767,-1.03440889677769,1,0,0,1,0,0,1,1,1,0,0,1,0,0,0
4768,-0.490590765631943,0,1,1,0,0,0,1,1,1,0,0,1,0,0,0
4769,0.571364558875439,1,1,1,1,1,1,1,1,1,1,0,1,0,1,1
4770,-0.0557013801891873,1,1,1,1,0,0,1,1,1,1,1,1,0,1,0
4771,1.27171941252632,1,1,1,1,1,1,1,1,1,1,1,1,0,0,1
4772,-0.511589636902534,0,1,1,1,0,0,0,0,1,0,1,1,0,0,1
4773,1.08057416383687,1,1,1,1,0,1,1,1,1,1,1,1,0,1,1
4774,0.746781565539017,1,1,0,1,1,1,1,0,1,1,1,1,0,0,1
4775,0.12427383138021,1,1,1,1,0,0,1,1,1,1,1,1,0,0,0
4776,-0.804484297343502,0,0,0,1,0,0,1,0,1,1,1,1,0,0,0
4777,-0.155278496463894,0,1,0,1,0,1,1,1,1,1,1,1,0,0,1
4778,0.35007361484543,0,1,1,1,0,0,0,1,1,0,1,1,0,0,1
4779,-0.449392398255429,0,1,0,0,0,0,0,1,1,1,1,1,0,0,0
4780,1.17245361849129,1,1,1,1,0,1,1,0,1,1,1,1,1,0,1
4781,-1.25475956816176,0,0,0,0,0,0,0,1,0,1,0,0,0,0,0
4782,-0.890100294877108,0,1,0,1,0,0,0,1,1,1,0,1,0,0,0
4783,-0.698121669411464,1,1,0,0,0,0,0,1,0,1,1,1,0,0,0
4784,-2.43759970793324,0,0,1,0,0,0,1,0,0,0,0,0,0,0,0
4785,0.50683699335853,0,1,1,1,0,0,1,1,1,1,0,1,0,0,1
4786,-1.39326308898675,0,0,1,0,0,1,1,0,1,0,0,1,1,0,0
4787,-0.851315228637468,1,1,0,0,0,0,1,1,1,1,0,1,0,0,0
4788,-2.19342407697293,0,0,1,0,0,0,1,1,1,0,0,0,0,0,0
4789,-0.0118430004433295,0,0,0,0,0,0,0,1,1,1,0,1,0,0,1
4790,-0.939420208984601,0,1,1,1,0,0,1,1,1,1,0,1,0,0,0
4791,0.671944074569534,0,1,1,1,1,0,0,0,1,1,1,1,0,1,0
4792,2.61797254830948,1,1,1,1,1,1,1,0,1,1,1,1,1,1,1
4793,0.581374486489179,1,1,1,1,0,0,1,0,1,1,1,1,0,0,1
4794,0.779028398915901,1,1,1,0,1,0,1,1,1,1,1,1,0,0,1
4795,1.15430835418127,1,1,1,1,1,0,1,1,1,1,1,1,0,1,1
4796,-0.586432403773423,0,1,0,1,0,0,1,0,1,0,1,1,0,0,1
4797,-0.180582618748408,0,1,0,0,1,0,1,1,1,1,1,1,0,0,0
4798,0.134003913418199,0,1,1,0,0,0,1,1,1,1,0,1,0,0,0
4799,-1.23891858128236,0,0,1,0,0,0,0,1,0,1,0,1,0,0,0
4800,0.698532748584908,1,1,1,0,1,1,0,1,1,1,1,1,0,0,1
4801,-0.860023608351503,0,1,1,0,1,0,0,0,1,0,0,1,0,0,1
4802,0.232812944587258,1,1,1,0,1,0,1,1,1,1,1,1,0,0,1
4803,-1.82633773998707,0,0,0,0,0,0,0,1,0,0,1,0,0,0,0
4804,0.810354541316484,1,1,0,1,0,1,1,1,1,1,1,1,1,1,1
4805,0.810757363242592,0,1,1,1,1,1,1,1,1,1,1,1,0,1,1
4806,0.957316140405997,0,1,1,1,0,0,1,1,1,1,1,1,1,0,1
4807,-0.713112357516265,0,0,0,1,0,0,1,0,1,0,1,1,0,0,1
4808,1.24482441167935,1,1,1,1,0,0,1,0,1,1,1,1,1,0,1
4809,-1.1117199605439,0,0,1,0,0,0,1,1,0,0,1,1,0,0,0
4810,0.76751289672953,1,1,1,1,0,1,1,1,1,1,1,1,0,1,1
4811,1.2737060101755,1,1,0,1,0,0,1,1,1,1,1,1,0,1,1
4812,-0.621588470230216,0,0,0,0,1,0,0,0,1,1,1,1,0,0,1
4813,0.903671377914808,1,1,1,1,0,1,0,1,1,1,1,1,0,0,0
4814,-0.309227036110999,0,1,0,1,0,0,1,1,1,1,1,1,0,0,1
4815,0.784957466319694,0,1,1,1,0,0,0,1,1,1,1,1,0,0,1
4816,-1.33288754338775,0,0,0,1,0,0,0,0,0,0,0,1,0,0,0
4817,0.859341793800003,1,1,0,1,0,0,1,1,1,1,1,1,1,1,1
4818,-0.377169176084181,0,1,0,0,0,0,1,1,0,1,1,1,0,0,1
4819,-1.44232715623963,0,0,0,0,0,0,1,0,0,0,0,1,0,0,0
4820,-1.3919673377164,0,0,1,0,0,0,1,1,1,0,1,1,0,0,0
4821,1.94788314094856,1,1,1,1,1,1,1,1,1,1,1,1,1,1,1
4822,0.798851467908762,0,0,1,1,1,1,1,1,1,1,1,1,0,1,0
4823,-0.646119554966218,0,0,0,1,0,0,1,1,1,1,1,1,0,0,1
4824,0.646074579585934,1,1,1,0,0,1,1,1,1,1,1,1,0,1,1
4825,0.484321832666947,1,1,1,1,0,1,1,0,1,1,1,1,0,0,1
4826,0.211494438817327,0,1,1,1,0,0,1,0,1,1,1,1,1,0,1
4827,1.10197456663916,1,1,1,1,1,1,0,1,1,1,1,1,1,1,1
4828,0.508178335008484,1,1,0,1,0,0,1,1,1,1,1,1,0,1,1
4829,-0.556437602839421,0,1,1,1,0,0,0,0,1,1,1,1,0,0,0
4830,-0.0529599893349759,0,1,1,0,0,1,1,1,1,0,1,1,0,0,0
4831,2.49106702353989,1,1,1,1,1,0,1,1,1,1,1,1,1,1,1
4832,-0.0323045624619517,0,1,0,0,0,1,1,1,1,1,1,1,0,0,0
4833,-0.0805489423417679,0,1,0,1,1,0,1,0,1,1,1,1,0,0,1
4834,1.06084829759578,1,1,1,1,1,0,1,1,1,1,1,1,1,1,1
4835,-0.929218079876741,0,1,0,0,0,0,1,0,0,1,0,1,0,0,0
4836,-0.869718084411426,0,1,0,0,0,0,1,1,1,0,1,1,0,0,0
4837,0.617795569040303,1,1,1,1,0,0,1,1,1,1,1,1,0,0,1
4838,2.52101094719877,1,1,1,1,1,0,1,1,1,1,1,1,1,1,1
4839,-0.840101292154007,0,0,1,0,0,0,0,1,1,1,1,1,0,0,0
4840,0.596546663585626,0,0,0,1,0,0,1,1,1,1,1,1,0,0,1
4841,0.791526192030927,0,1,0,1,1,1,1,1,1,1,1,1,1,1,1
4842,0.158731420283196,0,1,0,0,0,0,1,0,1,1,1,1,0,0,1
4843,0.663240129137529,1,1,1,1,0,0,1,1,1,1,1,1,0,1,1
4844,0.52880363651043,1,1,0,1,0,0,0,1,1,1,1,1,0,0,1
4845,-0.389068516200633,0,1,0,1,0,0,1,0,0,0,1,1,0,0,0
4846,-0.454795973087102,0,1,1,1,1,0,1,1,1,1,1,1,0,0,0
4847,-0.3330235051413,0,1,0,1,1,0,1,1,1,1,0,1,0,0,1
4848,-0.357813525000995,0,1,0,0,0,1,1,1,1,1,0,1,0,0,0
4849,0.61247154921349,1,1,0,1,0,0,0,1,1,1,1,1,0,0,1
4850,-1.42418658430465,0,0,0,0,0,0,1,1,1,0,0,1,0,0,0
4851,1.05363811119524,1,1,1,1,0,0,1,1,1,1,1,1,0,0,0
4852,-0.584752117304314,0,1,1,0,0,0,0,0,1,1,1,1,0,0,0
4853,1.85258605134106,1,1,0,1,1,1,1,1,1,1,1,1,0,0,1
4854,0.0719725939175369,0,1,0,1,0,0,1,0,1,1,1,1,0,0,0
4855,0.36408925562695,0,1,0,1,0,1,1,1,1,0,1,1,0,0,1
4856,0.455719688815255,1,1,1,0,1,1,1,1,1,1,1,1,1,0,1
4857,-0.884823292813592,0,1,1,1,0,0,1,1,1,1,1,1,0,0,0
4858,1.88877277940922,1,1,1,1,1,1,1,0,1,1,1,1,1,1,1
4859,-0.0189629162498284,0,1,0,0,0,0,1,1,1,1,1,1,0,0,1
4860,1.16401492413646,1,1,1,1,1,1,1,1,1,1,1,1,0,1,1
4861,0.338262273345309,1,1,1,1,0,0,1,1,1,1,1,1,0,0,1
4862,0.211410529485708,1,1,1,1,0,0,1,1,1,1,1,1,1,1,1
4863,-0.36675040901587,0,1,1,1,0,1,0,1,1,1,0,1,0,0,0
4864,-0.763459812789723,0,0,0,1,0,0,1,0,1,1,1,1,0,0,1
4865,0.957712815871102,1,1,1,1,1,1,1,1,1,1,1,1,0,0,1
4866,-0.115800115092598,0,1,0,1,0,0,1,1,1,0,1,1,0,0,0
4867,-0.999449813894723,0,0,0,1,0,0,1,0,1,0,0,1,0,1,0
4868,0.338417494832328,1,1,1,1,0,0,1,1,1,1,1,1,0,0,1
4869,-0.0590374861896567,1,1,1,1,1,0,1,1,1,1,1,1,0,0,0
4870,0.0642841810171357,1,1,1,1,0,0,1,1,1,1,1,1,0,0,1
4871,-0.229676884303237,0,1,0,1,1,0,1,1,1,1,1,1,0,0,1
4872,0.45758016290816,1,1,0,1,1,0,1,0,1,1,1,1,0,1,1
4873,0.580940080842347,1,1,0,1,1,0,1,1,1,1,1,1,0,0,0
4874,-0.407213440932918,0,1,1,0,0,0,0,1,1,0,0,1,0,0,0
4875,-0.87007352120435,0,1,0,1,0,0,1,1,1,0,0,1,0,0,1
4876,-0.385022079928525,0,1,0,0,0,0,0,1,1,0,1,1,0,1,0
4877,-1.45594680289726,0,0,0,1,1,0,1,1,0,0,0,0,0,0,0
4878,0.124094692012717,1,1,1,1,0,1,0,1,1,1,1,1,0,0,1
4879,-0.866729364032321,0,1,0,1,0,0,1,1,1,1,0,1,0,0,0
4880,0.972166445919084,1,1,1,1,0,0,1,1,1,1,1,1,0,1,0
4881,1.36501485201479,1,1,1,1,1,1,1,1,1,1,1,1,1,1,1
4882,0.280118449010176,0,1,0,0,1,0,1,0,1,1,0,1,1,0,1
4883,-0.733333666709221,0,0,1,1,0,0,1,1,1,1,1,1,1,0,1
4884,0.986996456059486,1,1,1,1,1,1,1,1,1,1,1,1,1,1,1
4885,1.35952952587709,1,1,1,1,0,0,1,1,1,1,1,1,1,0,1
4886,0.455516185562991,0,1,1,1,0,1,1,1,1,1,1,1,0,0,1
4887,-0.218325724874493,0,1,1,1,0,0,0,1,1,0,1,1,0,0,1
4888,-0.12933949864534,0,1,0,1,0,1,1,1,1,1,1,1,1,0,0
4889,-0.270680690818209,1,0,1,1,0,1,1,1,1,0,1,1,0,0,0
4890,-2.0474528593266,0,0,0,0,0,0,0,1,0,0,0,1,0,0,0
4891,1.34653715658394,1,1,1,1,1,1,1,0,1,1,1,1,0,0,1
4892,-1.48341980452905,0,0,0,0,0,0,0,0,1,0,0,1,0,0,0
4893,-1.04205766748407,0,1,1,0,0,0,1,0,0,1,0,0,0,0,1
4894,1.02957755007077,1,1,0,1,0,1,0,1,1,1,1,1,0,1,1
4895,-0.407522533119301,0,0,1,1,0,0,1,0,1,1,1,1,0,0,1
4896,0.362160729849551,0,1,1,1,1,0,1,1,1,1,1,1,0,0,0
4897,-0.182902394476922,0,1,1,1,1,0,1,0,1,1,1,1,0,0,1
4898,0.128980615335454,1,1,0,0,0,0,1,1,1,1,1,1,0,1,0
4899,0.265118019161935,0,1,0,1,0,0,1,1,1,1,1,1,0,1,1
4900,-1.12280950390318,0,1,0,0,0,0,0,1,0,0,1,1,0,0,0
4901,0.979564189921626,1,1,1,1,1,0,1,1,1,1,1,1,1,1,0
4902,1.02626337207675,1,0,0,1,1,1,1,1,1,1,1,1,0,0,1
4903,-1.55733404705448,0,0,0,0,0,0,1,0,1,0,0,0,0,0,0
4904,0.473251762084673,0,1,0,0,1,1,1,1,1,1,1,1,0,0,0
4905,-0.0488084041770662,0,1,1,1,0,0,1,1,1,0,1,1,1,0,1
4906,0.666425067039611,1,1,1,1,1,0,1,1,1,1,1,1,1,1,0
4907,1.64012879356953,1,1,1,1,1,1,1,1,1,1,1,1,1,1,1
4908,-0.0764035123471731,0,1,0,1,0,0,1,1,1,1,1,1,0,0,0
4909,0.0763608417348207,0,1,0,0,0,1,1,0,1,1,1,1,1,0,0
4910,0.649239773758761,1,1,1,1,0,0,1,0,1,1,1,1,0,0,1
4911,0.198935336316297,0,1,0,1,1,0,1,0,1,1,1,1,0,0,1
4912,-0.187601607920834,0,1,0,1,0,0,1,0,1,1,1,1,0,0,1
4913,0.733255313414036,1,1,1,1,0,0,1,1,1,1,1,1,1,1,1
4914,1.34154401923556,1,1,1,1,0,1,1,1,1,1,1,1,1,1,1
4915,-2.04661223798807,0,0,0,0,0,0,1,0,0,0,0,0,0,0,0
4916,-0.46081850519638,0,1,0,1,0,0,1,1,1,1,1,1,0,0,1
4917,0.153433090398623,1,1,0,1,1,0,1,1,1,1,1,1,0,1,0
4918,-2.54614972709483,0,0,0,0,0,0,1,1,0,0,0,0,0,0,0
4919,-1.15851426559152,0,1,0,0,0,0,1,1,0,0,0,1,0,0,0
4920,0.156071038584713,0,1,0,1,0,1,1,0,1,1,1,1,1,0,1
4921,0.617971679145969,0,1,0,1,1,1,1,0,1,1,1,1,1,0,1
4922,0.677324797134739,0,1,1,1,1,1,1,1,1,1,1,1,0,1,1
4923,0.909124017150259,1,1,0,1,0,0,1,1,1,1,1,1,1,1,1
4924,-0.0329557705327941,0,1,1,0,0,0,1,0,1,1,1,1,0,0,0
4925,0.736962035276064,0,1,0,1,1,1,1,1,1,1,1,1,0,1,1
4926,1.18857358224356,1,1,0,1,0,0,1,1,1,1,1,1,1,0,1
4927,-0.993834077868646,0,1,1,0,0,0,1,0,1,0,1,1,0,0,0
4928,1.44972561376596,1,1,1,1,1,1,1,1,1,1,1,1,0,0,0
4929,-1.08505340985632,0,0,1,0,0,0,1,1,1,1,1,1,0,0,0
4930,0.13823806383996,0,1,0,0,0,0,1,0,1,1,1,1,0,0,0
4931,-0.460654931420372,0,1,1,1,0,0,0,1,1,1,1,0,0,0,0
4932,-1.63839295065731,0,0,1,0,0,0,1,0,0,1,0,0,0,0,1
4933,0.549459144064479,1,0,1,1,0,1,1,1,1,1,1,1,0,0,1
4934,-0.298625235284927,0,1,0,0,0,1,1,0,1,1,1,1,0,0,1
4935,0.0256174393127986,0,1,1,1,0,0,1,0,1,1,0,1,0,0,0
4936,2.52795423725289,1,1,1,1,1,1,1,1,1,1,1,1,1,1,1
4937,0.940553011575781,1,1,1,1,1,1,1,0,1,1,1,1,0,0,1
4938,-0.0484829042684311,0,1,0,1,0,1,1,1,1,1,0,1,0,0,0
4939,-1.2117201052805,0,1,0,0,0,0,1,0,0,1,0,0,0,0,1
4940,2.59307795142336,1,1,1,1,1,1,1,1,1,1,1,1,1,1,1
4941,0.952804532204142,1,1,0,1,0,0,1,1,1,1,1,1,1,0,1
4942,-0.587694865966374,0,0,1,0,0,0,0,1,1,0,0,1,0,0,0
4943,-0.161385731448988,0,1,1,1,0,0,1,1,1,0,0,1,0,0,0
4944,-0.357805551508538,0,1,1,1,0,0,1,1,1,1,1,1,0,0,0
4945,-0.795922662225708,0,0,1,0,0,0,1,1,0,0,1,1,0,0,0
4946,0.850435282433733,1,1,1,1,0,1,1,0,1,1,1,1,0,0,0
4947,-0.320765384762451,0,1,0,1,0,1,1,1,1,1,0,1,0,0,0
4948,1.56535143425562,1,1,1,1,1,1,1,1,1,1,1,1,1,1,1
4949,-0.299347781159005,0,1,1,1,1,0,1,1,1,0,1,1,0,0,1
4950,0.0488948830517732,0,1,0,1,0,0,1,1,1,1,1,1,0,0,1
4951,0.347810946818036,1,1,1,1,1,1,1,0,1,1,1,1,0,0,1
4952,-0.86690390967793,0,0,0,1,0,0,0,1,1,1,0,0,0,0,0
4953,-1.08916503325037,0,1,0,0,0,1,1,1,0,0,1,1,0,0,1
4954,-0.387390713682366,0,0,0,1,0,0,1,0,1,1,0,1,0,0,0
4955,-0.0207713881801331,1,1,1,1,0,0,1,1,1,1,1,1,0,0,1
4956,0.462965242080089,0,1,1,1,1,1,1,1,1,1,1,1,1,1,1
4957,-1.5632528269303,0,1,0,0,0,0,1,1,0,0,0,0,0,0,1
4958,-0.0248946899099791,1,1,0,0,0,1,1,1,1,1,0,1,0,0,0
4959,0.944655899277844,0,1,1,1,0,0,1,0,1,1,1,1,0,1,1
4960,-0.457765562056586,0,1,1,1,0,0,1,0,1,1,0,0,1,0,0
4961,-0.0589950799920979,1,1,0,1,1,0,1,0,1,1,0,1,0,0,0
4962,-1.48243634197256,0,1,0,0,0,0,0,1,0,0,0,1,0,0,0
4963,-0.192244841724649,0,0,0,0,1,1,0,0,1,1,0,1,0,1,1
4964,1.76398258372148,1,1,1,1,1,0,1,1,1,1,1,1,1,0,1
4965,-2.58613760710112,0,0,0,1,0,0,0,0,0,0,0,0,0,0,0
4966,-0.298178107125596,0,0,0,1,1,0,0,1,1,1,1,1,0,0,0
4967,-0.514005738818859,0,1,0,1,0,0,1,1,1,0,1,1,0,1,1
4968,-1.12308614574168,0,1,1,0,0,0,0,1,0,1,1,1,0,0,1
4969,-0.557198286636576,0,1,0,1,0,0,1,1,1,1,0,1,0,0,1
4970,-0.511546130136333,0,0,1,0,0,0,1,1,1,0,0,0,0,0,0
4971,-0.66668888788847,0,1,0,1,0,0,1,1,1,0,0,1,0,0,1
4972,-0.56482305982631,0,1,1,0,1,0,1,1,1,0,1,0,0,0,0
4973,-0.136728163149399,1,0,0,1,0,1,1,1,1,0,1,1,0,0,0
4974,0.375375426480809,0,0,0,0,1,1,1,0,1,0,1,1,0,0,1
4975,0.235321697613955,0,1,1,1,0,1,1,1,1,1,0,1,0,0,1
4976,1.91654724824226,1,1,1,1,0,1,1,1,1,1,1,1,1,1,1
4977,0.660435397462401,0,1,0,1,0,0,1,1,1,1,1,1,0,1,1
4978,0.129377215089776,0,1,0,1,0,0,1,0,1,1,1,1,0,0,0
4979,0.295069442630167,1,1,1,1,0,0,1,1,1,1,1,1,0,0,1
4980,1.60036762027785,1,1,1,1,0,1,1,1,1,1,1,1,1,1,1
4981,-0.377344404581159,0,1,0,1,1,0,0,1,1,1,0,1,0,0,1
4982,0.377420860414459,0,1,0,1,0,0,1,1,1,1,1,1,0,0,1
4983,0.672351588112042,0,1,1,1,0,1,0,1,1,1,1,1,0,0,1
4984,0.889369525130826,1,1,1,1,0,0,1,1,1,1,1,1,0,0,0
4985,0.916791768120974,1,1,1,1,1,0,1,1,1,1,1,1,0,0,1
4986,-2.22686303138361,0,0,0,0,0,0,0,0,0,0,0,0,0,0,0
4987,0.540858293446227,1,1,1,1,1,0,0,1,1,1,1,1,0,0,1
4988,-2.11548524060625,0,0,0,0,0,0,1,0,0,0,0,0,0,0,0
4989,0.729520087800369,1,1,1,0,0,1,1,1,1,1,1,1,0,0,1
4990,1.23876678527603,1,1,1,1,0,0,1,1,1,1,1,1,1,1,1
4991,-1.02156931161955,0,1,1,0,0,0,1,1,1,0,1,0,0,0,0
4992,-0.113328616576289,0,1,0,1,0,1,1,0,1,1,1,1,0,0,0
4993,-1.07002112674073,0,0,0,1,0,0,1,1,1,0,0,1,0,0,0
4994,-1.14304536291086,0,0,0,0,0,0,0,1,0,0,1,0,0,0,0
4995,0.79939982175688,1,1,1,1,1,1,1,1,1,1,1,1,1,1,0
4996,0.541235466620054,0,1,1,0,1,0,1,1,1,1,1,1,0,1,1
4997,-1.77361629200791,0,0,0,0,0,0,0,0,0,0,0,1,0,0,0
4998,0.892607844270186,1,1,1,1,1,0,1,1,1,1,1,1,0,1,1
4999,0.134916525317519,0,1,1,1,0,1,1,1,1,1,0,1,0,0,1
5000,0.499572996251752,0,0,1,0,1,1,1,0,1,1,1,1,0,1,1
