"ID","Theta","Item1","Item2","Item3","Item4","Item5","Item6","Item7","Item8","Item9","Item10","Item11","Item12","Item13","Item14","Item15","Item16","Item17","Item18","Item19","Item20"
1,-1.77727569011492,0,0,0,0,0,0,1,0,0,0,0,0,0,0,0,0,1,1,0,0
2,1.04131378140522,1,0,1,1,0,0,0,1,0,0,0,1,0,1,1,1,0,0,0,1
3,-0.536153537915162,1,0,1,0,1,0,0,1,1,0,0,0,0,0,1,0,0,0,1,1
4,1.42139566688685,1,1,1,1,1,1,1,1,0,1,0,1,1,1,1,1,1,0,0,1
5,0.0121392874726634,0,0,1,1,1,0,1,1,0,0,0,0,0,1,1,0,0,0,1,0
6,-0.639862223650575,0,0,1,0,0,0,1,1,0,1,0,0,1,0,0,0,0,0,0,0
7,-0.742384623837287,1,1,0,1,1,0,1,1,1,0,0,0,0,0,1,0,1,0,0,1
8,0.314351147126443,0,0,0,0,0,0,0,1,1,0,0,0,1,0,1,0,1,0,1,1
9,-1.38099003254892,0,1,0,0,1,0,1,1,1,0,0,0,1,0,1,0,0,1,1,1
10,0.192449433542045,1,0,0,1,0,0,0,1,1,1,0,0,1,0,1,0,0,0,0,1
11,0.491179003732756,1,1,1,1,0,0,1,1,0,0,0,0,0,1,0,0,1,0,1,0
12,-0.159726332650096,1,0,0,1,1,0,1,1,1,0,0,0,1,0,0,0,1,1,0,1
13,0.0188179395056334,1,0,1,1,0,0,1,1,0,0,0,0,1,0,0,0,0,0,1,0
14,-0.450121043953272,0,0,0,0,1,0,1,1,1,0,0,0,0,0,1,0,1,1,1,0
15,-0.00681052432697939,1,1,0,1,0,0,1,1,1,0,0,1,1,0,1,0,1,1,0,0
16,-1.19080914097548,0,1,0,1,0,0,0,1,1,1,0,0,0,0,1,0,1,0,0,1
17,-0.854498823060066,1,1,0,0,0,0,1,1,0,1,0,0,0,0,0,0,1,0,0,1
18,-0.217253490810482,0,1,1,1,0,0,1,0,1,1,0,0,0,0,0,0,1,0,1,1
19,-0.620828635654856,1,0,0,0,1,0,0,1,0,0,0,0,0,1,0,0,1,0,0,1
20,1.14650715638409,1,0,1,1,1,0,1,1,1,1,0,1,1,1,0,1,0,1,1,0
21,0.730115329131464,1,1,1,1,0,0,1,1,1,1,0,1,1,1,1,0,1,1,0,1
22,-1.69381461020851,1,0,0,0,0,0,1,1,1,1,0,0,1,0,0,0,1,1,0,1
23,-2.07285176255813,0,1,0,0,0,0,1,0,0,0,0,0,1,0,0,0,0,0,0,0
24,-1.98609196338626,1,0,1,0,0,0,0,0,0,0,0,0,0,0,1,0,1,1,0,1
25,0.0828622765711471,0,0,0,1,0,0,0,1,1,1,0,1,0,0,1,1,1,0,0,0
26,-2.25284744738501,0,0,1,0,0,0,1,0,0,1,0,0,0,0,0,0,0,0,0,0
27,-0.179984821118795,0,1,1,1,0,0,1,1,1,0,0,0,1,0,1,0,1,0,0,0
28,0.466591743142435,1,0,1,1,0,0,0,1,0,1,0,0,0,1,1,0,0,0,0,0
29,-0.0485641885881111,0,0,0,1,1,0,0,1,1,0,0,0,0,0,1,0,1,0,0,0
30,0.581513294311957,1,0,0,1,0,0,1,1,0,1,0,0,1,1,0,1,0,0,0,1
31,1.53874623711177,0,0,1,1,1,0,0,1,1,1,0,1,1,1,1,1,0,1,0,1
32,-0.538138574383157,0,0,1,1,0,0,0,1,0,0,0,0,0,0,0,0,1,0,1,0
33,-0.394676135968045,0,1,0,1,0,0,0,1,1,1,0,1,0,0,1,0,0,0,1,1
34,1.54627639933913,0,0,0,1,0,0,1,1,0,0,0,1,0,1,1,1,1,1,0,0
35,-1.21109489489596,1,1,1,0,1,0,1,0,1,0,0,0,0,0,0,0,0,1,1,0
36,0.253890389066122,1,1,0,1,0,0,1,0,0,1,0,0,0,1,1,0,1,0,0,1
37,-0.836904965788906,1,0,0,0,0,0,0,1,1,0,0,0,1,0,0,0,0,1,1,0
38,1.02081873696505,1,1,0,1,1,0,1,1,1,0,0,1,0,1,1,1,0,1,1,0
39,-0.986980888137487,0,0,0,1,0,0,0,1,0,0,0,0,1,0,1,0,0,1,1,1
40,-1.43562815249163,1,0,1,0,1,0,1,1,0,1,0,0,0,0,1,1,1,1,0,0
41,1.39339734346685,1,0,1,1,1,0,0,1,0,1,0,1,1,1,1,1,1,0,0,0
42,1.09831457024739,1,1,1,1,1,0,0,1,1,0,0,1,1,0,0,0,0,0,1,1
43,1.14259543368775,1,1,0,1,0,0,1,1,1,1,0,1,1,0,1,0,1,1,1,1
44,2.04780460314381,1,1,0,1,1,0,0,1,1,0,1,1,1,1,0,1,0,1,1,1
45,0.590220415311649,1,1,1,1,0,0,0,1,1,1,0,1,1,0,0,0,0,0,0,0
46,1.09018215212522,0,1,1,1,0,0,0,1,1,0,0,1,0,1,1,1,1,1,0,1
47,0.994358616752771,0,1,1,1,0,0,1,1,1,0,0,1,1,0,0,0,0,0,1,0
48,-1.250499955286,0,0,0,1,0,0,0,0,0,0,0,0,0,0,0,0,0,0,0,0
49,1.29187324411364,1,0,0,1,0,0,1,1,1,1,0,1,0,1,0,1,1,0,0,1
50,-0.38156946255309,0,0,0,1,1,0,0,1,0,0,0,0,0,0,1,0,1,1,0,1
51,0.336322498654993,0,0,0,1,1,0,0,1,1,1,0,0,0,0,1,1,0,1,0,0
52,0.78613112314058,1,1,0,1,1,0,0,1,0,0,0,1,1,1,0,0,0,1,1,0
53,-0.292684687175583,1,1,1,0,0,0,1,1,1,1,0,0,1,0,1,1,1,0,0,0
54,0.198867275411255,0,0,1,1,1,0,1,1,1,1,0,1,1,1,1,0,1,1,1,1
55,1.2901761164089,1,0,1,1,1,0,1,1,1,0,0,0,0,1,1,1,1,1,0,1
56,1.20953016743845,1,1,1,1,1,0,0,1,0,0,0,1,0,1,1,1,1,1,1,0
57,-0.369643049261564,0,1,1,1,0,0,1,1,0,1,0,0,1,0,1,0,1,0,0,0
58,-1.85207022365084,1,0,0,0,1,0,0,0,1,0,0,0,0,0,1,0,0,0,1,0
59,0.712269857988293,0,1,1,1,1,0,1,1,1,0,0,1,0,0,1,1,1,0,0,1
60,-0.764013930767831,1,1,1,0,1,0,0,1,0,1,0,0,1,0,0,0,1,1,1,0
61,-1.54761683092214,1,0,0,0,0,0,0,0,1,1,0,0,1,0,1,0,0,1,0,0
62,0.692565493468318,0,0,1,1,0,0,0,1,0,0,0,1,1,1,0,1,1,1,0,1
63,-2.79196168155916,0,1,1,0,1,0,0,0,1,1,0,0,0,0,1,0,1,1,0,1
64,0.612356596305992,1,1,1,1,0,0,1,1,0,1,0,1,1,1,1,0,1,1,0,0
65,0.227456904272203,1,1,0,1,0,0,1,1,0,1,0,0,0,1,0,0,1,1,0,1
66,0.225166754537746,0,0,1,1,1,0,0,1,1,0,0,0,1,0,0,0,0,1,0,0
67,-1.32917444422387,1,1,0,0,0,0,0,1,1,0,0,0,1,0,1,0,0,1,1,0
68,-0.275945037024159,1,0,1,1,0,0,0,1,1,0,0,0,0,0,0,0,1,0,0,0
69,-0.2523060182306,0,1,0,1,0,0,0,1,1,0,0,0,1,0,1,0,1,1,0,1
70,-1.25042698598486,1,1,1,0,1,0,1,0,1,0,0,0,0,0,1,0,0,0,0,1
71,-0.41477363935588,1,0,0,1,1,0,0,1,1,0,0,0,1,1,0,0,1,1,1,0
72,0.447000030553567,1,0,0,1,1,0,0,1,0,1,0,1,0,1,1,0,1,1,0,0
73,-0.788648796762678,0,0,0,1,1,0,1,1,0,1,0,0,0,0,0,0,0,1,1,1
74,-0.325710663463521,0,1,0,1,1,0,0,1,1,0,0,0,1,0,0,0,0,1,0,0
75,-2.53099864783941,1,0,1,0,0,0,1,0,1,0,0,0,0,0,1,0,0,1,0,1
76,-0.279707482753763,1,1,0,1,1,0,1,1,0,0,0,0,1,0,0,0,0,0,0,1
77,-0.526018746869511,0,1,0,1,0,0,1,0,0,0,0,0,0,0,1,0,0,1,1,0
78,-0.358649343229453,0,0,1,0,0,0,1,1,1,1,0,0,0,0,1,0,0,1,1,1
79,-0.137699740358065,0,1,1,0,0,0,0,1,0,0,0,0,1,0,1,0,0,0,0,1
80,0.0160766923368599,1,1,0,1,0,0,1,1,0,0,0,0,0,0,0,1,0,1,1,1
81,-0.889863518973326,0,0,0,1,0,0,0,0,0,0,0,0,1,0,1,0,0,0,1,0
82,-0.375648364100372,1,0,0,1,0,0,0,1,1,0,0,0,0,0,1,0,1,1,0,1
83,-0.863251831476724,1,1,0,0,0,0,0,1,1,1,0,0,0,0,0,0,0,1,1,1
84,-0.890713651865027,1,0,1,1,1,0,0,0,1,0,0,0,0,0,1,0,0,0,0,0
85,0.985932021321439,1,1,1,1,1,0,1,1,1,1,0,0,0,1,1,1,1,1,0,1
86,-1.28476552882781,0,1,1,0,0,0,0,1,1,0,0,0,0,0,0,0,0,1,0,0
87,-0.00218718663485404,1,1,1,1,1,0,1,1,1,1,0,0,0,0,1,1,1,1,1,1
88,-0.31627487998477,0,0,0,1,1,0,1,1,1,1,0,0,1,0,1,0,0,0,1,1
89,-0.928454465663899,1,1,0,0,0,0,1,0,0,0,0,0,1,0,1,0,1,1,0,1
90,1.47705599017908,1,1,0,1,0,0,1,1,1,0,0,1,1,1,0,1,1,1,1,1
91,0.755074413678829,1,1,1,1,0,0,1,1,1,0,0,0,0,1,1,0,1,1,1,1
92,-0.484623768614157,0,0,1,0,0,0,1,1,1,0,0,1,0,0,0,0,1,0,0,1
93,-0.649555573816135,1,0,1,1,0,0,1,1,0,0,0,0,1,0,0,0,0,0,1,1
94,-0.380575521130275,0,0,1,0,1,0,0,1,0,0,0,0,1,0,1,0,1,0,1,1
95,0.67162661012055,0,1,0,1,0,0,1,1,1,0,0,1,0,1,1,0,0,1,1,1
96,-0.631645397099135,1,1,0,0,0,0,1,1,0,1,0,0,0,0,0,0,0,0,1,1
97,0.232790415365311,1,1,0,1,0,0,0,1,0,0,0,0,1,0,1,0,1,0,0,1
98,0.00202456189761379,1,1,0,1,0,0,0,1,1,0,0,0,0,0,0,0,0,0,1,0
99,-0.676794265390023,1,1,0,1,1,0,0,0,1,0,0,0,0,0,0,0,0,0,0,1
100,0.577395837249615,1,0,1,1,1,0,0,1,1,0,0,0,1,1,1,0,1,1,0,0
101,-0.840020927083371,0,1,1,0,1,0,0,1,1,0,0,0,1,0,1,0,0,0,0,0
102,0.330434360674908,0,0,1,1,1,0,1,1,1,0,0,0,1,0,1,1,1,0,0,1
103,1.01699656259497,0,0,1,1,0,0,0,1,1,0,0,0,1,0,0,1,0,1,1,1
104,0.198616683511119,1,1,1,1,0,0,0,1,1,1,0,1,0,0,1,0,1,1,0,1
105,-0.786031774711922,1,0,0,0,0,0,1,1,1,1,0,0,1,0,1,0,1,0,1,1
106,-0.929564034080314,0,0,0,0,0,0,0,1,0,0,0,0,0,0,1,0,0,0,0,0
107,-0.328307871432703,0,0,0,0,1,0,0,1,1,1,0,0,0,0,0,0,1,0,0,1
108,0.64591165532072,1,1,0,1,1,0,0,1,0,1,0,1,1,1,1,1,0,1,0,1
109,-0.0899765298530434,1,0,1,0,0,0,1,1,1,0,0,1,0,0,0,0,1,0,0,0
110,-0.486712206955872,1,0,0,1,1,0,1,0,1,1,0,0,0,0,1,0,1,1,0,1
111,0.546186498942617,1,1,1,1,1,0,1,1,0,0,0,0,1,0,1,0,0,0,0,0
112,-1.98029796747666,1,0,0,0,0,0,1,1,0,0,0,0,0,0,0,0,0,0,1,1
113,-0.0412804150220959,0,0,0,1,0,0,0,1,0,1,0,0,1,0,1,0,0,0,1,0
114,0.58661277075559,1,0,1,1,1,0,0,1,0,1,0,0,1,1,1,1,0,1,0,0
115,-1.52957108876005,0,0,0,0,1,0,0,0,1,0,0,0,0,0,1,0,1,0,1,0
116,1.44468619205472,0,1,1,1,0,0,1,1,1,0,0,1,0,1,1,1,0,1,0,1
117,0.965281121734735,1,0,1,1,1,0,1,1,0,0,0,1,0,1,0,1,1,1,0,1
118,0.281771202303878,0,1,1,1,1,0,1,1,0,1,0,0,0,0,1,0,1,0,0,0
119,0.749935536242029,0,1,0,1,1,0,1,1,0,0,0,1,0,1,0,1,0,0,0,0
120,1.64930991427043,1,0,1,1,0,0,1,1,0,0,0,1,1,1,0,1,0,1,1,0
121,0.20674676614126,0,0,1,1,0,0,0,0,0,0,0,0,0,0,0,0,1,1,0,1
122,-0.116381894990975,1,1,0,1,0,0,1,1,0,1,0,0,1,0,0,0,1,1,0,1
123,-0.45757719180892,0,0,1,1,0,0,1,0,1,0,0,0,0,0,0,0,1,1,0,1
124,-1.78543013620013,0,1,0,0,0,0,0,0,1,0,0,0,1,0,0,0,0,0,0,1
125,-1.82479835002498,0,0,0,0,0,0,0,1,1,1,0,0,1,0,0,0,0,0,0,1
126,0.0614897506922265,0,0,1,1,1,0,1,1,0,0,0,0,1,0,0,0,1,1,0,0
127,1.35809047482945,0,1,0,1,0,0,1,1,0,1,0,1,1,1,0,1,1,1,0,1
128,0.0193485994043745,1,0,0,0,0,0,0,1,1,0,0,0,1,0,0,0,1,1,1,1
129,0.334024110627901,0,0,1,1,0,0,0,1,1,0,0,1,1,0,1,1,1,1,1,1
130,-0.446774932239123,1,0,1,1,1,0,1,1,0,0,0,0,1,0,0,0,1,0,1,1
131,-0.564720995019513,0,0,0,0,1,0,1,1,1,1,0,0,0,0,1,0,1,1,0,0
132,-0.195172187841888,1,0,1,0,1,0,1,0,1,1,0,0,1,0,0,1,0,0,0,1
133,-1.93698270634113,0,0,1,0,1,0,1,0,0,1,0,0,1,0,0,0,0,0,1,1
134,-0.339771057318516,1,1,0,0,0,0,0,0,0,0,0,0,1,0,0,0,0,1,1,1
135,0.529076840258619,0,1,0,1,0,0,1,1,0,0,0,0,0,1,0,1,0,1,0,0
136,0.0557977099966608,1,1,0,1,0,0,1,1,0,0,0,0,0,0,0,0,1,1,0,1
137,1.58802991483862,0,1,1,1,0,0,0,1,1,0,0,1,1,1,1,1,0,1,0,0
138,1.33361492784406,0,0,0,1,1,0,0,1,1,1,1,1,1,0,0,1,1,1,1,0
139,0.554891204529782,1,1,1,1,1,0,1,1,0,0,0,0,0,0,1,1,0,1,1,0
140,-0.306979354460103,1,0,1,1,0,0,0,1,1,1,0,0,0,0,0,0,1,1,0,0
141,0.621358431544654,0,1,0,1,1,0,1,1,1,0,0,0,1,1,1,0,1,0,0,1
142,-0.859432817540853,0,1,1,1,1,0,1,0,0,0,0,0,1,0,1,0,0,0,0,0
143,-0.0599424463282312,0,0,1,1,1,0,0,1,0,1,0,1,1,0,0,0,0,1,0,1
144,0.348269793259905,0,1,0,1,1,0,1,1,1,1,0,0,0,1,1,0,0,0,1,1
145,-0.176896237487967,0,0,0,1,0,0,1,1,1,1,0,0,1,0,1,0,1,0,1,1
146,0.190794773170623,0,1,1,1,1,0,0,1,0,0,0,0,1,0,1,0,0,0,1,0
147,-0.912361525453515,0,0,0,0,0,0,1,1,1,0,0,0,0,0,0,0,0,1,0,1
148,0.0881109515489975,1,1,1,1,0,0,0,1,1,1,0,0,1,0,1,0,1,0,0,0
149,1.8500651539253,1,1,0,1,1,0,1,1,0,1,0,1,1,1,1,1,0,1,0,1
150,-0.440743847323423,1,0,0,0,0,0,1,1,1,1,0,0,0,0,1,0,0,1,0,0
151,0.323599348236737,1,1,0,1,0,0,0,1,1,0,0,0,1,0,0,0,1,0,1,1
152,2.23329410442161,0,0,1,1,1,1,1,1,1,1,1,1,1,1,1,1,1,0,0,0
153,-0.706462001577557,0,0,0,1,0,0,0,1,0,1,0,0,0,0,1,0,1,0,0,0
154,1.37309052921192,1,0,1,1,0,0,1,1,1,1,0,0,0,1,1,1,1,1,1,1
155,-2.77243380929826,0,0,0,0,0,0,1,0,0,0,0,0,1,0,0,0,0,0,0,1
156,0.858550308487132,0,1,1,1,1,0,0,1,1,0,0,0,1,1,1,1,1,0,1,1
157,0.612556935389977,0,0,1,1,0,0,0,1,0,1,0,1,1,0,1,1,0,1,0,0
158,0.309575863110646,0,0,0,1,1,0,0,1,0,0,0,0,1,1,0,0,0,0,1,0
159,-0.395602568030592,0,0,0,1,0,0,0,1,0,0,0,0,0,0,0,0,0,0,0,1
160,0.659709038646993,1,0,1,1,1,0,1,1,1,1,0,0,1,1,0,0,0,1,1,1
161,0.8775068667654,0,0,1,1,0,0,1,1,1,1,0,0,0,0,0,1,1,1,1,0
162,-1.38518488547912,0,1,0,0,1,0,0,0,1,0,0,0,1,0,0,0,1,0,1,0
163,0.795420567997279,0,1,1,1,0,0,0,1,0,0,0,1,0,0,1,1,1,1,0,0
164,-0.116077922332013,0,0,0,1,0,0,0,1,1,0,0,0,0,0,1,0,0,1,0,1
165,0.00214997674117588,1,1,1,1,0,0,0,1,0,0,0,0,1,0,1,0,1,0,1,0
166,-0.669457721683351,0,1,1,0,0,0,1,1,0,0,0,0,0,0,1,0,1,1,0,0
167,-1.45711887293313,1,0,0,0,1,0,1,0,1,1,0,0,1,0,1,0,1,0,1,1
168,0.137462294669216,0,0,1,0,1,0,1,1,1,1,0,0,0,0,0,1,1,0,1,1
169,0.213468993957945,0,1,1,1,0,0,0,1,1,0,0,1,0,0,1,1,1,0,1,1
170,-0.586788549810189,1,0,0,1,1,0,0,1,1,0,0,0,0,0,1,0,0,1,1,0
171,-0.676438172904418,1,0,0,0,1,0,1,1,0,0,0,0,1,0,1,0,0,0,1,0
172,0.486575202992012,1,1,0,1,1,0,0,1,1,1,0,0,1,0,0,0,1,0,0,0
173,-1.18255308796439,0,0,0,0,0,0,0,1,1,0,0,0,0,0,0,0,0,1,1,0
174,-0.634599421865387,1,1,1,1,0,0,1,1,1,0,0,0,0,0,1,0,1,0,0,1
175,2.16699879645207,1,1,1,1,0,0,1,1,1,0,0,1,1,1,1,1,1,0,0,0
176,0.350161279856695,0,0,0,1,1,0,0,1,1,0,0,0,1,0,1,0,1,1,0,1
177,-1.77393157653643,0,1,0,0,0,0,0,0,0,1,0,0,0,0,1,0,0,0,0,0
178,-0.55479054088546,1,1,0,0,0,0,1,1,0,0,0,0,1,0,0,0,0,0,0,1
179,0.452117937040605,1,0,0,1,0,0,0,1,1,0,0,1,0,1,1,1,0,1,0,0
180,-1.04392087656041,1,1,1,0,0,0,1,1,1,0,0,0,0,0,0,0,0,1,0,0
181,-2.40010605756431,0,1,0,0,0,0,0,0,1,0,0,0,0,0,0,0,0,0,0,0
182,0.350577961971665,1,1,1,1,1,0,1,1,1,1,0,0,1,0,1,0,1,1,1,1
183,0.50994714658314,1,0,1,1,1,0,1,1,0,1,0,0,1,1,1,0,1,0,0,0
184,-0.640048268641389,0,1,1,0,1,0,0,1,0,0,0,0,0,0,1,0,0,1,0,1
185,-0.449180660785878,1,0,0,1,0,0,0,1,0,1,0,0,1,0,1,0,0,0,1,0
186,0.342316193436526,1,0,1,1,1,0,0,1,1,1,0,0,0,0,1,0,1,1,1,0
187,-0.322823360446905,0,0,1,1,0,0,1,1,0,0,0,0,0,1,0,0,0,1,0,0
188,0.59036208657417,0,0,0,1,0,0,0,1,0,0,0,0,0,0,0,1,0,0,0,0
189,-1.72649983653194,1,0,0,0,0,0,1,0,0,0,0,0,1,0,0,0,0,1,0,0
190,-0.309024357219646,1,0,1,1,0,0,0,1,1,0,0,1,1,0,1,0,1,0,0,0
191,-0.640525130491465,1,1,1,1,1,0,0,1,0,1,0,0,0,0,1,0,1,0,0,1
192,0.0278154086301542,1,1,1,1,1,0,1,1,0,0,0,0,1,0,1,0,1,1,1,1
193,1.34096078439273,0,1,0,1,1,0,0,1,1,0,0,1,1,1,1,1,0,1,0,1
194,-0.850425034887027,0,1,0,0,0,0,0,1,0,0,0,0,1,0,1,1,1,1,0,0
195,0.254485121645737,1,1,1,1,0,0,0,1,1,0,0,0,0,0,1,0,1,0,0,0
196,0.764068072264928,1,1,1,1,1,0,1,1,1,0,0,1,1,1,1,1,1,0,0,1
197,1.37530254036738,1,1,1,1,1,0,0,1,0,1,0,1,1,1,1,1,0,1,0,1
198,0.77316562484664,1,0,0,1,1,0,0,1,0,1,0,0,1,0,1,1,0,1,1,0
199,-0.15239782377074,1,0,0,1,0,0,1,1,0,1,0,1,1,0,0,0,1,1,0,0
200,0.0222461150250101,0,0,0,1,0,0,1,1,0,0,0,0,1,0,0,0,1,0,1,1
201,0.0191683528014108,0,1,0,0,1,0,0,1,1,1,0,0,0,0,1,0,0,1,0,1
202,-0.771283711809827,0,0,1,0,0,0,0,1,0,1,0,0,0,0,0,0,1,0,1,0
203,0.58117542136755,1,0,0,1,1,0,1,1,1,0,0,1,0,0,0,0,1,0,1,1
204,2.41332512620825,0,1,1,1,1,1,1,1,1,0,1,1,1,1,0,1,1,0,0,0
205,-1.71373418404099,0,0,1,0,0,0,1,0,0,1,0,0,1,0,0,0,0,0,0,0
206,-1.26139503922668,0,0,1,0,0,0,0,1,1,1,0,0,1,0,1,0,1,0,0,0
207,0.784863181552569,1,1,0,1,0,0,1,1,0,0,0,1,1,1,0,1,1,0,1,1
208,0.854445688499142,0,0,1,1,1,0,1,1,1,1,0,0,1,1,1,1,1,0,0,1
209,-1.06992585016354,0,0,1,0,1,0,1,1,0,1,0,0,0,0,0,0,0,0,0,0
210,0.785249479614044,0,1,0,1,1,0,0,1,1,1,0,1,1,1,0,1,0,0,0,1
211,1.23974030689707,0,0,1,1,0,0,1,1,1,1,0,1,0,1,1,1,1,0,1,1
212,0.907469564299325,0,0,1,1,0,0,0,1,1,1,0,1,1,1,1,1,1,1,0,0
213,-1.56298578001431,0,0,0,0,0,0,0,0,0,0,0,0,1,0,0,0,0,0,0,0
214,1.49751863594033,0,0,1,1,0,0,1,1,1,1,0,1,1,1,0,0,0,1,1,1
215,1.19489563021881,1,0,1,1,0,0,1,1,1,1,0,1,1,1,0,1,0,0,1,0
216,-0.285080169123341,0,0,0,1,0,0,1,1,0,0,0,0,1,0,1,0,1,1,0,1
217,1.74989598139208,1,0,0,1,1,0,1,1,1,1,0,1,0,1,1,1,1,1,1,0
218,-0.330323730358406,0,0,0,0,0,0,0,1,1,1,0,0,1,0,0,0,1,0,0,0
219,1.28990082588089,1,0,1,1,0,0,1,1,0,1,0,0,0,1,1,1,1,0,0,0
220,1.42128953952512,1,1,0,1,0,1,1,1,0,1,0,1,0,1,1,1,1,0,1,0
221,-0.754535640073765,0,1,1,0,0,0,0,1,0,0,0,0,1,0,1,0,0,0,1,0
222,-0.0641785715855728,1,0,1,1,1,0,1,1,0,1,0,0,0,0,1,0,0,1,1,1
223,-0.463310157944039,0,0,0,1,1,0,1,1,0,0,0,0,0,0,1,0,0,1,0,0
224,-0.633582447419951,1,1,1,1,0,0,1,1,0,0,0,0,1,0,1,0,1,0,0,1
225,0.502533183959985,0,1,1,1,1,0,1,1,0,1,0,0,1,1,1,0,1,1,0,0
226,1.44305916270695,0,0,0,1,0,0,1,1,1,0,0,1,1,1,0,1,1,1,0,0
227,1.3987525132238,1,1,1,1,0,0,1,1,0,1,0,0,0,1,0,1,1,1,1,1
228,-0.384504577620278,1,1,1,1,0,0,1,1,1,0,0,0,1,0,1,0,0,0,0,0
229,-0.0348949523869318,1,0,0,1,0,0,0,1,1,1,0,0,1,1,1,1,1,1,0,1
230,-0.909113190962893,0,0,0,0,0,0,0,1,1,1,0,0,0,0,0,0,1,1,0,0
231,0.925434246941194,1,1,0,1,1,0,0,1,0,0,0,0,0,1,1,0,0,1,1,1
232,-1.44963095754374,0,0,1,0,0,0,0,0,1,1,0,0,0,0,1,0,1,0,0,0
233,-1.73753495135213,1,0,0,0,0,0,0,0,0,0,0,0,1,0,0,0,0,0,0,0
234,0.782096522298476,1,1,1,1,1,0,0,1,1,1,0,0,0,0,1,0,1,0,0,1
235,-0.336085345784189,0,1,0,1,1,0,0,1,1,0,0,0,0,0,1,0,0,0,0,1
236,1.5473499112276,0,0,1,1,0,0,0,1,0,0,0,1,1,1,0,1,1,1,0,1
237,1.57991110447123,0,1,1,1,1,0,0,1,0,1,1,1,1,1,0,1,0,1,1,1
238,-1.44396408080931,0,0,0,0,0,0,0,0,0,1,0,0,1,0,0,0,0,1,0,0
239,-1.04123434465524,1,0,1,0,0,0,1,1,0,0,0,0,1,0,0,0,0,0,0,1
240,1.02496132743478,1,0,1,1,1,0,0,1,0,0,0,1,1,1,1,1,0,0,1,1
241,-0.0166438992522291,0,0,1,1,1,0,0,1,0,1,0,1,0,0,0,0,0,1,1,0
242,0.77814077616733,0,0,1,1,0,0,0,1,1,1,0,0,1,1,1,1,0,1,0,0
243,-0.372880566427834,0,1,0,1,1,0,1,1,0,1,0,0,0,1,1,0,0,1,0,1
244,-0.201146473636722,0,1,1,1,1,0,0,1,0,1,0,0,0,0,1,0,0,0,0,1
245,1.45746566973689,0,1,1,1,0,0,1,1,1,1,0,1,0,1,1,1,1,0,1,0
246,0.451917897296425,1,1,1,1,1,0,1,1,1,1,0,0,1,0,0,0,0,1,1,0
247,-0.737208856642099,1,0,0,1,0,0,1,1,0,0,0,0,1,0,1,0,0,1,0,1
248,-0.175983305515497,0,1,1,0,1,0,0,1,0,1,0,0,1,0,0,1,0,1,0,0
249,-0.535942454395438,1,0,1,1,0,0,0,0,1,0,0,0,1,0,0,0,1,0,0,0
250,-0.0873545538948988,1,0,0,1,0,0,0,1,0,0,0,0,0,1,0,0,1,0,0,1
251,-0.432168184201751,1,1,1,0,0,0,0,1,0,0,0,0,0,1,0,0,1,1,0,1
252,0.17356543148254,0,1,1,1,1,0,0,1,1,1,0,1,1,0,1,1,1,1,1,1
253,0.573921408104806,0,1,1,1,0,0,1,1,1,0,0,0,0,1,1,0,1,0,0,1
254,-0.452527552830163,0,1,1,0,0,0,1,1,1,0,0,0,1,0,0,0,0,1,0,0
255,-0.52602149847569,1,0,0,1,0,0,0,1,0,1,0,0,0,0,1,0,1,1,1,0
256,-0.300846263692698,0,1,1,1,0,0,0,1,1,1,0,0,0,0,1,0,0,1,0,0
257,0.336059425761648,0,1,1,1,0,0,1,1,1,0,0,0,0,0,0,0,1,0,1,1
258,-0.25621860239228,1,0,0,0,1,0,0,1,1,0,0,0,0,0,1,0,1,1,0,0
259,-0.950560142847613,0,1,1,0,0,0,0,1,1,0,0,0,1,0,1,0,0,0,0,1
260,-0.608909426200729,1,1,1,0,0,0,0,1,1,1,0,0,0,0,0,0,0,0,1,1
261,2.35485714941137,1,1,0,1,0,0,1,1,1,1,1,1,0,1,1,1,1,0,0,0
262,-0.630596856681883,1,1,0,0,0,0,0,1,0,1,0,0,0,0,1,0,1,1,1,0
263,1.27001320436792,1,1,0,1,1,0,1,1,1,0,0,1,1,1,1,1,0,0,0,1
264,-0.501681521098099,0,0,1,0,0,0,0,1,1,0,0,0,1,0,0,0,0,1,0,0
265,0.201651062710384,0,1,0,1,1,0,1,1,0,0,0,0,0,1,0,0,0,0,1,0
266,-0.496440383140097,1,1,1,1,1,0,1,1,0,1,0,0,1,0,1,0,1,1,0,0
267,0.709888141183925,0,1,0,1,1,0,1,1,1,0,0,0,1,0,1,1,0,0,0,0
268,-0.265125141936313,1,1,1,0,0,0,0,1,1,1,0,0,1,0,1,0,0,1,0,1
269,-0.847750372847385,1,1,0,1,0,0,0,1,0,0,0,0,0,0,0,0,1,1,0,1
270,-0.0409883392710235,1,1,0,1,0,0,0,1,0,0,0,0,0,0,1,0,1,1,0,1
271,0.0823507376643519,1,1,1,1,1,0,1,0,1,1,0,0,0,0,1,0,0,0,0,0
272,-1.02625437263917,0,1,1,0,0,0,1,1,1,1,0,0,0,0,1,0,1,1,0,1
273,0.982229854364793,1,0,1,1,0,0,0,1,0,1,0,1,0,1,1,1,0,1,0,0
274,-0.986592605111756,1,0,0,0,0,0,0,0,0,0,0,0,1,0,1,0,0,0,0,1
275,0.0578293262527785,1,0,0,1,0,0,0,1,1,0,0,0,0,0,0,0,1,1,1,1
276,0.904640997168971,0,1,1,1,0,0,0,1,1,0,0,1,1,1,0,1,0,1,0,0
277,-1.39995016781597,0,0,0,0,1,0,0,1,0,0,0,0,0,0,0,0,1,1,1,0
278,-1.02583058919976,0,0,0,0,1,0,0,1,1,0,0,0,1,0,0,0,0,1,1,1
279,0.0642161160252754,0,1,0,1,0,0,1,1,0,1,0,0,1,0,0,0,0,1,1,1
280,-0.2844036414917,1,0,1,0,0,0,0,1,1,0,0,0,0,0,0,0,0,1,1,0
281,1.1021864721463,1,0,0,1,0,0,0,1,1,0,0,1,1,0,1,0,0,1,0,0
282,-0.0763760885393813,1,0,0,1,0,0,0,1,0,1,0,0,1,0,0,1,1,0,1,1
283,0.246939433049327,1,0,0,1,0,0,0,1,0,1,0,0,0,0,0,0,1,1,0,1
284,-1.05365584961266,0,1,1,0,0,0,1,1,1,0,0,0,0,0,0,0,0,0,1,1
285,0.928406831436554,0,1,1,1,1,0,1,1,0,0,0,0,1,1,1,1,1,1,0,1
286,0.303782312602585,0,1,0,1,0,0,0,1,1,0,0,1,1,0,0,0,1,0,1,0
287,-0.978611144967175,0,0,0,0,1,0,0,1,1,0,0,0,1,0,0,0,1,1,0,0
288,0.516657546201628,0,0,1,1,0,0,0,1,0,1,0,1,0,1,1,1,1,1,0,1
289,0.422896706509442,1,1,1,1,0,0,1,1,1,1,0,1,0,1,0,0,0,1,0,1
290,0.137739416226072,1,1,1,1,1,0,1,1,1,0,0,1,1,1,1,0,0,0,0,1
291,0.740200412108946,0,1,1,1,0,0,1,1,1,0,0,1,0,1,0,1,0,1,0,0
292,0.0644676533131433,1,0,0,1,0,0,0,1,0,1,0,0,0,0,0,0,1,1,1,1
293,0.127357576445138,1,1,0,1,0,0,0,1,1,1,0,1,0,1,1,0,1,1,0,1
294,-0.455523834279497,1,1,1,0,1,0,0,1,1,0,0,0,0,0,0,0,0,1,0,0
295,-1.81090859469476,0,0,1,0,0,0,0,0,0,0,0,0,1,0,0,0,0,0,0,0
296,-0.862987159004163,1,0,1,0,0,0,1,1,1,1,0,0,0,0,1,0,0,1,0,0
297,-0.662877160026275,1,0,0,0,1,0,1,0,0,0,0,0,0,0,0,0,1,0,0,0
298,-0.866857151719672,1,0,1,1,0,0,0,1,0,1,0,0,0,0,1,0,0,0,0,1
299,0.389237031133313,1,1,0,0,1,0,0,1,0,0,0,0,1,1,1,0,1,1,1,0
300,1.38116914697876,1,1,1,1,1,0,1,1,0,1,0,1,0,1,0,1,1,1,1,1
301,0.897016104699082,1,0,1,1,1,0,0,1,0,0,0,1,1,1,0,1,0,1,1,1
302,-0.0095913298704851,0,0,1,1,1,0,1,1,1,1,0,0,0,1,1,0,0,0,1,0
303,0.529071694590286,0,1,0,1,0,0,0,1,1,0,0,0,0,0,1,1,1,1,0,0
304,1.1325155181546,1,0,0,1,1,0,1,1,0,1,0,1,0,1,1,1,1,1,0,1
305,-0.648691448452613,0,1,1,0,0,0,0,1,1,0,0,0,0,0,1,0,0,1,0,1
306,-0.290115941283107,0,0,0,0,1,0,1,1,1,1,0,0,1,0,1,0,1,0,1,1
307,-0.119475446092763,1,1,0,1,0,0,1,1,0,0,0,0,0,0,0,0,0,0,0,1
308,-0.185788325089897,0,0,1,0,1,0,0,1,1,1,0,0,1,0,1,0,1,0,0,0
309,-0.38902051362411,0,1,1,1,1,0,1,1,1,1,0,0,1,1,1,0,0,0,0,0
310,-0.513918003153285,1,0,0,1,1,0,0,1,0,0,0,0,1,0,1,0,0,1,0,0
311,-0.999824176236225,1,1,1,0,0,0,0,1,1,1,0,0,0,0,1,0,1,0,0,1
312,0.88054057991629,1,1,1,1,1,0,1,1,1,0,0,1,1,1,1,0,0,1,1,0
313,1.03467112204788,1,0,1,1,1,0,1,1,1,1,0,1,0,1,0,1,0,0,1,1
314,0.380316399655106,1,1,1,1,1,0,0,1,1,1,0,0,0,1,0,0,0,0,0,1
315,-0.615147198440529,0,1,0,0,1,0,0,1,0,1,0,0,0,0,0,0,1,0,1,1
316,-1.35181721035803,0,1,0,0,1,0,1,0,1,1,0,0,1,0,1,0,1,1,0,1
317,-0.339186449238255,0,0,0,0,0,0,0,1,0,0,0,0,0,0,0,0,1,1,0,1
318,-1.1421283534129,0,1,1,0,1,0,1,0,0,0,0,0,1,0,1,0,1,1,0,1
319,0.279367835741223,0,0,1,1,1,0,0,1,1,0,0,0,0,1,1,0,1,1,0,1
320,0.246673403631181,1,1,0,1,0,0,1,1,0,1,0,1,1,0,1,0,1,1,0,1
321,0.138320715973134,0,0,0,1,1,0,0,1,0,1,0,0,0,0,1,0,1,1,0,1
322,0.603356199843381,1,1,1,1,0,0,1,1,1,1,0,0,1,0,1,0,1,1,0,0
323,0.850837931825132,1,0,0,1,1,0,1,1,1,0,0,1,0,0,1,1,0,1,0,0
324,0.543410533785734,1,0,1,1,0,0,0,1,1,0,0,0,0,1,1,0,0,0,1,1
325,2.33207179119086,1,0,1,1,1,0,1,1,1,0,1,1,1,1,0,1,0,1,1,1
326,-0.449939925466122,0,1,1,1,0,0,0,1,0,0,0,0,1,0,1,0,0,1,1,1
327,-0.265126101669743,1,0,0,1,1,0,0,1,1,0,0,0,0,0,0,0,0,1,1,1
328,0.0256970423660639,1,0,0,1,0,0,0,1,1,0,0,0,1,1,1,0,1,1,1,1
329,-0.0970358125879134,0,1,0,1,0,0,0,1,1,0,0,1,1,0,0,0,1,0,1,0
330,1.36429682374874,0,1,0,1,0,0,1,1,1,1,0,1,1,1,1,1,1,0,0,0
331,-0.187482305133728,0,0,0,1,1,0,1,1,0,0,0,0,1,0,0,0,0,1,0,0
332,0.973392995455084,0,0,0,1,0,0,0,1,1,1,0,1,0,1,1,1,1,1,1,0
333,-0.695620446171967,0,0,1,0,0,0,0,1,0,1,0,0,0,0,0,0,1,1,1,0
334,0.69498275702767,1,0,0,1,0,0,1,1,1,0,0,1,1,0,1,0,1,0,0,0
335,-1.91888797513002,1,0,0,0,0,0,0,1,0,0,0,0,1,0,1,0,0,0,0,0
336,3.13601957012825,1,0,0,1,1,1,1,1,1,0,1,1,0,1,1,1,0,0,1,1
337,-0.0692304820667496,0,1,1,1,0,0,0,1,0,1,0,0,0,1,1,0,1,1,0,0
338,-1.3274917728951,1,0,1,0,1,0,1,1,1,0,0,0,0,0,1,0,1,0,0,1
339,-1.61349926927109,0,0,0,1,0,0,1,0,0,0,0,0,1,0,0,0,1,1,1,1
340,0.640969863026733,0,1,0,1,1,0,1,1,1,0,0,1,1,0,0,1,1,1,0,0
341,1.35252608361123,0,1,0,1,0,0,1,1,1,0,0,1,1,1,1,1,0,0,1,0
342,-1.25489359583157,1,0,0,0,1,0,1,0,0,0,0,0,0,0,1,0,0,0,0,1
343,-0.0511291784181025,1,1,0,1,1,0,1,1,0,0,0,0,1,1,1,0,0,0,1,0
344,1.95085447874856,1,0,1,1,1,0,0,1,0,1,0,1,1,1,0,1,1,1,1,1
345,-0.26810195224718,1,1,0,1,1,0,0,1,1,1,0,0,1,0,0,0,1,0,0,0
346,0.296838488265294,1,0,0,1,1,0,1,1,1,0,0,0,1,1,0,0,1,1,1,0
347,0.148129262085429,0,1,1,1,1,0,0,1,0,0,0,0,0,1,1,0,1,1,1,0
348,-2.40674456998284,0,1,0,0,0,0,0,0,0,0,0,0,1,0,1,0,0,0,0,1
349,-1.00609967816509,0,0,0,0,0,0,1,1,0,0,0,0,0,0,0,0,0,1,0,0
350,-0.463793354113568,1,1,1,0,0,0,0,1,1,0,0,0,1,0,1,0,1,0,0,0
351,0.449539600662355,1,0,0,1,0,0,1,1,1,1,0,0,0,1,0,0,1,0,0,1
352,0.280042015818431,1,0,0,1,0,0,0,1,1,1,0,0,1,1,1,1,0,1,1,0
353,0.32865666575276,0,0,1,1,0,0,0,1,0,0,0,0,1,1,1,0,0,0,0,1
354,-0.824516350036438,0,0,1,0,1,0,0,1,0,1,0,0,1,0,1,0,0,1,1,0
355,1.82524225826944,1,0,0,1,1,0,1,1,1,0,0,1,1,1,1,1,1,0,1,1
356,0.375035962687221,1,1,1,1,0,0,1,1,1,0,0,1,1,1,1,0,1,0,1,0
357,-0.620393661312904,0,1,0,0,0,0,1,1,0,0,0,0,0,0,1,0,1,0,0,0
358,2.11590941320525,1,1,1,1,1,0,1,1,1,0,0,1,1,1,1,1,0,1,1,0
359,1.59669308677645,1,1,1,1,0,0,1,1,0,0,0,1,1,1,1,1,1,0,0,1
360,0.138436991506498,0,0,1,1,1,0,1,1,1,0,0,0,0,0,0,0,0,0,0,1
361,2.2027815647008,1,1,0,1,1,0,1,1,1,0,1,1,0,1,0,1,0,1,1,1
362,1.80206673647069,1,1,1,1,1,0,0,1,1,0,0,1,0,1,0,1,0,0,1,1
363,0.507544296564018,1,0,0,1,0,0,0,1,1,0,0,0,0,0,0,0,0,0,0,0
364,-0.77940099052774,1,0,0,1,0,0,1,1,1,0,0,0,0,0,1,0,0,0,1,0
365,0.953207286300501,0,1,1,1,1,0,1,1,1,0,0,1,0,1,1,1,1,1,1,1
366,-3.13060221800015,1,0,0,0,0,0,1,0,1,0,0,0,0,0,1,0,0,1,0,1
367,-0.0770225613956579,0,1,0,1,0,0,1,1,1,0,0,1,0,0,0,0,1,1,0,0
368,0.990164590126085,1,0,0,1,1,0,0,1,0,0,0,0,1,1,1,1,1,0,1,1
369,1.84171100034137,1,1,1,1,1,0,0,1,0,1,0,1,0,1,1,1,0,1,0,1
370,-0.00697643644723166,1,1,0,1,0,0,1,1,0,1,0,0,0,1,1,0,0,1,1,0
371,1.16892578758899,0,0,0,1,1,0,1,1,1,1,0,0,1,1,1,0,0,1,0,1
372,-1.39996021233565,1,1,0,0,1,0,1,0,0,0,0,0,1,0,0,0,1,0,1,0
373,0.487166468731881,0,1,1,1,1,0,0,1,0,1,0,0,1,0,1,0,0,1,0,1
374,0.770617130457343,1,1,0,1,1,0,0,1,1,0,0,0,1,1,1,0,0,1,1,0
375,0.211734016652554,1,1,1,1,1,0,1,1,1,0,0,0,1,0,1,1,0,0,0,0
376,0.37498845972882,1,1,1,1,1,0,0,1,0,1,0,0,1,1,1,0,1,1,0,1
377,-2.96056739654272,1,0,0,0,0,0,1,0,0,0,0,0,0,0,0,0,1,0,0,0
378,0.630897229293642,1,0,1,1,1,0,0,1,0,1,0,1,1,1,0,0,0,1,0,0
379,-0.623571329665823,1,0,0,0,0,0,1,0,1,0,0,0,0,0,0,0,0,1,0,0
380,-0.466866670977596,0,1,0,1,0,0,0,1,0,0,0,0,1,0,0,0,0,0,0,1
381,1.23380668897725,1,0,1,1,1,0,1,1,1,1,0,0,1,1,1,1,1,1,1,1
382,0.0591709503480321,0,0,1,1,0,0,1,1,0,1,0,0,1,0,0,1,0,0,1,0
383,1.06963815312793,0,0,1,1,0,0,1,1,0,0,0,0,1,1,1,0,1,0,1,0
384,-1.45616496783575,1,0,0,0,0,0,0,0,1,0,0,0,0,0,0,0,1,0,0,0
385,0.23050937820818,0,1,1,1,1,0,1,1,1,1,0,0,0,1,1,0,1,0,0,0
386,0.0195271819629962,1,1,0,1,0,0,1,1,1,0,0,1,0,0,1,0,0,0,1,1
387,0.407046032972549,0,1,0,1,0,0,0,1,0,0,0,1,1,1,1,0,1,0,0,1
388,-0.214261651696436,0,0,1,1,1,0,0,1,1,0,0,0,1,0,0,0,1,1,1,1
389,-0.565483110355737,0,1,0,0,0,0,1,0,0,1,0,0,0,0,0,0,0,1,0,0
390,0.257193499576974,1,0,0,1,1,0,1,1,1,0,0,0,1,0,0,0,1,0,1,0
391,-1.19155182700198,1,1,0,0,1,0,0,0,1,1,0,0,0,0,1,0,1,1,0,0
392,0.71871850224702,1,1,1,1,0,0,0,1,0,1,0,0,0,1,0,1,1,0,1,0
393,0.618553251051895,1,0,1,1,0,0,1,1,0,0,0,1,0,1,1,0,1,1,1,1
394,-0.977912655943165,1,1,0,0,0,0,0,0,1,0,0,0,1,0,0,0,1,0,0,1
395,0.265978938673787,1,0,1,1,0,0,0,1,0,1,0,1,0,0,1,0,0,0,1,1
396,-0.256187034414142,1,0,1,1,1,0,1,1,0,1,0,0,0,0,1,0,0,1,0,1
397,-0.472472570521021,0,0,0,1,1,0,0,1,1,0,0,0,0,0,0,0,0,1,0,1
398,0.113333612198052,0,0,1,1,1,0,1,1,0,0,0,0,0,0,0,0,1,1,1,0
399,-1.92098595051953,0,1,1,0,1,0,1,0,1,0,0,0,0,0,1,0,0,1,0,0
400,-0.223000792598173,0,0,0,1,1,0,0,1,0,1,0,0,0,0,0,1,0,0,0,1
401,0.460807084598249,0,1,1,0,0,0,1,1,1,0,0,1,0,0,0,1,1,0,1,0
402,-0.0369653884388171,1,1,0,1,1,0,1,1,1,1,0,0,1,1,0,0,1,1,0,1
403,1.64802700003082,1,0,1,1,0,0,0,1,1,0,0,1,1,1,0,0,1,0,0,1
404,0.557008646653989,0,0,0,1,0,0,0,1,1,1,0,1,0,1,0,1,0,1,0,0
405,-1.5472296598405,0,1,1,0,1,0,1,1,1,0,0,0,0,0,1,0,1,1,1,1
406,0.16446904402639,1,1,1,1,1,0,1,1,0,0,0,0,0,0,1,0,0,0,0,0
407,-0.159683279527714,0,1,0,0,0,0,0,1,0,1,0,1,0,1,1,0,1,0,0,0
408,2.17306680325123,1,0,1,1,0,0,1,1,1,0,1,1,0,1,1,1,1,0,0,0
409,0.137311849168772,0,1,0,0,1,0,0,1,1,0,0,0,1,0,0,0,1,1,1,0
410,-0.514708210790131,0,1,1,1,1,0,0,1,1,1,0,0,1,0,0,0,0,1,0,1
411,-0.132130387231571,1,1,0,1,0,0,1,1,0,1,0,0,0,0,1,0,1,1,0,0
412,-0.83344492961355,0,1,0,1,1,0,0,1,0,0,0,0,1,0,0,0,1,0,0,0
413,-0.69215076704946,0,1,1,1,0,0,1,0,1,0,0,0,0,0,1,0,0,0,0,0
414,-0.101217896846409,0,1,1,1,0,0,1,1,0,1,0,0,0,0,0,0,1,0,0,0
415,0.912431717334785,1,0,1,1,0,0,1,1,1,0,0,1,1,1,1,1,0,1,1,1
416,-0.422858335552761,0,0,0,1,1,0,0,1,0,0,0,0,0,0,0,0,1,0,0,1
417,-0.628818671997798,0,0,0,0,1,0,0,1,1,0,0,0,0,0,1,1,1,0,0,0
418,-0.64648957909669,1,0,1,0,1,0,0,1,0,0,0,0,0,0,0,0,1,0,1,0
419,0.65107337715255,1,0,0,1,1,0,0,1,1,0,0,0,0,1,0,1,0,1,1,0
420,-0.6567580895011,0,1,0,0,1,0,0,1,1,0,0,0,0,0,0,0,0,0,0,0
421,-0.0906723996268659,0,0,0,1,1,0,1,1,0,1,0,0,1,0,1,0,1,0,0,0
422,0.901313079278829,1,0,0,1,0,0,0,1,0,1,0,1,0,1,1,0,1,0,1,0
423,-0.0119364931063513,1,1,0,1,1,0,0,1,0,0,0,0,1,0,1,0,1,0,1,0
424,0.839738479844303,0,1,0,1,1,0,1,1,1,0,0,0,0,0,1,0,1,0,0,1
425,0.692929921667118,1,1,1,1,0,0,1,1,0,1,0,0,1,1,1,0,0,1,1,0
426,-0.127008181352928,0,0,0,1,1,0,0,1,1,1,0,0,0,0,1,0,1,0,0,0
427,-0.419970321394011,1,0,0,1,0,0,1,1,0,0,0,0,1,0,0,1,1,1,0,1
428,-1.14322354983428,0,1,0,0,1,0,0,0,1,1,0,0,0,0,1,0,0,0,0,1
429,0.969724294934163,0,1,0,1,1,0,1,1,0,0,0,1,1,1,1,1,0,1,0,0
430,0.660113845251443,1,0,1,1,1,0,0,1,1,0,0,0,0,0,0,1,1,1,1,0
431,-1.60052523607816,0,1,0,0,1,0,0,0,0,0,0,0,0,0,1,0,0,0,1,1
432,1.81352493692148,1,1,0,1,1,0,1,1,0,0,0,1,0,1,1,1,1,1,0,1
433,-1.47292814888327,1,0,0,0,0,0,0,0,0,1,0,0,0,0,1,0,0,0,0,0
434,-0.246642313150148,0,1,0,1,0,0,0,1,0,1,0,0,0,0,1,0,0,0,0,1
435,0.987512346028292,1,1,0,1,0,0,1,1,0,0,0,1,0,1,1,0,0,1,1,0
436,-0.806737806716142,1,1,0,0,0,0,0,1,0,1,0,0,0,0,0,0,0,0,0,0
437,0.640742231578205,0,0,0,1,1,0,1,1,0,1,0,1,1,1,0,1,1,0,1,1
438,0.491340114371821,1,0,1,1,0,0,1,1,1,0,0,0,0,1,1,0,1,1,0,1
439,-0.502444784904498,1,1,0,1,1,0,0,1,0,1,0,0,1,0,0,0,1,0,1,0
440,0.206627482066935,0,0,1,1,0,0,0,1,0,0,0,0,1,1,1,0,0,0,0,1
441,-0.611873386864083,0,1,0,0,1,0,1,1,1,0,0,0,1,0,1,1,0,0,1,1
442,1.62236310839967,1,1,1,1,1,0,0,1,1,1,0,1,0,1,1,1,0,0,0,0
443,-0.589685657236585,1,1,0,1,0,0,0,1,0,0,0,0,1,0,0,0,0,0,0,1
444,-0.213889335607462,1,1,1,1,0,0,1,1,1,1,0,0,1,0,1,0,1,0,1,0
445,-0.336582493369975,0,1,0,1,0,0,1,0,1,1,0,1,0,0,0,0,0,0,1,1
446,-0.0459565182413152,1,0,0,1,0,0,0,1,1,0,0,0,0,1,0,0,0,1,0,1
447,-0.306868961535236,1,1,0,1,0,0,1,1,0,1,0,0,0,0,0,0,0,1,0,1
448,0.145679105945957,1,1,1,1,1,0,0,1,0,1,0,0,1,1,1,0,1,1,0,1
449,0.426855581733464,1,0,0,1,0,0,1,1,1,0,0,1,0,1,1,0,0,0,1,1
450,0.916868743363963,1,1,1,1,0,0,1,1,1,0,0,0,0,0,0,1,0,1,0,0
451,-0.688443991142397,0,1,1,0,1,0,1,1,1,0,0,0,0,0,0,0,1,1,1,0
452,-0.171170483170988,1,0,1,1,0,0,1,1,1,1,0,0,0,0,1,0,1,0,1,0
453,-2.5240026140908,0,0,0,0,1,0,0,0,1,0,0,0,1,0,0,0,0,1,1,1
454,-1.3236570604905,0,0,0,0,1,0,1,0,1,0,0,0,0,0,1,0,1,1,0,0
455,0.399777771573223,0,0,0,1,1,0,0,1,0,0,0,0,1,1,0,0,1,1,0,0
456,-0.624402188295426,1,0,1,1,0,0,0,1,1,0,0,0,0,0,1,0,1,0,0,1
457,-0.0534469096846699,1,0,0,0,1,0,1,1,1,0,0,1,1,0,1,0,1,0,0,1
458,-0.484258169118588,0,1,1,1,0,0,0,1,0,0,0,0,1,0,1,0,1,1,0,1
459,1.77686041451536,1,1,1,1,1,1,0,1,1,1,0,1,1,1,0,1,1,0,0,1
460,0.422369002595547,1,0,1,1,1,0,0,1,1,1,0,0,1,1,1,1,1,1,0,0
461,-1.07410744816126,1,0,1,0,1,0,1,1,0,1,0,0,0,0,0,0,0,0,0,1
462,-0.424209570112456,1,0,1,1,0,0,0,1,1,0,0,1,0,0,1,1,1,1,1,0
463,0.580660070646817,1,1,0,1,0,0,0,1,1,1,0,1,0,0,1,0,0,0,0,0
464,1.36642753406554,0,0,0,1,0,0,0,1,0,1,0,1,0,1,1,1,0,1,1,1
465,-1.91971210631835,1,1,0,0,0,0,0,1,1,0,0,0,1,0,1,0,0,1,0,1
466,-0.0431738159793907,0,0,1,1,0,0,0,1,0,0,0,0,0,1,0,0,0,1,0,0
467,0.342010179971379,1,1,0,1,0,0,1,1,0,0,0,0,1,0,1,0,1,1,1,1
468,-0.441034982618851,0,1,0,1,1,0,1,1,0,0,0,0,1,0,0,1,0,0,1,0
469,1.33894947388085,0,0,1,1,0,0,0,1,0,0,0,1,1,1,1,1,1,0,0,1
470,0.429985460230746,1,1,1,1,0,0,0,1,1,1,0,0,1,0,1,0,1,1,0,0
471,1.18319993550326,1,1,0,1,1,0,0,1,0,0,0,1,1,1,1,1,1,1,1,0
472,-0.177152308555184,0,0,0,1,1,0,1,1,0,0,0,0,0,0,0,0,0,1,1,1
473,0.709342807278909,1,0,1,1,0,0,0,1,0,1,0,0,1,1,1,1,1,1,1,1
474,-0.525365733315834,0,1,0,0,0,0,1,1,1,1,0,0,1,0,1,0,0,0,1,1
475,0.233339340914376,0,0,0,1,1,0,1,1,0,0,0,0,1,0,1,1,1,1,0,0
476,-0.141000172453387,0,1,1,1,0,0,0,1,1,0,0,0,1,0,1,0,0,0,1,1
477,-0.0137155290800311,0,0,1,1,1,0,0,1,0,1,0,1,0,0,1,0,1,0,0,0
478,-0.556496882985558,0,1,0,1,0,0,1,1,0,0,0,0,1,0,1,0,0,0,0,1
479,0.889323180243019,1,0,0,1,1,0,0,1,0,1,0,1,1,0,1,1,0,1,0,1
480,-0.408912757744002,1,0,0,1,1,0,1,1,0,0,0,0,1,0,0,0,0,0,1,1
481,-1.56494309729389,1,1,0,0,1,0,0,0,1,0,0,0,0,0,1,0,0,0,0,0
482,-0.103437988949414,0,0,1,1,0,0,0,1,1,0,0,0,1,0,0,0,1,0,1,1
483,2.02600468727487,0,0,0,1,0,0,1,1,1,0,1,1,1,1,1,1,1,0,1,0
484,-0.352675073439566,1,1,0,1,1,0,0,1,0,1,0,0,1,0,1,0,0,0,0,0
485,-0.251486206682321,0,0,0,1,0,0,0,1,0,1,0,0,0,0,0,0,0,0,0,1
486,2.39878393445046,0,0,0,1,1,1,0,1,0,1,0,1,1,1,1,1,1,0,1,1
487,1.10310907179371,1,0,0,1,1,0,1,1,0,1,0,1,1,1,1,0,0,0,1,1
488,-1.04427989122957,0,1,0,0,1,0,1,0,0,0,0,0,0,0,1,0,0,1,1,1
489,0.698831401409113,1,0,0,1,1,0,1,1,1,1,0,1,0,1,1,1,1,1,0,1
490,0.199110670994947,0,1,1,1,1,0,0,1,1,0,0,0,0,0,1,0,0,0,1,1
491,-0.403924814967714,0,1,0,1,1,0,0,1,0,0,0,0,0,0,1,0,0,1,0,0
492,0.38226693264681,0,1,0,1,1,0,0,1,1,0,0,1,1,0,1,0,0,1,1,0
493,0.541715627967376,0,1,0,1,0,0,0,1,0,1,0,1,1,0,0,0,1,1,1,0
494,0.559247335482941,1,0,1,1,1,0,0,1,0,0,0,0,0,1,1,1,0,1,0,0
495,-0.979545672908896,1,0,0,0,1,0,0,0,1,1,0,0,1,0,1,0,0,0,0,0
496,-0.0483492919688001,1,1,1,1,1,0,0,1,1,1,0,0,0,1,0,1,1,0,0,1
497,-1.97913197015027,0,0,0,0,1,0,0,1,0,1,0,0,0,0,1,0,0,0,0,0
498,-0.685692985821598,0,1,0,0,0,0,0,1,1,1,0,0,1,0,0,0,1,0,0,1
499,0.173773452842157,1,1,1,1,0,0,0,1,0,0,0,0,1,1,1,0,0,0,1,1
500,0.952915671235957,1,0,1,1,1,0,0,1,0,1,0,1,0,1,0,1,1,1,0,1
501,-0.364198546382773,1,0,1,1,1,0,1,1,1,0,0,0,1,1,0,0,0,1,0,0
502,-0.0579732161299155,1,0,0,1,0,0,0,1,1,0,0,0,1,0,0,0,0,0,1,0
503,1.48846150452785,1,0,0,1,1,0,1,1,1,1,0,1,1,1,1,1,1,1,1,1
504,1.85069617105891,1,1,0,1,1,0,0,1,1,0,1,1,1,1,0,1,1,0,0,1
505,-1.82824576738398,0,1,0,0,0,0,0,0,1,0,0,0,0,0,1,0,1,0,0,0
506,1.11953565508044,0,1,1,1,1,0,1,1,1,0,0,1,1,1,1,1,1,1,1,1
507,0.192392476788839,0,1,1,1,0,0,1,1,0,0,0,0,1,1,1,0,1,0,0,1
508,-1.56298578001431,0,0,0,0,1,0,1,0,0,0,0,0,0,0,1,0,0,0,0,1
509,-0.316652259694018,0,1,1,1,0,0,1,0,1,0,0,0,0,0,1,0,0,1,0,1
510,1.1080192285688,0,0,0,1,1,0,0,1,0,1,0,1,1,1,1,0,1,0,0,1
511,0.496921515634175,0,1,1,1,1,0,0,1,0,0,0,0,0,1,0,1,1,0,0,1
512,1.61394044901605,0,1,0,1,0,0,1,1,0,1,0,1,1,0,0,1,1,1,0,0
513,0.447760863948887,0,1,0,1,0,0,0,1,0,0,0,0,1,1,1,0,0,0,1,0
514,0.392122712100009,1,1,0,1,1,0,1,1,0,1,0,0,1,0,1,1,0,0,1,0
515,-2.04451347871845,0,0,0,0,0,0,0,0,0,0,0,0,0,0,0,0,1,0,1,0
516,0.339844382863139,0,0,1,1,1,0,0,1,1,0,0,0,0,0,1,0,0,0,0,1
517,-0.721989410370193,1,1,0,1,0,0,0,0,1,1,0,0,0,0,1,0,1,0,0,0
518,-0.69799748819092,1,0,1,1,1,0,0,1,1,1,0,0,0,0,0,0,0,1,0,0
519,-0.248781498335707,0,1,0,1,1,0,0,1,1,1,0,0,1,0,1,0,0,1,0,1
520,-0.303226827024876,0,1,1,1,0,0,1,1,0,0,0,0,1,0,0,0,0,1,1,1
521,-0.753635419672413,1,0,0,0,0,0,1,1,1,0,0,0,1,0,1,0,0,0,0,0
522,-1.61349926927109,0,0,0,0,0,0,0,0,1,1,0,0,0,0,0,0,1,0,1,0
523,0.788395328841172,1,0,1,1,1,0,1,1,0,0,0,1,1,0,1,0,0,1,0,1
524,-2.1728125365975,0,0,1,0,0,0,1,0,0,0,0,0,1,0,0,0,1,1,0,0
525,0.584127707735736,0,0,0,1,0,0,0,1,1,0,0,1,0,1,1,1,0,0,1,1
526,1.31358123574769,0,0,1,1,1,0,1,1,0,0,0,1,1,0,1,1,1,0,0,1
527,-0.774332169509563,0,0,1,1,0,0,0,1,0,0,0,0,1,0,1,0,1,0,0,0
528,0.745923102840332,1,1,1,1,1,0,1,1,1,0,0,1,0,1,0,1,0,1,0,0
529,1.15789551768006,1,1,0,1,0,0,1,1,1,1,0,1,0,1,1,1,0,1,0,1
530,1.27026515515051,1,1,1,1,1,0,1,1,1,1,0,1,1,1,1,1,1,0,1,0
531,1.16779668658333,0,1,1,1,1,1,1,1,1,0,0,1,1,1,1,1,1,0,1,0
532,-0.0989541910575599,0,0,0,1,0,0,1,1,0,0,0,0,1,0,1,0,1,1,0,1
533,-0.364380133995593,0,1,0,1,0,0,0,1,1,0,0,0,1,0,0,0,1,1,0,0
534,0.131373585951747,1,0,1,0,0,0,1,1,1,1,0,0,1,0,1,0,1,1,0,0
535,0.739560881123688,1,1,1,1,0,0,1,1,0,0,0,0,1,1,1,1,1,0,0,0
536,-0.466054041216292,0,0,0,0,0,0,1,1,0,0,0,0,0,1,0,0,1,0,0,1
537,0.300887375389456,0,0,1,1,1,0,1,1,1,0,0,1,0,0,0,0,1,0,1,1
538,0.113128992667363,0,1,0,1,0,0,1,1,0,0,0,0,0,0,1,0,1,1,0,1
539,-1.42387672277318,0,1,0,0,0,0,0,0,0,0,0,0,0,0,0,0,0,1,1,0
540,0.611961261720204,1,1,1,1,1,0,0,1,1,0,0,1,1,1,1,1,1,0,0,1
541,0.730451068056977,0,1,1,1,1,0,1,1,1,1,0,1,1,1,1,1,0,1,1,1
542,0.0345628019428786,0,0,1,1,0,0,0,1,0,0,0,1,0,1,1,0,1,1,0,0
543,-1.69178768651105,0,0,1,0,1,0,1,0,0,1,0,0,1,0,1,0,0,0,0,0
544,0.134420532090122,0,1,1,1,0,0,1,1,0,0,0,0,0,0,0,0,1,1,0,1
545,0.698281486510365,1,0,1,1,0,0,0,1,0,0,0,1,1,1,0,1,0,1,0,0
546,-0.125128633672563,0,0,1,1,0,0,0,1,1,1,0,0,0,0,0,0,0,0,1,0
547,0.470444596629647,0,1,1,1,0,0,1,1,0,1,0,0,0,0,0,0,1,1,0,1
548,-2.25804250460209,1,0,0,0,0,0,0,0,0,1,0,0,0,0,1,0,0,1,1,1
549,1.36356484046237,0,1,0,1,0,0,0,1,0,1,0,0,0,1,1,1,0,1,1,0
550,1.06048204225058,1,0,0,1,1,0,0,1,1,1,0,1,0,1,1,1,0,1,1,1
551,-1.03822476085333,1,0,0,0,0,0,0,1,0,0,0,0,0,0,0,0,1,0,1,1
552,0.477972249667518,0,1,0,1,1,0,0,1,0,1,0,1,1,1,0,0,1,0,1,1
553,0.0691828321945838,0,1,0,1,1,0,1,1,0,0,0,0,1,0,0,0,1,1,1,1
554,1.32193215583495,1,1,1,1,1,0,1,1,1,0,1,1,1,1,0,1,0,1,1,1
555,0.877294220880682,0,0,1,1,1,0,0,1,1,1,0,1,0,1,1,0,0,1,1,0
556,0.928779688376857,1,1,1,1,1,0,0,1,0,0,0,1,0,1,1,1,0,0,1,1
557,0.190753268771279,1,0,0,1,1,0,1,1,0,1,0,0,0,1,1,1,0,0,0,0
558,0.0824952894296584,0,0,0,1,0,0,1,1,0,1,0,0,1,1,0,0,1,0,0,0
559,-1.28574977652932,1,0,0,0,0,0,0,1,0,0,0,0,1,0,1,0,0,0,0,1
560,1.02033582957271,1,1,0,1,1,0,1,1,1,0,0,1,1,1,1,1,1,1,1,1
561,0.952852741985805,0,1,0,1,1,0,0,1,0,0,0,1,0,1,0,0,0,1,1,1
562,-0.330817276335231,1,0,1,1,1,0,0,1,0,1,0,0,1,0,0,0,0,0,0,1
563,2.09067454768945,1,0,1,1,1,0,0,1,1,1,1,1,1,1,0,1,1,1,1,0
564,-0.0638038295396869,1,0,1,1,0,0,1,1,1,1,0,0,0,0,1,0,0,1,1,1
565,-0.727012647610308,1,0,0,0,0,0,0,1,1,0,0,0,1,0,1,0,0,0,0,0
566,2.39864013998387,1,1,1,1,0,0,1,1,0,0,0,1,1,1,1,1,1,1,1,1
567,0.760846264769498,1,1,1,1,0,0,0,1,0,0,0,1,1,1,1,1,1,1,1,0
568,-0.987721968835012,1,1,0,0,1,0,0,1,1,1,0,0,1,0,1,0,1,0,1,0
569,1.11525222157745,0,1,1,1,1,0,0,1,1,1,0,1,0,1,1,0,0,0,0,1
570,0.802618572758515,0,0,0,1,0,0,0,1,0,1,0,0,1,1,1,0,0,1,1,1
571,-0.791452068054849,0,1,1,1,0,0,0,0,0,0,0,0,1,0,1,0,0,1,1,1
572,1.70310483176922,0,1,0,1,1,0,0,1,0,0,0,1,1,1,1,1,0,1,0,0
573,-1.42926972784478,1,0,0,0,0,0,0,0,1,0,0,0,1,0,1,0,1,0,1,0
574,1.73475602711423,1,1,0,1,1,0,1,1,1,1,0,1,0,1,1,1,0,1,0,1
575,1.99040421641205,0,0,0,1,1,0,1,1,1,0,0,1,0,1,1,1,1,1,0,1
576,1.10719033574013,0,0,1,1,0,0,1,1,0,0,0,1,1,1,1,0,1,0,1,1
577,-0.00238245277317576,0,1,0,1,1,0,0,1,1,0,0,0,0,0,0,0,1,1,1,1
578,-2.32229714496977,0,0,0,0,0,0,1,0,0,0,0,0,1,0,0,0,1,0,0,0
579,-0.257226610401064,1,1,1,1,0,0,1,1,0,0,0,0,1,0,0,0,1,0,1,1
580,-1.00223622369411,1,1,0,1,1,0,0,1,1,1,0,0,1,0,0,0,0,1,1,1
581,2.3194082180323,1,1,1,1,1,0,1,1,1,1,1,1,1,1,0,1,1,1,1,1
582,-0.0855359825364394,0,1,1,1,1,0,1,1,1,0,0,0,0,0,0,0,1,0,1,1
583,0.712472135617325,0,0,1,1,0,0,1,1,0,0,0,0,1,0,0,1,0,1,1,1
584,-0.782784223797585,0,1,0,1,1,0,1,1,0,0,0,0,0,0,0,0,0,1,1,0
585,0.113501200926643,1,0,1,1,0,0,0,1,1,0,0,1,0,0,1,0,1,0,1,0
586,-0.570883151967293,0,0,1,1,1,0,1,1,1,0,0,0,1,0,1,0,1,1,0,0
587,-1.68383420401847,0,0,1,0,0,0,0,1,0,0,0,0,0,0,1,0,1,1,0,0
588,-1.88562470444365,0,1,0,0,1,0,0,0,0,0,0,0,0,0,0,0,0,0,0,0
589,0.0455478893885682,0,1,1,1,1,0,0,1,1,1,0,0,0,0,1,1,1,1,0,1
590,0.424282148774095,1,1,0,1,0,0,1,1,1,1,0,0,0,0,0,1,0,0,0,1
591,-0.957150659733253,0,1,0,1,0,0,0,0,0,1,0,0,1,0,0,0,1,0,1,0
592,0.386940444583294,1,1,1,1,0,0,1,1,0,1,0,1,1,0,1,0,1,1,1,1
593,0.0196418131013209,1,0,0,1,1,0,1,1,0,1,0,1,1,0,1,0,0,1,0,0
594,2.48245434969929,0,1,1,1,1,0,0,1,0,0,1,1,1,1,1,1,0,1,1,1
595,1.23893916627008,1,0,1,1,0,0,0,1,1,0,0,1,1,1,1,1,0,1,1,0
596,-1.25076998482235,1,1,0,0,0,0,0,0,1,0,0,1,1,0,1,0,1,1,0,1
597,1.77687419655943,0,1,1,1,1,0,0,1,0,1,0,1,1,1,1,1,1,1,1,1
598,-1.21080573494489,0,0,1,0,0,0,0,0,1,1,0,0,0,0,0,0,0,1,0,0
599,-0.137830327147948,1,0,1,0,1,0,0,0,1,0,0,0,1,1,1,0,0,1,1,1
600,0.123976444832174,0,1,1,1,0,0,1,1,0,1,0,0,0,0,1,0,0,1,0,1
601,-0.801579497193119,0,1,0,1,0,0,0,1,0,0,0,0,0,0,1,0,0,1,0,1
602,-1.00723716858515,0,1,0,0,1,0,0,1,0,0,0,0,1,0,0,0,1,0,0,0
603,0.412533505505028,0,1,1,1,0,0,0,1,1,0,0,1,1,0,0,1,1,0,0,1
604,-1.4069685844167,1,1,1,0,0,0,0,0,0,1,0,0,1,0,1,0,0,1,0,0
605,0.364112620327048,0,0,0,0,0,0,1,1,0,0,0,0,1,0,1,0,1,0,1,0
606,0.712053158806906,0,1,0,1,1,0,0,1,0,1,0,1,1,0,1,0,1,1,0,0
607,-0.440747325074673,1,0,0,0,0,0,0,1,1,0,0,0,1,0,1,0,0,0,0,0
608,-0.666654775344125,1,0,0,0,0,0,1,1,1,0,0,0,0,0,1,0,0,0,1,0
609,-1.1687614908299,1,1,1,0,0,0,1,1,1,0,0,0,0,0,1,0,0,1,0,1
610,0.64343333833604,1,1,0,1,1,0,0,1,1,1,0,0,0,0,0,1,0,1,1,0
611,-0.679445041209592,1,0,0,0,0,0,1,1,0,0,0,0,0,0,1,0,0,1,0,0
612,-0.764453633026197,1,1,1,0,0,0,0,1,0,0,0,0,1,0,1,0,0,1,0,0
613,0.746626645076234,1,0,0,1,1,0,0,1,0,0,0,0,0,0,1,0,1,1,0,1
614,0.101037446294347,0,0,1,1,1,0,1,1,1,1,0,0,0,1,0,0,0,1,0,0
615,-0.683089550088377,0,0,0,1,0,0,0,1,0,1,0,0,0,0,0,0,0,0,0,0
616,0.0453432686791571,0,1,0,0,1,0,0,1,0,1,0,0,1,0,0,1,1,1,1,1
617,-1.27163683137859,1,1,0,0,1,0,0,1,0,0,0,0,1,0,1,0,1,0,0,1
618,-1.02974874589211,0,1,0,0,1,0,1,1,0,1,0,0,0,0,0,0,1,0,1,1
619,1.20160042858018,0,0,1,1,0,0,0,1,1,0,0,1,0,1,0,0,1,0,1,0
620,0.397312098678268,0,0,0,1,1,0,1,1,0,0,0,1,1,1,0,0,0,1,0,1
621,1.66942046413438,0,0,1,1,0,0,1,1,1,1,0,1,0,1,0,1,1,1,0,1
622,0.409301530360048,0,1,0,1,1,0,1,1,1,0,0,1,1,1,1,0,1,0,0,0
623,0.0410341067311585,0,0,0,1,1,0,1,1,0,1,0,1,1,1,1,0,1,0,1,1
624,0.147544717994187,0,0,0,1,0,0,0,1,1,1,0,0,0,0,1,1,1,0,0,1
625,-1.04343999769859,1,0,0,0,1,0,1,1,1,1,0,0,1,0,1,0,1,1,1,0
626,1.26039877680318,0,1,0,1,0,0,1,1,0,0,0,1,1,1,1,1,0,0,0,1
627,0.126817253017194,0,1,1,1,1,0,1,1,0,1,0,0,1,1,0,1,1,1,1,1
628,-0.603662176358886,1,1,0,1,1,0,0,1,0,0,0,0,0,0,0,0,0,0,1,1
629,-0.449312725023381,1,0,0,1,1,0,1,1,0,1,0,0,1,0,1,0,0,0,1,1
630,-0.993886384166051,1,1,1,0,0,0,0,1,1,0,0,0,0,0,0,0,0,0,0,0
631,0.785079425851937,0,1,1,1,0,0,0,1,1,0,0,0,0,1,0,1,0,1,1,1
632,-0.0673146397833752,1,1,0,1,0,0,0,1,1,1,0,0,0,0,0,1,0,0,1,1
633,1.6373685942492,1,1,0,1,1,0,0,1,1,1,0,1,1,0,0,1,1,1,0,1
634,0.194766567884497,1,0,0,0,1,0,1,1,0,0,0,0,1,0,1,0,1,0,1,0
635,-0.323557285513536,0,0,0,1,0,0,1,1,1,1,0,0,1,1,1,0,0,0,0,1
636,-0.698548022960872,0,0,0,0,0,0,0,1,0,1,0,0,0,0,1,0,0,1,1,1
637,-0.507009284570014,0,1,1,1,0,0,0,1,1,0,0,0,0,0,0,0,0,0,1,0
638,-0.342402692465408,1,1,0,1,1,0,0,1,0,1,0,0,1,0,0,1,0,1,0,0
639,-0.0740346699672531,0,0,1,0,1,0,0,1,0,1,0,0,1,1,0,0,1,1,0,0
640,-0.227708222867481,0,0,0,1,1,0,0,1,0,0,0,0,0,0,0,0,0,1,0,1
641,-0.979805539558072,0,1,0,0,1,0,1,0,0,1,0,0,0,0,1,0,0,1,1,0
642,1.09335077942181,0,0,1,1,0,0,0,1,0,1,0,0,1,1,0,0,0,0,1,0
643,-0.979548739003309,0,1,1,0,0,0,0,0,0,1,0,0,1,0,1,0,1,0,0,0
644,0.770610286376409,0,1,0,1,1,0,0,1,1,0,0,0,1,1,1,1,0,1,1,1
645,0.682844262943682,1,1,1,1,1,0,1,1,1,1,0,0,1,1,1,1,1,0,1,1
646,0.230650754217755,1,0,1,1,1,0,0,1,0,1,0,1,0,0,0,0,1,0,0,0
647,0.106521458603262,0,1,0,1,1,0,1,1,0,0,0,0,0,1,1,0,0,1,1,0
648,-0.739177230911777,0,0,1,0,1,0,0,1,1,0,0,0,0,0,0,0,1,0,0,1
649,-0.284948071682103,0,1,1,0,0,0,0,1,0,0,0,1,1,0,0,0,1,1,0,1
650,0.991529411598139,0,1,1,1,0,0,1,1,1,0,0,0,1,1,1,1,1,1,1,1
651,0.511052092470925,1,1,0,1,0,0,0,1,1,0,0,0,1,1,1,1,1,0,0,0
652,-1.52084508690949,1,0,0,0,0,0,0,0,1,0,0,0,0,0,0,0,0,0,1,0
653,-0.908616917399704,0,0,1,0,0,0,1,1,0,0,0,0,1,0,0,0,0,0,0,0
654,1.44453319426892,1,0,1,1,1,0,1,1,1,0,0,1,0,1,1,1,1,0,0,0
655,-0.599494811357147,0,0,1,1,1,0,0,1,1,1,0,0,0,1,1,0,0,1,0,0
656,-0.737018972018279,1,0,0,0,1,0,0,1,1,1,0,0,0,0,1,0,1,1,0,0
657,0.791621806598589,0,1,0,1,1,0,1,1,1,1,0,1,1,0,1,1,0,0,1,1
658,-0.836651591262314,0,1,1,1,1,0,1,1,1,1,0,0,0,0,0,0,1,0,0,0
659,-0.839615459767939,1,0,0,0,1,0,0,1,0,0,0,0,1,0,0,0,1,0,0,1
660,-0.256517761743247,1,1,0,0,1,0,1,1,1,1,0,0,1,0,0,0,0,1,1,1
661,0.646168359440848,1,1,0,1,1,0,1,1,1,0,0,0,0,1,0,1,0,0,1,0
662,-0.534993214864387,0,0,0,1,0,0,1,1,1,0,0,0,0,0,1,0,1,1,1,0
663,0.397666514865064,0,1,1,1,0,0,0,1,1,1,0,1,1,0,1,1,0,0,0,1
664,0.700280767347302,1,0,1,1,1,0,0,1,0,1,0,1,0,1,1,1,0,0,1,0
665,0.23882046419707,0,1,1,1,0,0,1,1,0,0,0,0,1,0,1,1,0,1,0,1
666,0.472512293188495,0,1,0,1,1,0,1,1,0,0,0,1,1,1,0,0,0,1,1,1
667,-0.377213762620075,1,1,0,1,0,0,0,1,1,1,0,0,1,0,1,0,0,1,0,0
668,-0.246489862871317,0,0,1,0,1,0,0,1,0,0,0,0,1,0,1,0,1,1,0,1
669,-0.774329888016022,0,0,1,0,1,0,1,1,1,1,0,0,0,0,1,0,0,0,0,0
670,1.06884416698595,0,0,0,1,1,0,0,1,1,1,0,1,1,1,1,1,0,1,1,1
671,0.0375723663366456,1,1,0,1,0,0,1,1,0,0,0,1,1,0,1,0,1,1,0,0
672,0.177439636054583,1,0,1,1,0,0,0,1,0,1,0,0,1,0,1,1,0,1,0,1
673,0.00226014875724165,0,0,0,1,1,0,1,1,0,1,0,0,0,1,1,0,1,1,0,1
674,-1.56397487531841,0,1,1,0,1,0,0,1,0,0,0,0,0,0,1,0,0,1,1,1
675,0.432296888429303,1,1,1,1,0,0,0,1,1,0,0,0,0,1,0,0,0,0,0,0
676,2.68896261899132,0,0,1,1,1,0,1,1,0,0,0,1,1,1,1,1,0,0,0,0
677,0.404869745719785,1,1,0,1,1,0,0,1,1,0,0,0,0,0,0,0,1,1,0,1
678,-0.17730611964327,1,0,1,1,0,0,1,1,1,1,0,0,1,1,0,0,1,0,0,1
679,-1.01400414067736,0,1,0,1,1,0,0,0,1,0,0,0,1,0,0,0,0,1,1,0
680,-1.0666246738418,1,1,1,0,0,0,1,0,1,0,0,0,1,0,1,0,0,0,1,1
681,0.34770637991503,1,0,1,1,1,0,0,1,0,0,0,0,1,1,1,0,1,0,1,1
682,1.60485037124765,1,1,1,1,0,0,0,1,1,0,0,1,0,1,1,1,1,0,0,1
683,-0.583842538322921,1,1,1,0,1,0,1,0,0,1,0,0,0,0,1,0,0,0,0,0
684,0.502169923820735,0,0,1,1,1,0,1,1,1,1,0,1,1,1,0,0,0,1,1,0
685,-0.766601656357563,0,0,0,0,1,0,1,1,0,0,0,0,1,0,1,0,0,1,1,1
686,1.69195334137268,0,1,1,1,1,0,0,1,1,0,0,1,0,1,1,1,1,0,0,1
687,2.16893372731769,1,1,1,1,1,1,1,1,1,1,0,1,0,0,1,1,1,1,1,1
688,-0.122200014344035,1,0,1,1,0,0,0,1,0,0,0,0,1,0,0,0,0,1,0,1
689,-0.685475116552145,0,1,0,1,1,0,0,1,0,0,0,0,0,0,1,0,1,1,1,0
690,-0.541245714605412,1,1,1,1,0,0,0,1,1,0,0,0,1,0,1,0,0,1,0,1
691,-0.491457984276614,0,1,0,0,1,0,1,1,1,1,0,0,0,0,1,0,0,1,0,0
692,1.07367048864076,0,1,0,1,1,0,1,1,0,0,0,1,1,0,1,1,0,0,1,1
693,0.342888876720876,0,0,0,1,0,0,1,1,1,1,0,1,1,1,1,1,0,1,0,0
694,1.45559447895392,0,0,1,1,0,0,1,1,1,0,0,1,1,1,1,1,1,1,0,1
695,-1.00244668201818,0,0,0,0,0,0,0,0,0,0,0,0,1,0,1,0,1,0,0,1
696,2.11058429742895,1,1,0,1,1,0,1,1,0,1,0,1,1,1,0,1,1,1,0,0
697,-1.30793820236896,0,1,0,0,0,0,1,0,1,0,0,0,0,0,0,0,1,0,0,1
698,-0.389191755546584,1,0,0,1,1,0,0,1,1,0,0,0,1,0,1,0,1,1,1,1
699,1.40105046344137,0,0,1,1,1,1,0,1,1,0,0,1,1,1,1,1,1,0,1,1
700,0.552027673874539,1,1,0,1,1,0,1,1,0,0,0,0,0,1,1,1,0,0,1,0
701,0.491503214107726,0,1,0,1,1,0,1,0,0,0,0,0,1,1,0,0,1,0,1,0
702,-0.225690580614596,1,0,1,1,1,0,0,1,0,0,0,0,1,0,1,0,1,1,0,0
703,-1.1416555412829,1,0,0,0,0,0,0,0,0,1,0,0,1,0,1,0,1,0,0,1
704,-1.0487869549891,1,1,0,0,0,0,0,1,0,0,0,0,1,0,1,0,0,0,0,0
705,-0.568857110895858,1,1,0,0,1,0,1,0,1,0,0,0,1,0,1,0,1,1,1,0
706,0.460483142794867,0,1,1,1,0,0,0,1,1,0,0,0,0,0,0,1,1,1,0,1
707,-1.83780381346708,0,1,1,0,0,0,0,1,0,0,0,0,1,0,1,0,0,0,0,1
708,-0.32068253425127,0,0,1,1,1,0,0,0,0,0,0,0,1,0,1,0,1,1,0,0
709,0.0618842320201329,0,0,1,1,1,0,0,1,0,1,0,0,1,0,1,0,1,1,1,1
710,0.311260084013163,1,1,0,0,0,0,1,1,0,1,0,0,1,0,1,0,0,0,1,0
711,0.241788828250846,0,1,1,1,0,0,0,1,1,0,0,0,1,0,1,0,1,0,0,0
712,0.062144256815574,1,1,0,1,1,0,1,1,1,0,0,0,0,0,0,1,0,0,0,1
713,-0.168862134592809,0,1,0,1,0,0,0,1,0,1,0,0,1,0,0,0,0,0,1,0
714,0.795721316479315,1,1,1,1,1,0,1,1,1,0,0,1,1,0,1,1,1,1,1,0
715,-1.8996616366492,0,1,1,0,0,0,0,1,0,0,0,0,0,0,0,0,0,1,0,1
716,-0.42966969105825,0,1,1,1,1,0,0,1,1,0,0,0,1,0,1,0,1,0,0,0
717,-0.952753895751774,0,1,0,0,1,0,0,0,1,1,0,0,0,0,0,0,1,0,1,1
718,0.507958098806437,1,1,1,1,0,0,1,1,1,1,0,1,0,0,1,1,0,1,0,0
719,-0.201838102631388,1,1,0,1,0,0,1,1,0,0,0,0,1,0,0,0,0,1,0,1
720,1.36387210561085,1,0,1,1,0,0,0,1,1,1,0,1,1,1,1,1,0,1,1,1
721,0.850058618909114,0,1,1,1,1,0,0,1,0,0,0,0,1,0,0,0,0,1,1,1
722,0.666035000392194,1,1,0,1,1,0,0,1,1,1,0,1,1,1,0,1,1,0,0,1
723,1.17749615837529,0,0,0,1,0,0,1,1,1,1,0,1,1,1,1,1,0,0,0,1
724,-0.304117214065975,1,1,1,1,1,0,0,1,1,1,0,0,1,1,1,0,1,0,0,0
725,-0.832413042337004,0,1,0,1,1,0,0,1,1,0,0,0,1,0,0,0,0,0,0,0
726,0.555838759507329,1,0,1,1,0,0,1,1,1,1,0,1,0,0,1,0,1,1,0,0
727,0.429906322146132,1,1,1,1,1,0,1,1,1,0,0,1,1,1,1,0,0,0,1,1
728,1.1465178659325,1,1,1,1,1,0,0,1,1,1,0,1,1,1,1,1,1,0,1,1
729,0.611769825394016,0,1,0,1,0,0,0,1,1,0,0,0,1,1,1,1,0,0,1,0
730,-0.303908280747625,1,0,0,0,0,0,0,1,1,0,0,0,1,0,1,0,0,0,0,1
731,0.481312421280715,0,1,1,1,1,0,0,1,1,0,0,1,0,1,1,1,0,0,1,1
732,0.0188104451680713,0,0,1,0,1,0,0,1,0,0,0,0,0,0,1,0,1,1,1,1
733,0.700217587654307,0,0,1,1,1,0,1,1,1,0,0,0,1,0,1,1,0,0,1,1
734,0.298466435497755,1,0,1,1,0,0,0,1,1,1,0,0,1,1,0,0,1,1,0,0
735,-1.27081025544784,0,0,1,0,0,0,0,0,1,1,0,0,0,0,1,0,0,0,0,0
736,-0.414300588230848,0,0,0,0,1,0,1,1,0,1,0,0,1,0,1,0,0,0,0,0
737,1.28550995679498,1,0,0,1,0,0,1,1,1,0,0,1,1,1,1,1,0,0,1,0
738,0.954265127888616,1,1,0,1,0,0,0,1,1,1,0,0,1,0,1,1,1,1,0,0
739,-0.409415368675094,0,0,1,0,1,0,0,1,1,1,0,0,1,0,1,0,1,0,1,0
740,0.881563985489602,1,1,0,1,0,0,1,1,1,0,0,0,0,1,0,0,1,1,1,1
741,0.709153686872917,0,1,1,1,0,0,0,1,1,1,0,0,1,1,1,1,1,0,0,0
742,0.851352724916941,1,0,0,1,1,0,1,1,0,0,0,1,0,1,0,0,0,1,1,1
743,0.244468807382155,0,1,1,1,1,0,0,1,0,1,0,1,1,0,1,1,1,1,0,0
744,0.640744396972088,0,0,1,1,0,0,1,1,0,1,0,0,0,0,1,1,1,1,1,1
745,2.01332790781086,1,0,1,1,1,0,0,1,0,1,0,1,1,1,0,1,1,1,1,1
746,-0.246860932177464,1,0,1,1,1,0,0,1,0,0,0,0,1,0,0,0,0,0,0,0
747,1.11099003195499,0,1,0,1,1,0,0,1,0,1,0,1,1,1,1,1,1,1,0,1
748,0.246557321369234,0,0,1,0,1,0,1,1,1,0,0,0,0,0,1,0,1,1,1,0
749,1.09039939291938,0,0,0,1,0,0,1,1,0,0,0,1,0,1,0,1,1,0,0,1
750,-0.965156866104505,0,0,1,0,0,0,0,0,0,1,0,0,0,0,0,0,1,0,0,1
751,0.824569489639414,1,1,1,1,0,0,0,1,1,1,0,1,0,1,1,0,1,0,1,1
752,0.788398564872127,1,0,0,1,0,0,0,1,0,1,0,1,0,1,1,1,0,0,0,0
753,-0.0799544786416542,0,1,1,0,0,0,0,1,0,1,0,0,0,0,0,0,0,1,0,0
754,-0.369935306259706,0,1,0,1,0,0,0,1,0,0,0,0,1,0,0,0,0,0,1,1
755,-1.08088077592431,0,0,0,0,0,0,1,1,0,0,0,0,1,0,1,0,1,1,1,1
756,1.13675672703569,0,1,0,1,0,0,0,1,0,1,0,1,0,1,0,1,0,1,0,1
757,0.689150867746018,0,1,0,1,1,0,0,1,0,0,0,1,0,1,1,1,1,0,0,0
758,0.14570934137187,1,1,1,1,1,0,0,1,0,0,0,0,0,0,1,0,1,0,0,1
759,0.140899290227527,1,1,0,1,0,0,0,1,1,1,0,0,0,0,1,0,1,0,0,1
760,-0.111285504080841,0,1,0,1,1,0,1,1,1,0,0,0,1,0,0,0,1,0,1,1
761,0.878039320445433,0,1,0,1,1,0,0,1,0,1,0,1,0,0,0,0,0,0,0,1
762,1.06648370740969,0,1,0,1,0,0,1,1,1,0,0,1,1,1,1,1,0,0,0,1
763,-0.685835373283593,1,0,0,0,1,0,1,1,0,0,0,0,1,0,1,0,0,1,0,1
764,0.0562906575227104,1,1,0,1,0,0,0,1,1,0,0,0,1,0,0,1,1,0,1,1
765,-0.716556389310668,1,0,1,1,0,0,0,1,1,0,0,0,0,0,1,0,1,0,0,0
766,-0.126891358524536,0,0,1,1,0,0,0,1,0,1,0,0,1,0,1,1,0,1,0,1
767,0.442759802450946,1,0,0,1,1,0,1,1,1,0,0,1,1,1,0,1,1,1,1,1
768,1.99015254148432,1,0,1,1,1,0,1,1,1,1,0,1,0,1,0,1,0,1,1,1
769,0.0591331456134101,0,1,0,1,0,0,1,1,0,1,0,0,1,0,1,1,1,1,1,0
770,0.249033751075758,1,1,0,1,0,0,0,1,1,0,0,0,0,1,0,0,0,0,0,1
771,1.35231866790398,1,1,0,1,0,0,0,1,1,1,0,1,0,1,0,1,0,0,0,1
772,-0.0435780758222876,0,1,1,1,0,0,0,1,0,0,0,0,1,0,0,0,1,1,1,1
773,2.59028364096705,1,1,1,1,1,0,1,1,1,0,1,1,1,1,1,1,0,0,0,1
774,-0.280000510651694,1,0,1,1,0,0,1,1,0,1,0,0,0,0,0,0,0,0,0,1
775,0.779573316641502,1,0,1,1,0,0,1,1,0,1,0,1,1,1,1,1,0,0,0,1
776,0.646132195078498,1,0,0,1,0,0,1,1,0,1,0,0,0,1,1,1,1,0,1,0
777,0.0663382817757664,1,1,0,0,0,0,1,1,0,1,0,0,1,0,1,0,1,1,1,1
778,-0.803332960332514,1,1,1,0,0,0,1,1,0,0,0,0,1,0,0,0,1,0,1,0
779,0.0644190312896088,0,0,0,1,1,0,1,1,1,0,0,0,0,0,0,0,1,1,0,0
780,2.09327922773244,1,1,1,1,0,0,1,1,1,1,1,1,1,1,0,1,0,0,1,0
781,-1.34015122836457,0,1,0,0,1,0,0,0,1,0,0,0,0,0,1,0,1,0,0,1
782,-0.0921822704190767,0,0,0,1,1,0,1,1,1,0,0,0,0,1,0,0,1,1,0,0
783,-0.162052010015913,0,1,1,1,1,0,1,1,0,1,0,0,0,0,1,0,1,0,1,0
784,1.14148227756169,0,0,0,1,1,0,1,1,0,0,0,1,0,1,0,1,0,0,1,0
785,-0.222458127101949,0,0,0,1,1,0,0,1,0,0,0,0,0,1,1,0,1,1,0,0
786,0.743252391372377,0,0,0,1,1,0,0,1,0,0,0,1,1,1,1,1,0,1,0,1
787,-1.14576556404465,0,0,0,0,1,0,0,1,0,0,0,0,0,0,0,0,1,0,0,1
788,0.19020811910112,1,1,0,1,0,0,0,1,1,1,0,0,1,0,1,1,1,0,0,0
789,-0.457685183740642,0,0,1,0,0,0,0,1,0,0,0,0,1,0,1,0,0,1,0,1
790,-1.32097265099828,0,0,0,0,0,0,1,1,0,1,0,0,0,0,0,0,1,1,1,0
791,-0.983161243101792,1,1,1,1,1,0,0,1,0,0,0,0,1,0,0,0,1,0,0,1
792,-1.2334364938978,1,1,1,0,0,0,0,0,1,0,0,0,1,0,0,0,1,1,1,0
793,0.653764408760091,1,0,1,1,0,0,0,1,0,1,0,0,1,0,1,1,0,1,0,0
794,0.0159197062256578,1,1,1,1,1,0,1,1,1,0,0,0,1,0,0,0,1,1,1,1
795,-0.631637070667585,1,1,1,1,1,0,0,1,1,1,0,0,0,0,0,0,0,1,1,1
796,-0.609044185252869,0,0,0,0,0,0,0,1,0,0,0,0,1,0,0,0,0,1,0,1
797,-1.40512190882442,1,1,1,0,1,0,1,1,0,0,0,0,1,0,0,0,0,0,0,1
798,-1.15972736972852,1,0,0,0,0,0,0,1,0,1,0,0,0,0,0,0,1,1,0,1
799,0.243580116982449,1,1,0,1,0,0,1,1,1,0,0,1,0,0,1,0,1,0,0,1
800,-0.415233808685994,0,0,1,0,1,0,0,1,1,1,0,0,1,1,1,0,0,1,0,1
801,0.849854588030641,0,1,1,1,1,0,1,1,1,1,0,0,0,1,0,1,0,0,1,1
802,-0.785691100522611,0,0,0,0,1,0,0,1,1,1,0,1,1,0,0,0,1,1,1,1
803,1.06885228424201,1,1,1,1,1,0,0,1,0,0,0,1,1,1,1,1,1,1,0,1
804,0.493768401930477,0,1,0,1,0,0,0,1,0,1,0,0,1,1,1,0,1,0,1,0
805,-1.03695584540045,1,0,1,0,0,0,0,0,0,0,0,0,1,0,0,0,1,0,1,0
806,-0.0721311160611043,1,0,0,1,0,0,0,1,0,1,0,0,0,0,1,1,1,0,0,1
807,-0.113579142434677,0,1,1,1,1,0,0,1,1,0,0,0,1,0,0,0,0,1,0,1
808,1.49625456728876,0,1,0,1,1,0,0,1,0,1,0,1,1,1,1,1,1,0,0,0
809,-0.0770509018195833,0,1,0,1,0,0,0,1,1,1,0,0,0,0,1,0,1,1,0,1
810,-0.206125106792151,0,0,0,1,1,0,0,1,1,1,0,0,0,0,1,0,1,0,1,1
811,0.832756249080869,1,1,1,1,1,0,1,1,1,1,0,0,0,1,1,1,0,1,0,0
812,-1.13661358738835,0,1,1,1,0,0,0,1,1,1,0,0,1,0,0,0,1,0,1,1
813,0.689631619695364,0,1,1,1,0,0,0,1,0,1,0,1,1,0,0,0,1,1,1,1
814,-0.774727139406363,1,0,0,0,0,0,1,1,0,0,0,0,1,0,1,0,0,0,1,0
815,-1.02891451807252,0,1,1,0,1,0,0,1,0,0,0,0,0,0,1,0,0,1,1,0
816,-0.966108324953975,0,0,1,0,1,0,0,0,0,0,0,0,1,0,0,0,0,0,0,1
817,0.146003336894642,1,1,0,1,1,0,1,1,1,0,0,0,1,1,0,1,0,1,0,1
818,-0.446612436341494,1,0,1,1,1,0,0,1,0,1,0,0,1,0,1,0,0,0,0,1
819,0.779513625678602,1,0,0,1,0,0,1,1,1,0,0,1,1,1,1,0,0,0,1,1
820,-0.222462740135366,0,1,1,1,1,0,1,1,0,1,0,1,1,0,0,0,1,0,1,0
821,-0.0577518225021841,0,0,1,0,1,0,1,1,1,0,0,0,1,0,1,0,1,1,1,1
822,-1.58189623691052,0,0,1,0,0,0,0,1,0,0,0,0,1,0,1,0,0,0,0,1
823,-0.397201498518494,1,0,0,1,0,0,0,1,1,1,0,0,0,0,1,0,0,0,0,1
824,-2.03305770404942,1,0,0,0,1,0,0,0,1,0,0,0,1,0,0,0,0,0,0,0
825,0.429505412182621,1,0,1,1,0,0,1,1,1,0,0,0,0,1,1,1,1,1,1,0
826,0.294607469743686,0,0,1,1,1,0,0,1,0,1,0,0,0,1,0,1,1,0,0,0
827,0.0743570915686016,0,0,0,1,0,0,1,1,0,0,0,0,1,0,0,0,1,0,1,1
828,-0.323253180894197,1,0,1,0,0,0,0,1,0,0,0,0,1,0,1,0,1,0,0,0
829,-1.35709426875798,0,0,0,0,0,0,0,1,1,0,0,0,1,0,0,0,1,0,0,1
830,-0.37291000899629,0,1,0,1,1,0,1,1,1,0,0,0,1,0,0,0,1,0,0,1
831,1.1325155181546,1,0,1,1,0,0,0,1,1,1,0,0,1,1,1,1,1,0,0,1
832,-0.630802910530058,1,0,0,1,0,0,1,1,0,0,0,0,0,0,1,0,1,1,1,0
833,0.225388227777871,0,1,0,1,0,0,1,1,1,1,0,0,1,0,0,0,0,0,1,1
834,-0.863203459343706,0,0,1,0,0,0,0,0,1,0,0,0,1,0,1,0,0,1,0,0
835,0.908994516533866,1,0,1,1,1,0,1,1,1,0,0,1,0,1,0,1,1,0,1,0
836,-0.453162521047262,1,1,0,0,1,0,0,0,1,1,0,0,1,0,0,0,0,0,1,1
837,-1.13827285086431,1,0,0,0,0,0,1,1,1,0,0,0,1,0,1,0,1,1,1,0
838,-1.16771750057725,0,0,0,0,1,0,0,0,0,0,0,0,1,0,1,0,0,1,0,0
839,0.159484835811181,0,0,0,1,0,0,0,1,0,1,0,0,1,0,1,0,1,0,0,0
840,-1.41252019091692,1,1,0,0,0,0,1,0,0,0,0,0,1,0,1,0,1,0,0,0
841,-0.0831060727836674,1,0,0,1,0,0,0,1,1,1,0,1,1,0,1,1,0,0,1,1
842,-0.25722906883142,1,0,0,0,0,0,1,1,1,0,0,0,0,0,1,0,0,0,0,0
843,-0.837312876380549,1,0,0,0,0,0,0,1,0,0,0,0,1,0,1,0,0,0,1,0
844,-0.699054432324892,0,0,1,0,0,0,0,1,1,0,0,0,0,0,1,0,1,1,0,1
845,-0.400441355405625,1,0,0,0,0,0,1,1,0,0,0,0,0,1,1,0,0,0,0,0
846,-1.95145065623748,1,1,0,0,0,0,0,0,1,1,0,0,1,0,0,0,1,1,0,0
847,-1.01312282152007,0,0,1,0,0,0,0,0,1,1,0,0,1,0,1,0,0,0,1,0
848,-0.0537272825479911,0,0,1,1,1,0,1,1,1,0,0,1,0,0,1,0,0,0,0,0
849,-0.56543453915031,1,1,0,0,0,0,1,1,1,1,0,1,1,0,1,0,1,1,0,0
850,-0.531249399796187,1,1,1,0,1,0,1,1,1,0,0,0,0,0,0,0,0,0,0,1
851,-0.481741249383477,1,0,1,0,0,0,0,1,1,1,0,0,1,0,1,0,1,0,1,1
852,0.467111587441826,1,1,0,1,0,0,0,1,0,1,0,1,0,1,1,0,1,0,1,1
853,-0.175976993694647,0,0,0,1,0,0,0,1,0,0,0,1,1,0,1,0,0,0,0,1
854,0.615099693671996,0,1,0,1,1,0,0,1,0,1,0,0,1,0,1,1,1,1,0,0
855,-2.13740824955865,0,1,1,0,0,0,0,0,0,0,0,0,0,0,1,0,0,0,0,1
856,-1.32799436029803,0,0,1,0,0,0,0,0,0,0,0,0,0,0,0,0,1,1,0,1
857,0.0463552909699494,1,0,0,1,0,0,0,1,0,0,0,1,1,1,0,1,0,0,1,1
858,-1.42438116212212,0,1,0,0,1,0,1,0,0,0,0,0,0,0,0,0,0,0,0,1
859,-0.502572716220225,0,0,1,1,0,0,1,0,1,0,0,0,1,0,1,0,0,0,0,0
860,0.00722142832543025,0,0,1,1,0,0,0,1,0,0,0,0,1,0,1,0,0,1,0,0
861,-0.367373279279208,1,0,0,0,1,0,1,1,1,1,0,0,1,0,1,0,0,1,0,0
862,-0.257107570539591,1,0,1,1,1,0,0,1,0,0,0,0,1,0,0,0,1,0,0,1
863,1.58231219991787,0,1,1,1,1,0,0,1,1,1,0,1,1,1,1,1,1,0,1,0
864,0.559858478886313,1,1,1,1,0,0,1,1,1,1,0,0,1,1,1,0,0,0,1,0
865,-0.571558530786469,0,0,0,0,0,0,0,1,1,0,0,0,0,1,0,0,0,1,1,1
866,0.0207833660994255,1,1,1,1,0,0,0,1,1,0,0,0,1,0,1,0,1,0,0,1
867,0.553166343014284,0,1,0,1,0,0,1,1,1,0,0,1,1,1,1,1,0,1,1,0
868,-0.982925694915367,1,0,0,1,0,0,0,1,0,0,0,0,1,0,1,0,0,0,0,0
869,-0.653501620656447,0,1,1,1,0,0,0,1,1,0,0,0,1,0,0,0,0,0,1,0
870,-1.50650843443887,0,1,0,1,0,0,0,1,0,0,0,0,1,0,0,0,1,0,0,0
871,-1.14658872007829,1,0,1,0,0,0,0,0,0,1,0,0,1,0,0,0,0,1,0,1
872,-0.64000142120305,0,1,0,0,1,0,0,1,0,0,0,0,1,0,0,0,1,1,0,1
873,0.423968567000474,1,0,0,1,1,0,0,1,0,0,0,0,1,1,0,0,0,0,1,1
874,-0.267927491789257,1,0,0,1,0,0,1,1,0,1,0,0,0,1,1,0,0,0,0,0
875,-1.30829039978954,0,1,0,0,0,0,0,0,1,1,0,0,1,0,0,0,1,1,1,1
876,0.0879675179592925,1,0,1,1,1,0,0,1,0,1,0,0,1,1,1,0,1,0,0,1
877,0.477814835577901,0,1,1,1,1,0,0,1,0,1,0,0,1,1,1,0,0,1,1,1
878,-0.35357751841557,0,0,0,1,1,0,1,1,1,1,0,0,1,0,0,0,1,1,1,1
879,0.915144813799103,0,1,1,1,1,0,0,1,1,1,0,1,0,1,0,1,1,0,0,1
880,-0.297967138202215,0,1,1,0,1,0,1,1,0,1,0,0,1,0,1,0,0,1,0,0
881,0.832984384268001,0,0,1,1,1,0,0,1,1,1,0,1,1,1,1,1,1,0,0,1
882,-1.52000657519706,1,1,0,0,0,0,0,0,1,1,0,0,1,0,0,0,1,1,0,0
883,1.46551861075365,0,1,1,1,0,0,0,1,0,0,0,1,0,1,1,1,1,0,0,0
884,0.832299836618001,0,1,0,1,1,0,1,1,0,1,0,1,0,1,1,0,0,1,0,1
885,-0.298132042565536,0,1,0,1,1,0,0,1,0,1,0,0,0,0,0,0,1,0,0,0
886,0.839268504500429,0,0,0,1,0,0,1,1,1,1,0,1,0,1,1,1,1,0,1,1
887,0.439834786745578,0,0,1,1,1,0,1,1,0,0,0,0,0,0,0,0,1,1,0,1
888,-1.43715504701156,1,0,0,0,0,0,0,1,1,0,0,0,1,0,0,0,0,1,0,0
889,-0.50244536417556,0,1,0,1,1,0,1,1,0,0,0,0,0,0,1,0,0,0,0,0
890,-0.859907731322208,1,1,0,0,0,0,0,0,0,0,0,0,0,0,1,0,1,0,1,1
891,-0.249671669937233,1,0,0,1,0,0,1,1,0,1,0,0,0,0,1,0,1,0,0,0
892,-0.843846304738761,0,1,0,0,0,0,1,1,1,0,0,0,0,0,1,0,1,1,1,1
893,-0.991453404700068,0,0,1,0,0,0,0,1,0,0,0,0,0,0,1,0,0,0,0,0
894,1.14618562240861,1,1,1,1,1,0,1,1,1,1,0,0,1,1,0,1,0,0,0,0
895,-0.6240071661667,1,1,0,1,0,0,0,1,1,1,0,0,0,0,0,0,1,1,1,1
896,-0.905422142638859,0,0,1,1,0,0,0,1,0,1,0,0,1,0,1,0,0,1,1,1
897,-1.89968879582099,0,0,0,0,1,0,0,1,0,0,0,0,0,0,1,0,0,0,0,1
898,-0.423611167821905,1,1,0,0,1,0,1,1,1,0,0,0,1,0,1,0,0,0,0,0
899,1.29741036838948,0,0,0,1,0,0,0,1,0,1,0,1,0,1,0,1,1,0,1,1
900,0.694988522981278,1,1,1,1,0,0,0,1,0,1,0,0,0,1,1,1,0,1,1,1
901,0.233007706717619,1,0,0,1,0,0,1,1,1,0,0,0,0,0,1,1,1,0,1,0
902,0.136763038396143,1,1,0,1,1,0,0,1,0,1,0,1,1,0,0,0,0,1,0,0
903,-0.137028405001336,1,1,0,1,1,0,0,0,1,0,0,1,0,0,1,0,0,1,0,1
904,-1.09349260266221,1,0,1,0,0,0,0,1,0,0,0,0,0,0,1,0,0,1,1,1
905,-1.03361750948235,0,0,0,0,1,0,0,1,1,0,0,0,0,0,0,0,1,0,0,1
906,1.54819829241687,0,1,0,1,1,0,1,1,0,0,0,1,1,1,1,1,1,0,1,1
907,-0.592512785729899,0,0,1,0,1,0,0,1,0,0,0,0,1,0,0,0,1,0,0,0
908,0.590551968874415,0,0,1,1,1,0,0,1,1,0,0,1,0,0,1,1,1,1,1,0
909,0.692386974628648,1,1,0,1,1,0,0,1,0,0,0,0,1,1,1,0,0,0,0,1
910,-1.09875653544599,0,1,0,1,1,0,1,1,1,1,0,0,1,0,1,0,1,0,0,1
911,-0.67279910915594,1,0,1,1,0,0,1,1,0,1,0,1,0,0,1,0,0,0,1,0
912,1.4909415503023,1,0,1,1,0,0,1,1,1,0,0,1,1,0,1,1,0,0,0,0
913,-0.757122465196682,0,0,1,1,1,0,0,1,1,0,0,1,0,0,1,0,0,0,0,1
914,0.119107675966138,0,1,1,1,1,0,1,1,0,0,0,0,0,0,1,0,0,0,0,0
915,-0.933195458722005,1,1,0,0,1,0,0,0,0,0,0,0,1,0,1,0,1,0,1,0
916,0.773323029201281,1,1,0,1,0,0,0,1,0,1,0,0,0,1,1,1,1,0,0,1
917,-0.544643644115058,1,1,1,1,0,0,1,1,0,1,0,0,0,0,1,0,0,1,1,0
918,0.311678943789304,0,1,0,1,0,0,1,1,0,0,0,1,0,0,0,0,1,0,1,1
919,1.91506892841907,1,1,1,1,1,0,0,1,1,1,0,1,0,1,1,1,0,1,1,0
920,-1.05670424398136,0,1,1,1,0,0,0,1,0,0,0,0,1,0,1,0,1,1,0,1
921,-0.657041494672081,0,1,0,0,1,0,1,1,1,1,0,0,0,0,1,0,0,0,1,1
922,0.409578720985648,1,0,0,1,1,0,1,1,0,0,0,0,0,1,0,0,1,0,0,1
923,0.511583846587105,1,0,0,1,0,0,0,1,0,0,0,0,0,1,1,0,0,1,0,0
924,0.113008358654835,0,0,0,1,0,0,0,1,1,1,0,0,0,0,0,0,0,1,1,1
925,1.45055884137345,0,0,0,1,1,0,1,1,1,0,0,1,1,1,0,1,1,0,0,1
926,-1.11994174212628,1,1,1,1,0,0,0,1,0,1,0,0,0,0,0,0,0,1,1,0
927,0.312097068562546,0,1,0,1,1,0,0,1,0,0,0,0,1,0,1,1,1,0,1,0
928,0.424007585620417,1,1,0,1,1,0,0,1,0,0,0,0,1,1,0,1,1,0,1,1
929,-0.64585803968712,1,1,0,0,1,0,0,1,1,1,0,0,0,0,1,0,1,0,0,1
930,-0.596023449426864,0,0,0,0,0,0,0,1,0,0,0,0,1,1,0,0,0,1,0,0
931,0.42290130479558,1,1,0,1,0,0,0,1,0,1,0,0,1,0,1,1,1,0,1,1
932,1.5749255423507,0,1,1,1,1,0,1,1,1,1,0,1,0,1,1,1,1,1,1,1
933,0.42236670509034,0,1,0,0,0,0,1,1,1,0,0,1,0,0,1,1,0,1,1,0
934,-1.29197066124551,1,1,0,0,1,0,0,0,0,0,0,0,1,0,0,0,1,1,0,0
935,0.836441397395423,1,1,1,1,1,0,1,1,0,0,0,1,1,1,1,0,1,0,0,1
936,-0.574644557224007,1,0,0,1,1,0,1,1,0,1,0,0,0,0,1,0,1,0,1,1
937,1.7257167418123,1,0,1,1,1,0,1,1,0,1,0,1,0,1,1,1,0,1,0,0
938,-0.404077224069219,0,1,0,1,1,0,1,1,1,0,0,0,1,0,1,0,0,0,0,0
939,0.216536317358646,1,1,1,1,1,0,0,1,1,0,0,0,0,0,1,0,1,0,1,0
940,-0.726683027936749,1,0,1,0,0,0,1,1,0,1,0,0,1,0,1,0,1,1,1,1
941,-0.163963564519259,0,1,1,0,1,0,1,1,1,1,0,0,1,0,0,0,1,1,0,1
942,-0.404635262163165,1,0,0,1,0,0,0,1,1,0,0,0,1,0,1,0,1,1,0,0
943,-1.9297641640314,1,0,0,0,1,0,1,0,0,1,0,0,0,0,1,0,0,0,1,1
944,1.13272854613042,1,0,1,1,1,0,1,1,1,0,0,1,1,1,1,1,1,0,1,1
945,0.284267297122074,0,1,1,1,0,0,1,1,1,0,0,1,0,1,0,1,0,1,0,0
946,0.70339671657562,1,1,0,1,1,0,1,1,1,0,0,0,1,1,1,0,1,0,0,1
947,-0.857283025996262,0,1,1,0,1,0,0,0,0,1,0,0,1,0,1,0,1,0,0,1
948,-0.287487447787816,0,0,1,1,1,0,0,1,1,0,0,0,1,0,0,0,1,0,0,0
949,1.06470941741319,0,0,1,1,0,0,1,1,0,0,0,1,0,0,0,1,1,1,1,1
950,-0.137814593301657,0,1,0,1,0,0,1,1,1,0,0,0,0,0,1,0,1,1,0,0
951,-0.3702043203344,0,0,0,1,1,0,1,1,1,1,0,0,0,0,0,0,1,0,0,0
952,-1.3474464254673,0,0,0,0,0,0,1,0,0,0,0,0,1,0,1,0,0,1,0,0
953,1.68486894312931,0,1,0,1,1,0,1,1,1,1,0,1,0,1,1,1,0,0,1,0
954,-0.742384623837287,0,0,0,0,1,0,0,1,1,0,0,0,1,0,0,0,0,0,0,1
955,-0.429464912950071,0,0,1,1,0,0,0,1,0,0,0,0,0,0,1,0,0,1,0,0
956,-0.986775709553125,0,0,0,0,0,0,1,1,0,0,0,0,0,0,0,0,1,0,0,0
957,0.166772570539246,1,0,0,1,0,0,1,1,1,1,0,1,0,0,0,1,1,0,0,1
958,1.02496132743478,0,0,1,1,0,0,1,1,1,1,0,0,1,1,0,1,1,0,0,1
959,-0.504627040625412,0,0,0,1,1,0,0,1,1,1,0,0,1,0,0,0,1,0,0,0
960,1.66794998498504,0,0,0,1,0,0,0,1,1,0,0,1,0,1,1,1,0,1,1,1
961,0.766551743760344,1,1,0,1,0,0,0,1,1,0,0,0,0,1,0,1,0,1,1,1
962,-2.67830663655045,0,0,1,0,0,0,0,0,0,1,0,0,0,0,1,0,0,0,0,0
963,0.466374476311271,0,0,0,1,0,0,0,1,1,0,0,0,1,1,0,1,0,1,0,1
964,0.124306197480217,1,0,1,1,0,0,0,1,0,0,0,1,0,0,1,1,0,0,1,0
965,0.559433514101603,1,0,0,1,0,0,1,1,1,0,0,0,0,1,1,0,1,1,0,1
966,0.0202207207789346,1,0,1,1,1,0,0,1,1,0,0,0,1,0,0,0,0,1,0,1
967,0.706048843226032,0,0,0,1,0,0,0,1,1,1,0,0,1,0,0,1,1,1,0,0
968,-0.573579404599005,0,1,0,0,1,0,1,1,1,0,0,0,0,0,0,0,1,0,0,0
969,0.109044262428545,1,1,1,1,1,0,0,1,1,1,0,0,1,1,1,0,1,1,0,1
970,-0.201546069579331,1,1,1,1,0,0,1,1,1,0,0,0,0,0,1,0,0,0,0,1
971,0.0429188378731517,1,1,0,1,0,0,0,1,1,0,0,0,1,1,1,0,0,0,0,0
972,0.098461697771401,0,1,0,1,0,0,0,1,1,0,0,0,1,0,1,1,0,0,0,0
973,0.342320936375993,0,0,0,1,1,0,0,1,1,0,0,0,1,1,1,1,0,1,0,1
974,-0.213761373482221,1,1,0,1,1,0,1,1,1,0,0,0,0,0,1,0,0,1,1,1
975,-0.16351847565516,0,0,0,1,1,0,1,1,0,0,0,0,1,0,1,0,1,0,1,0
976,-0.537992870282987,0,1,0,0,0,0,0,1,1,0,0,0,0,0,0,0,1,0,0,0
977,-0.854524011799541,0,1,0,0,0,0,0,1,1,0,0,0,0,0,1,0,0,0,1,1
978,0.325294217988209,1,1,0,1,1,0,0,1,1,1,0,0,1,1,0,0,0,0,1,1
979,0.306935976979583,0,1,0,1,0,0,0,1,0,0,0,0,1,1,1,1,0,0,1,1
980,-1.38731269994922,0,0,0,0,1,0,0,0,1,0,0,0,0,0,0,0,1,1,0,0
981,1.34727021164316,0,0,0,1,0,0,1,1,1,1,0,1,1,1,0,1,0,1,0,0
982,-1.5140258629065,1,1,1,0,0,0,1,0,1,0,0,0,1,0,0,0,0,0,1,0
983,-0.437246986012898,1,1,0,0,0,0,1,1,0,0,0,0,1,0,1,0,0,0,0,1
984,0.305847725002701,1,0,0,1,0,0,1,1,0,1,0,0,1,1,0,0,0,1,0,1
985,0.0117270232996338,0,1,0,1,1,0,0,1,1,1,0,0,1,1,0,0,0,1,0,0
986,-0.669140118452098,1,0,0,0,0,0,1,1,1,0,0,0,1,0,0,0,0,1,1,1
987,1.76738701489955,1,0,0,1,0,0,0,1,1,0,0,1,1,1,1,1,0,1,0,1
988,-1.49687909429858,0,0,0,0,0,0,0,0,1,1,0,0,1,0,1,0,0,0,0,0
989,2.2319261285414,1,1,1,1,1,0,1,1,1,1,1,1,1,1,0,1,0,0,1,0
990,-0.702845865898299,0,0,0,0,1,0,0,1,1,0,0,0,1,0,0,0,1,1,0,1
991,-0.309018545571957,0,0,0,1,0,0,1,1,0,0,0,0,0,0,1,0,0,1,0,0
992,-0.999050005707173,0,0,0,0,1,0,0,1,1,0,0,0,0,0,1,0,0,1,0,1
993,0.709150192063655,1,0,1,1,1,0,1,1,1,0,0,1,1,1,0,0,0,1,1,0
994,-1.13165732265556,0,0,1,0,0,0,0,0,1,0,0,0,1,0,1,0,0,1,1,0
995,0.424285059806732,1,1,1,1,1,0,0,1,0,1,0,1,1,0,1,0,1,0,1,0
996,1.23505983150288,0,0,1,1,0,0,1,1,0,0,0,0,0,1,1,1,1,1,0,1
997,0.940892444129485,1,1,1,1,1,0,1,1,0,0,0,0,1,1,1,1,1,1,1,0
998,-0.925762014135195,1,0,0,0,1,0,0,1,1,1,0,0,0,0,1,0,0,0,0,1
999,1.01682196686565,1,1,1,1,0,0,0,1,0,0,0,1,0,1,1,1,0,1,0,1
1000,1.73547504793888,0,0,1,1,0,0,1,1,1,0,0,1,1,1,0,1,1,1,0,1
1001,1.09898245234323,0,0,1,1,0,0,0,1,0,0,0,1,1,1,1,1,0,0,0,0
1002,-0.530685784347677,1,1,0,1,0,0,0,1,0,1,0,0,0,0,1,0,0,1,0,1
1003,-0.825143628301953,0,1,1,1,0,0,1,0,0,0,0,0,1,0,1,0,0,1,1,1
1004,-0.338619500512365,0,1,0,1,0,0,1,1,1,1,0,0,1,0,0,0,0,1,0,1
1005,1.66679945244345,1,0,0,1,1,1,1,1,1,1,0,1,1,1,1,1,0,0,0,1
1006,0.232288796695495,1,1,0,1,1,0,1,1,0,0,0,1,0,0,0,0,1,0,1,0
1007,-0.426462125458372,0,0,1,1,1,0,0,1,0,1,0,0,1,0,0,0,1,1,1,1
1008,0.320498082136062,1,1,1,1,0,0,1,1,1,1,0,1,0,0,1,0,0,0,0,1
1009,0.837051262879105,0,1,1,1,0,0,0,1,0,0,0,1,1,1,1,0,1,0,0,0
1010,1.04279197332019,1,0,1,1,0,0,0,1,1,0,0,1,1,1,1,0,1,1,0,1
1011,0.216315865185969,0,1,1,1,0,0,0,1,1,1,0,0,1,1,1,0,0,0,1,0
1012,-0.00125249139635146,0,0,0,1,1,0,0,1,0,0,0,0,1,0,1,0,0,1,1,0
1013,-0.617268702347816,0,0,1,1,0,0,0,1,1,0,0,0,0,0,1,0,0,0,0,0
1014,0.35293206838365,0,0,0,1,1,0,1,1,0,0,0,0,0,0,1,1,1,1,0,0
1015,0.757946559804215,1,0,1,1,0,0,0,1,1,0,0,0,1,1,0,1,0,0,1,1
1016,1.00352867820025,0,0,0,1,0,0,1,1,1,0,0,1,1,1,0,1,0,1,1,0
1017,1.14721831038659,1,1,0,1,0,0,1,1,1,0,0,1,0,1,1,1,0,0,1,0
1018,-0.022864656437877,1,1,1,1,0,0,0,1,0,0,0,0,0,0,0,0,1,0,0,0
1019,-1.23388692390715,0,0,0,0,1,0,0,1,0,0,0,0,1,0,0,0,0,0,1,1
1020,-1.55719294843036,0,0,0,0,0,0,1,0,0,1,0,0,1,0,1,0,1,1,1,0
1021,0.501556383279825,1,1,1,1,0,0,1,1,0,1,0,1,0,1,0,0,1,1,0,0
1022,0.698312991895228,0,0,1,1,1,0,0,1,0,0,1,1,0,1,1,0,0,1,0,1
1023,0.924189469781828,1,0,1,1,1,0,1,1,1,0,0,1,0,1,1,0,1,1,1,0
1024,-2.757364800462,1,0,1,0,0,0,1,0,0,0,0,0,0,0,0,0,1,1,0,0
1025,0.706043083569252,1,0,0,1,0,0,0,1,0,1,0,0,0,0,0,0,1,0,0,0
1026,-1.07022835415137,1,0,0,0,0,0,1,0,1,0,0,0,0,0,1,0,1,0,1,1
1027,-3.20424364831882,0,0,0,0,1,0,1,0,0,0,0,0,0,0,0,0,0,0,0,1
1028,-0.961426977349163,0,0,0,0,1,0,0,1,0,0,0,0,0,0,0,0,0,0,0,0
1029,-0.429439740544588,0,0,0,1,1,0,1,1,0,0,0,0,1,0,1,0,0,0,1,1
1030,0.352757386156984,0,1,1,1,1,0,1,1,0,0,0,0,0,1,1,0,1,1,1,0
1031,0.244050942167904,0,1,0,1,1,0,0,1,1,1,0,0,1,1,1,1,0,0,1,1
1032,0.298209124008978,1,0,1,1,1,0,1,1,0,0,0,0,1,1,1,0,0,0,0,0
1033,-0.505048772219274,1,0,1,1,1,0,1,1,1,0,0,0,1,0,1,0,0,0,1,1
1034,-0.739182477277593,1,1,0,0,0,0,0,1,0,1,0,0,0,0,1,0,0,0,1,0
1035,1.14673797438095,0,1,1,1,1,0,0,1,0,0,0,0,0,1,0,1,1,0,0,0
1036,0.732620334769022,0,1,0,1,1,0,0,1,0,0,0,0,1,0,0,1,1,0,0,0
1037,-0.387087805484418,1,1,1,1,0,0,0,1,1,1,0,0,0,0,0,0,1,0,1,0
1038,-0.921863588259418,1,0,0,1,1,0,1,1,0,0,0,0,1,0,1,0,1,1,0,0
1039,-0.215906335640341,1,1,0,1,0,0,0,1,0,0,0,0,0,0,1,0,1,0,0,1
1040,-1.56591828760807,0,0,1,0,1,0,0,0,0,1,0,0,1,0,0,0,1,0,0,0
1041,1.38016971423364,1,1,0,1,1,0,1,1,0,1,0,1,1,1,0,0,1,1,0,1
1042,0.556714380347678,1,0,1,1,0,0,1,1,1,0,0,0,1,1,1,1,1,1,0,0
1043,-1.01277882639446,1,0,1,0,0,0,0,1,0,0,0,0,1,0,0,0,0,0,0,1
1044,-1.13668073123233,0,0,0,0,0,0,1,1,1,0,0,0,0,0,0,0,0,0,1,1
1045,1.7985491276531,1,1,0,1,0,0,0,1,0,1,0,1,1,1,1,1,0,1,0,1
1046,-0.513781176701941,0,0,0,1,0,0,1,1,0,1,0,0,1,1,1,0,1,0,1,0
1047,0.495784016116808,0,1,1,1,1,0,0,1,1,1,0,1,0,1,1,1,1,0,1,1
1048,-1.09913139470152,1,1,0,1,1,0,0,0,1,1,0,0,1,0,0,0,1,0,1,1
1049,0.320041784670848,1,0,1,1,1,0,1,0,1,0,0,0,1,1,1,1,0,0,0,1
1050,0.618203087288093,1,1,1,1,1,0,1,1,1,0,0,1,1,1,1,1,0,0,1,1
1051,-1.15388518483878,0,1,1,0,1,0,0,1,0,1,0,0,0,0,0,0,0,0,0,1
1052,-0.119430402415077,0,1,1,1,0,0,1,1,1,0,0,0,1,0,0,0,0,0,0,1
1053,1.14693494054988,0,0,1,1,1,0,0,1,1,1,0,1,0,1,1,1,0,0,1,1
1054,0.0983328064635245,1,1,0,1,1,0,1,1,1,0,0,1,1,0,1,1,1,0,1,1
1055,-1.98832613091211,1,0,1,0,0,0,0,0,1,1,0,0,1,0,0,0,0,1,0,0
1056,-0.0205421745566231,1,0,1,1,1,0,0,1,1,0,0,0,0,1,1,0,1,0,1,1
1057,-0.650681064181798,0,0,0,0,0,0,1,1,0,0,0,0,1,0,0,0,0,0,0,0
1058,-0.763579834589427,1,0,0,1,0,0,0,1,0,0,0,0,0,0,0,0,1,1,0,1
1059,1.39918982242592,1,0,1,1,0,0,1,1,1,0,0,0,1,1,0,1,0,1,1,0
1060,-0.0302970701269644,1,1,1,1,0,0,1,1,1,0,0,0,0,0,1,0,0,0,0,0
1061,0.25614049726267,1,1,1,1,0,0,1,1,1,1,0,0,1,1,0,0,0,1,1,1
1062,-0.590504508894396,0,0,0,0,0,0,0,1,1,0,0,0,0,0,1,0,1,1,0,1
1063,-0.411684737104718,1,1,0,1,0,0,0,1,0,1,0,0,0,0,1,0,1,0,0,0
1064,-1.77810749929281,0,1,0,0,0,0,1,0,0,0,0,0,0,0,0,0,0,0,1,1
1065,1.93650680975934,1,1,0,1,0,1,0,1,1,0,0,1,1,1,1,1,1,0,0,0
1066,0.25482340010166,0,1,0,1,1,0,0,1,0,1,0,1,1,0,0,0,0,1,0,1
1067,-1.09504597749465,1,0,0,0,0,0,1,1,1,0,0,0,1,0,1,0,0,0,1,0
1068,-0.0406988239332553,1,1,0,1,1,0,1,1,1,1,0,0,0,0,0,1,1,0,0,1
1069,-0.932768203319755,0,1,0,0,0,0,0,1,1,0,0,0,1,0,0,0,0,0,1,0
1070,2.25136551531332,1,1,1,1,1,1,0,1,1,0,1,1,0,1,0,1,1,1,1,0
1071,-0.127005111572826,1,0,0,1,1,0,0,1,1,0,0,0,0,0,0,0,1,1,1,1
1072,-1.01277882639446,1,1,1,1,1,0,0,0,0,0,0,0,0,0,0,0,0,0,1,0
1073,0.295291884342989,1,0,0,1,1,0,1,1,1,1,0,0,1,1,0,0,1,0,1,1
1074,-0.890175861855585,1,1,0,0,1,0,1,1,0,0,0,0,0,0,0,0,1,0,1,1
1075,-0.20202031284794,0,1,0,1,0,0,1,1,0,0,0,0,0,0,0,0,0,0,0,1
1076,-1.16420581118702,0,1,0,1,0,0,0,0,1,0,0,0,0,0,1,0,1,0,1,1
1077,0.621533952339656,0,1,1,1,0,0,1,1,1,0,0,1,1,1,1,0,1,1,1,1
1078,-0.232805289124456,1,1,0,1,0,0,1,1,0,0,0,0,0,0,1,0,1,0,1,0
1079,-0.595207167745422,1,1,0,1,0,0,0,0,1,0,0,0,1,0,0,0,0,0,0,1
1080,-0.574092751943824,1,0,0,0,0,0,1,1,1,0,0,0,1,0,1,0,0,0,1,1
1081,-0.0245977614156285,1,1,1,1,0,0,1,1,1,1,0,0,0,0,1,0,0,0,1,1
1082,-0.0667378737837311,0,0,0,1,1,0,1,1,1,1,0,0,0,0,1,1,0,1,1,1
1083,-1.04190696446432,0,0,1,1,0,0,1,0,0,0,0,0,0,0,0,0,0,1,0,0
1084,-0.581773431732842,0,0,1,0,0,0,0,1,1,0,0,0,0,0,0,0,1,0,0,0
1085,-0.381421222396299,0,0,1,1,1,0,1,1,0,1,0,0,0,0,0,1,0,0,1,1
1086,0.0455023046505709,0,1,1,1,0,0,0,1,1,0,0,0,0,1,0,1,0,1,0,1
1087,0.99381839854945,1,0,1,1,1,0,0,1,0,0,0,0,1,1,1,0,0,0,1,0
1088,0.0354166216388321,0,0,0,1,1,0,0,1,1,0,0,1,0,1,0,1,1,0,1,1
1089,0.605462680597979,1,1,0,1,1,0,1,1,1,0,0,0,1,1,0,1,0,1,1,0
1090,-0.686516438097888,1,0,0,1,0,0,0,1,1,1,0,0,0,0,0,0,0,1,1,1
1091,0.798768324572489,0,0,0,1,0,0,1,1,0,0,0,1,1,1,1,1,0,1,0,0
1092,0.623264415129805,1,1,0,1,1,0,0,1,1,1,0,1,0,0,1,0,0,0,1,1
1093,-1.30119034170596,1,0,0,0,1,0,0,1,0,0,0,0,1,0,1,0,0,0,1,0
1094,-0.466328227810731,0,0,1,1,1,0,1,1,1,1,0,0,0,0,1,0,1,1,0,1
1095,-0.412089194492947,1,0,0,1,1,0,1,1,0,0,0,0,0,0,1,0,0,1,0,1
1096,0.92196918740132,0,1,0,1,0,0,0,1,1,0,0,1,0,1,0,1,0,0,1,1
1097,2.76824680789162,0,0,1,1,1,1,0,1,1,0,1,1,1,1,1,1,1,1,1,1
1098,0.208537598765587,1,1,1,1,0,0,0,1,0,0,0,0,1,1,1,0,1,0,0,0
1099,-0.126557433466563,1,0,0,0,0,0,0,1,0,0,0,0,1,0,1,0,1,1,0,1
1100,-0.760893104367191,0,1,0,0,0,0,0,0,1,1,0,0,1,0,1,0,1,0,1,0
1101,0.811058000124324,0,0,0,1,1,0,0,1,1,1,0,1,1,0,0,1,1,0,0,1
1102,0.994539185079162,0,0,0,1,1,0,1,1,1,1,0,1,1,1,1,1,0,0,0,0
1103,-1.15867557216675,0,0,1,1,1,0,0,1,0,0,0,0,0,0,0,0,0,0,1,0
1104,-1.45581266269056,1,1,1,0,0,0,0,1,1,0,0,0,0,0,0,0,1,0,0,0
1105,-1.60156505285765,0,1,1,0,0,0,0,0,0,0,0,0,1,0,0,0,0,0,1,0
1106,-1.61408608360565,0,0,0,0,0,0,0,0,0,1,0,0,1,0,1,0,0,1,0,1
1107,-0.949222386452201,0,1,0,0,1,0,0,1,0,1,0,0,0,0,1,0,1,1,0,0
1108,0.0160274000935496,0,1,0,1,1,0,0,1,0,1,0,0,0,0,1,0,0,1,0,1
1109,0.677151316270717,0,0,1,1,1,0,1,1,1,0,0,1,1,0,1,0,1,1,0,1
1110,0.767618017786817,1,1,0,1,0,0,1,1,0,1,0,1,1,1,1,1,1,0,0,0
1111,-0.565864617931339,1,0,1,1,0,0,1,1,0,0,0,0,0,0,0,0,1,1,1,0
1112,0.180579905349495,0,0,0,1,0,0,1,1,0,0,0,0,1,0,1,0,0,1,0,1
1113,0.743252391372377,0,1,0,1,0,0,0,1,0,1,0,1,1,1,1,1,0,1,0,0
1114,0.0429572848072869,0,1,0,1,1,0,1,1,0,0,0,0,1,0,0,0,0,0,1,0
1115,-0.541170114836556,0,1,1,0,0,0,0,1,1,0,0,0,1,0,1,0,1,0,0,0
1116,-0.844055885516987,1,0,0,1,0,0,0,1,1,0,0,0,0,0,1,0,1,1,0,1
1117,0.504212601817414,0,0,0,1,1,0,1,1,0,0,0,1,0,1,1,1,0,0,1,0
1118,0.298767958557426,1,0,1,1,0,0,0,1,1,1,0,0,0,1,0,0,1,1,0,1
1119,-0.381414510075495,0,1,0,0,1,0,1,1,0,0,0,0,1,0,1,0,1,0,1,1
1120,-0.416954300610784,1,1,0,1,1,0,0,1,0,0,0,0,0,0,1,0,1,0,1,1
1121,-0.528203270153742,0,0,0,0,1,0,1,1,1,0,0,1,0,0,1,0,0,1,0,0
1122,0.00177183468995325,0,1,0,0,1,0,0,1,1,1,0,1,1,1,1,0,1,1,1,0
1123,-1.33917355866677,1,1,0,0,0,0,0,0,1,1,0,0,0,0,0,0,1,1,0,1
1124,-0.473194682719573,0,0,0,1,0,0,0,1,1,0,0,0,0,0,1,0,1,1,0,1
1125,0.124467321289921,0,1,0,1,1,0,1,1,1,1,0,0,0,0,1,0,1,1,0,1
1126,1.11853940078078,1,1,1,1,0,0,0,1,1,0,0,1,1,1,0,1,0,1,0,0
1127,-1.74874294855299,1,0,1,0,0,0,0,1,0,0,0,0,1,0,1,0,1,1,1,0
1128,-0.60205430608821,1,0,0,1,0,0,1,1,0,1,0,0,0,0,0,0,1,0,0,0
1129,1.37308927153693,0,1,1,1,0,0,1,1,1,1,0,1,1,1,1,1,1,0,0,1
1130,-1.79898332707809,0,0,1,0,0,0,1,0,1,1,0,0,1,0,0,0,1,1,0,0
1131,-0.201730001473868,1,1,0,1,1,0,1,1,1,1,0,0,0,0,1,0,1,1,0,0
1132,1.88519309008755,0,1,0,1,0,0,0,1,1,0,0,1,1,1,1,1,1,1,1,1
1133,0.643948893659723,0,1,1,1,1,0,0,1,0,1,0,1,1,1,0,1,0,1,1,0
1134,0.223206745375256,0,1,0,1,0,0,1,1,1,1,0,0,0,0,0,0,1,0,0,1
1135,-0.493400190518986,0,0,1,0,0,0,0,0,1,1,0,0,1,0,0,0,0,0,1,0
1136,-1.45629804337703,1,0,1,0,1,0,0,1,0,0,0,0,0,0,1,0,1,0,0,1
1137,0.573926680576105,1,1,1,1,0,0,1,1,0,0,0,1,0,0,0,1,1,1,0,1
1138,0.630650984615776,0,1,1,1,1,0,1,1,0,0,0,1,0,1,0,0,0,0,0,1
1139,-1.02601060799704,0,0,0,0,1,0,0,0,0,0,0,0,0,0,0,0,1,0,0,0
1140,-0.0275981171399047,1,0,1,1,1,0,1,1,1,0,0,0,1,0,1,0,0,0,0,1
1141,0.173892191028193,0,0,0,1,0,0,0,1,1,1,0,1,1,0,0,0,1,0,1,0
1142,-1.05595446060283,0,0,1,0,0,0,0,0,1,1,0,0,1,0,1,0,0,1,0,1
1143,1.48358545855833,1,1,1,1,1,0,0,1,1,1,0,1,1,1,0,1,1,1,0,1
1144,0.628250972399276,1,0,1,1,0,0,0,1,1,0,0,0,1,1,0,1,1,1,0,1
1145,-0.217429803940156,1,0,1,1,1,0,0,1,0,1,0,0,1,0,0,0,1,0,0,0
1146,-0.375694041694567,1,1,0,1,1,0,1,1,0,0,0,0,1,0,0,0,0,0,0,1
1147,-0.0414009791361984,0,0,0,0,1,0,1,1,1,0,0,0,1,0,1,1,1,1,1,0
1148,-0.994220950279268,1,0,1,0,1,0,0,1,1,0,0,0,0,0,1,0,1,1,1,0
1149,2.48954803168304,0,1,1,1,1,0,1,1,1,0,1,1,1,1,0,1,0,1,1,0
1150,-1.38592411705372,0,1,1,0,1,0,1,0,0,0,0,0,0,0,0,0,1,0,1,0
1151,0.218333717454209,0,0,0,1,1,0,0,1,1,0,0,1,0,0,0,0,0,0,1,0
1152,-0.897938202984998,1,1,1,1,0,0,0,1,0,0,0,0,1,0,1,0,1,0,0,1
1153,-0.177890896705232,0,0,0,0,0,0,1,1,0,0,0,0,0,0,0,0,0,0,1,1
1154,-0.774184481036436,0,0,0,1,0,0,0,1,1,0,0,0,1,0,1,0,0,0,0,0
1155,-0.792172674909366,0,1,0,0,0,0,0,1,0,1,0,0,1,0,0,0,1,0,1,0
1156,1.25967966733697,0,1,1,1,1,0,0,1,0,1,0,0,0,1,0,1,0,0,0,1
1157,3.19132842471085,0,0,0,1,1,1,1,1,1,0,1,1,0,1,1,1,1,1,1,1
1158,-0.49092536919014,1,0,0,0,1,0,0,1,0,0,0,0,1,0,1,0,1,1,0,0
1159,0.364731148985461,1,1,1,1,1,0,1,1,1,1,0,0,1,1,0,0,1,0,1,1
1160,0.195465944399583,0,1,1,0,0,0,0,1,1,1,0,1,0,0,1,0,1,1,1,1
1161,-0.372336167391415,0,0,1,0,1,0,1,1,1,0,0,0,0,1,1,0,0,1,0,1
1162,-1.12367570701225,0,0,0,0,1,0,0,1,0,1,0,0,0,0,1,0,0,0,0,0
1163,-1.04462708595061,1,0,0,0,0,0,0,1,1,1,0,0,0,1,1,0,0,1,0,0
1164,0.982471223133374,0,0,1,1,1,0,0,1,0,0,0,1,1,1,0,1,1,0,1,1
1165,-0.230582312908128,0,0,0,1,0,0,0,1,0,0,0,0,1,0,0,0,1,0,0,0
1166,1.9204817276896,1,1,0,1,0,0,1,1,0,0,1,1,0,1,0,1,1,1,0,0
1167,0.173612335397125,0,0,0,1,0,0,0,1,0,0,0,0,0,0,0,0,1,1,0,0
1168,-2.11019407401325,1,0,1,0,0,0,0,0,1,1,0,0,0,0,0,0,0,0,0,0
1169,0.541076793269276,0,0,1,1,1,0,1,1,1,0,0,0,0,1,1,1,1,0,0,0
1170,-0.15558652537442,1,0,1,1,1,0,0,1,1,1,0,0,1,0,0,0,1,1,1,0
1171,1.33301124956322,1,1,0,1,1,0,1,1,0,0,0,1,0,0,1,0,1,1,1,1
1172,0.214354468379059,0,1,0,1,1,0,0,1,0,0,0,0,1,0,1,0,0,1,1,0
1173,0.0431047052320719,1,1,1,1,1,0,0,1,0,1,0,0,1,0,0,0,0,0,1,0
1174,-0.247047651321344,1,0,0,0,1,0,0,1,0,0,0,0,0,0,1,1,0,0,0,1
1175,1.55514252465361,0,1,0,1,1,0,1,1,0,1,0,0,1,1,1,1,0,1,1,0
1176,-0.78234590094479,0,0,0,1,1,0,1,1,1,1,0,0,1,0,0,0,0,1,0,0
1177,1.39273430862799,0,0,1,1,0,0,0,1,0,1,0,1,0,1,1,1,1,1,0,0
1178,0.948826768743492,1,0,1,1,0,0,1,1,0,0,0,1,0,0,1,1,0,1,0,1
1179,0.19020811910112,1,1,0,1,1,0,0,1,1,0,0,1,1,0,0,0,1,1,1,1
1180,-0.34479403108488,0,0,0,1,0,0,0,1,0,1,0,1,1,0,0,0,0,1,0,0
1181,-0.900998612711865,0,1,0,1,1,0,1,0,0,0,0,0,0,0,0,0,1,0,0,0
1182,0.685560917495041,0,0,1,1,1,0,1,1,1,1,0,1,0,1,1,1,1,0,1,1
1183,-0.213768474035924,1,1,0,1,0,0,0,1,0,1,0,0,0,0,1,0,0,1,0,0
1184,0.174440561055364,0,1,0,0,1,0,1,1,0,1,0,0,0,0,1,0,0,1,0,0
1185,1.1736529508295,1,0,1,1,0,0,1,1,1,1,0,1,1,1,1,0,1,1,0,1
1186,-0.476171476565039,1,0,1,0,0,0,1,1,0,1,0,0,1,0,1,0,0,1,0,1
1187,1.59200322217372,0,1,0,1,1,0,1,1,0,0,0,1,1,1,1,1,1,0,0,1
1188,0.59631915287779,1,0,0,1,0,0,0,1,0,1,0,0,0,1,1,0,0,0,0,0
1189,-1.56634759360872,0,0,0,0,0,0,0,0,0,0,0,0,0,0,0,0,1,1,0,0
1190,-0.543825002481606,1,1,0,1,1,0,1,1,0,1,0,0,0,0,1,0,0,1,0,0
1191,-0.442481711786114,1,0,1,1,0,0,0,1,1,1,0,0,0,0,1,0,0,0,0,1
1192,-1.19415531007742,0,0,0,0,1,0,0,0,1,1,0,0,1,0,1,0,0,1,0,1
1193,-0.140455271142916,0,1,0,1,1,0,1,1,1,0,0,0,0,0,0,0,0,0,1,1
1194,0.507461566716878,0,0,1,1,0,0,1,1,0,1,0,1,0,1,0,0,0,1,0,1
1195,0.339846906285756,1,0,0,1,1,0,1,1,1,0,0,0,1,0,0,0,1,1,1,0
1196,-1.01222755175676,0,0,0,0,0,0,0,1,0,0,0,0,1,0,0,0,0,0,0,1
1197,-0.169116938747276,0,1,1,0,0,0,1,1,0,1,0,0,1,0,0,0,1,1,0,0
1198,0.580875905809096,1,1,1,1,1,0,0,1,1,0,0,0,0,0,1,1,0,1,0,0
1199,-1.9036125549027,1,1,1,0,0,0,0,0,0,1,0,0,1,0,1,0,1,0,1,0
1200,0.330589895281086,1,0,0,1,0,0,1,1,1,0,0,1,0,0,1,0,1,0,0,0
1201,1.26576990869629,0,0,1,1,1,0,0,1,1,1,0,1,1,1,0,1,1,1,0,1
1202,-1.26043185228747,0,1,0,0,0,0,0,1,0,1,0,0,1,0,1,0,1,0,0,0
1203,0.519812925452356,1,1,1,1,1,0,0,1,0,0,0,0,0,0,1,1,0,1,1,0
1204,2.20331796180653,0,0,1,1,0,0,0,1,1,0,1,1,0,1,1,1,1,1,0,1
1205,0.601318775472046,0,0,0,1,0,0,0,1,1,1,0,0,1,1,1,1,0,0,0,0
1206,-0.133891491987283,0,0,0,0,1,0,1,1,1,0,0,0,0,0,1,0,1,0,0,0
1207,-1.628141917346,0,0,0,0,1,0,0,1,0,0,0,0,1,0,1,0,0,1,0,0
1208,-1.13357951852385,0,1,0,0,1,0,0,0,0,1,0,0,1,0,1,0,0,0,0,1
1209,0.956819425660571,0,1,0,1,0,0,1,1,1,1,1,0,1,0,1,1,0,1,1,0
1210,-1.18681136129129,1,1,0,0,1,0,0,1,0,0,0,0,1,0,1,0,0,0,0,1
1211,-0.206855115834821,0,0,1,1,0,0,0,1,0,1,0,0,1,0,1,0,0,0,1,0
1212,1.04903474260381,1,1,1,1,1,0,1,1,0,0,0,1,1,1,1,1,1,0,0,1
1213,1.93440675775615,0,0,1,1,0,1,1,1,1,1,0,1,1,1,0,1,0,0,0,1
1214,-1.46414287152714,1,0,0,0,0,0,0,1,1,0,0,0,0,0,1,0,0,0,0,0
1215,0.953712976039999,1,0,0,1,1,0,0,1,1,0,0,1,1,1,1,1,1,0,0,1
1216,1.065330529614,0,0,0,1,0,0,0,1,1,0,0,1,0,1,1,1,1,1,1,1
1217,0.86025406734095,1,1,1,1,0,0,0,1,0,0,0,1,0,0,0,1,1,0,0,1
1218,-0.854676296858746,0,1,1,1,0,0,0,1,0,1,0,0,1,0,0,0,1,0,1,0
1219,0.94070107684732,0,1,0,1,0,0,1,1,0,0,0,1,1,0,0,1,1,0,0,0
1220,1.0577294329093,1,1,0,1,1,0,1,1,1,1,0,1,1,1,0,1,0,0,0,1
1221,-0.853690425322663,0,1,1,1,0,0,0,1,0,1,0,0,0,0,0,0,0,0,1,0
1222,-0.601910807746121,0,1,0,1,1,0,1,1,0,1,0,0,0,0,1,0,1,0,0,1
1223,-0.101690820403634,0,1,1,1,0,0,1,1,0,0,0,0,0,0,1,0,0,1,1,1
1224,1.07341753020499,0,0,1,1,1,0,0,1,1,0,0,0,1,1,1,0,1,0,1,1
1225,-0.668475016293865,0,0,1,1,1,0,0,1,1,0,0,0,1,0,0,0,1,0,0,0
1226,0.539039084442956,1,0,0,1,0,0,1,1,1,0,0,0,1,1,0,0,0,0,1,0
1227,-0.642641095291797,0,1,0,0,0,0,1,1,1,0,0,0,1,0,1,0,0,0,0,1
1228,-0.705788470855506,0,0,0,0,0,0,0,1,1,0,0,0,1,0,1,0,0,0,0,0
1229,-0.745446728622102,1,1,0,0,0,0,0,1,1,0,0,0,1,0,1,0,1,0,1,0
1230,0.00706071002399755,0,1,1,1,1,0,1,1,0,0,0,0,0,1,1,1,1,0,1,0
1231,1.20928603746003,1,0,0,1,0,0,0,1,1,1,0,0,0,1,1,1,1,1,1,1
1232,-0.432292286544708,0,0,0,1,0,0,1,1,0,1,0,0,0,0,1,0,0,0,0,0
1233,-0.760411448346337,0,1,1,0,1,0,1,1,0,1,0,0,1,0,1,0,0,1,0,1
1234,0.792735885154133,1,1,0,1,0,0,1,1,0,0,0,1,1,1,0,0,0,1,0,1
1235,-0.627630336290383,0,1,0,0,1,0,1,1,0,1,0,0,1,0,1,0,0,1,0,0
1236,-0.434706538834953,0,1,1,0,1,0,0,1,0,1,0,0,1,1,1,0,0,1,1,0
1237,0.404589992983705,1,1,0,1,0,0,1,1,1,1,0,0,0,1,0,0,0,0,0,0
1238,0.608956720435769,1,1,0,1,0,0,1,1,1,0,0,0,1,0,1,1,0,1,0,0
1239,-0.0530103707713246,0,1,0,1,1,0,0,1,0,1,0,0,1,0,0,0,0,1,0,1
1240,0.999470552634119,1,0,0,1,1,0,1,1,1,0,1,1,1,1,0,1,1,0,0,1
1241,-0.185682983597767,1,1,0,0,0,0,0,1,1,1,0,0,1,0,0,0,0,0,1,1
1242,2.96873041759688,1,0,1,1,0,1,1,1,1,0,1,1,1,1,1,1,0,1,0,1
1243,-0.41226739064884,1,0,1,0,0,0,1,1,1,0,0,0,0,0,0,0,1,1,0,0
1244,-1.06489469253474,0,0,0,0,0,0,1,0,0,0,0,0,1,0,0,0,1,0,1,0
1245,-0.730166634917819,1,0,0,1,1,0,1,1,0,0,0,0,0,0,0,0,0,0,0,0
1246,0.867096317586057,0,0,0,1,0,0,1,1,1,0,0,0,1,1,0,1,1,1,1,0
1247,0.320004426254439,0,0,1,1,1,0,1,1,0,1,0,0,1,1,1,0,0,1,0,1
1248,0.842974864713875,0,1,1,1,1,0,0,1,1,0,0,1,0,1,1,0,1,1,1,1
1249,-0.217298800010593,1,0,1,1,1,0,0,1,0,0,0,0,0,0,1,0,0,0,0,1
1250,-0.97974502786656,0,1,0,0,1,0,0,0,1,0,0,0,1,0,0,0,1,1,1,1
1251,0.243915024138011,1,0,0,1,0,0,0,1,1,1,0,0,1,0,0,1,1,0,0,0
1252,0.349858816056594,0,0,1,1,1,0,0,1,0,1,0,1,1,0,1,0,0,0,0,0
1253,0.706939522903698,1,1,0,1,0,0,0,1,0,0,0,1,0,1,1,0,1,0,0,1
1254,-0.0798284704436711,0,0,1,1,0,0,0,1,1,0,0,0,0,0,0,0,0,0,0,1
1255,-0.624463388141559,1,0,1,0,0,0,0,1,1,0,0,0,1,0,0,0,1,1,0,0
1256,-0.472798184237578,0,1,0,1,0,0,0,1,0,1,0,0,1,0,1,0,0,1,0,1
1257,-0.0556397798878928,0,1,1,1,0,0,0,1,0,0,0,0,1,0,0,0,1,0,1,1
1258,-1.02515096014385,0,0,0,0,0,0,1,1,1,1,0,0,1,0,0,0,1,1,0,1
1259,-0.0205414619042354,1,0,1,1,0,0,1,1,1,1,0,0,0,0,1,0,1,1,0,0
1260,1.16356845822341,0,1,1,1,0,0,1,1,1,0,0,1,0,1,0,1,1,0,0,1
1261,-1.04785036375189,0,0,0,0,0,0,0,1,0,1,0,0,1,0,0,0,1,1,0,0
1262,0.446882474670116,1,1,1,0,1,0,0,1,0,0,0,0,0,0,1,1,0,1,0,1
1263,1.29187324411364,0,0,0,1,0,0,0,1,1,1,0,1,1,1,0,1,1,0,0,0
1264,-0.648696981225849,1,1,0,0,0,0,1,0,0,1,0,0,0,0,0,0,1,1,1,1
1265,0.222663128844871,1,0,0,1,1,0,0,1,0,1,0,1,1,1,1,0,0,0,1,1
1266,0.473360364199712,1,1,1,0,1,0,0,1,0,1,0,0,0,1,1,0,1,0,0,0
1267,0.880785359443171,0,1,1,0,1,0,0,1,0,0,0,1,0,1,1,0,1,0,1,1
1268,0.224721976892461,0,0,1,1,1,0,0,1,1,1,0,0,0,1,1,0,0,1,1,1
1269,1.25522022979404,1,1,0,1,0,0,1,1,1,0,0,1,0,1,0,1,1,1,0,1
1270,-0.766793236691312,1,0,1,0,0,0,0,0,1,1,0,0,0,0,0,0,0,0,0,0
1271,-1.45582561517022,0,1,1,0,0,0,1,0,1,0,0,0,0,0,1,0,1,1,1,0
1272,1.84094713100588,1,1,0,1,1,0,1,1,1,0,1,1,1,1,1,1,1,1,0,0
1273,0.108761295463551,0,1,1,1,1,0,0,1,1,1,0,0,1,0,1,0,0,0,1,0
1274,-0.969255056298161,0,0,0,0,0,0,1,0,1,1,0,0,1,0,0,0,1,0,0,0
1275,0.103233907675374,1,0,1,1,0,0,1,1,1,0,0,0,0,1,1,0,0,1,1,1
1276,-0.251186919461461,1,1,1,1,0,0,0,1,0,0,0,0,1,0,1,0,1,0,1,1
1277,1.012648518818,1,1,1,1,1,0,1,1,0,1,0,0,1,1,0,0,0,0,1,0
1278,0.722222398268833,1,0,1,1,1,0,0,1,1,1,0,1,0,1,1,1,0,0,0,1
1279,0.737105615699455,1,0,0,1,1,0,0,1,1,1,0,0,1,1,0,1,1,0,0,0
1280,0.22542611921815,0,0,1,1,1,0,0,1,1,1,0,1,1,1,1,0,1,1,1,1
1281,-0.672189290295658,0,1,1,0,1,0,0,1,1,0,0,0,1,0,1,0,0,0,0,1
1282,0.42412118394194,1,1,1,0,0,0,0,1,0,0,0,0,1,1,1,0,0,0,0,0
1283,1.02520891518861,1,1,1,1,1,0,0,1,1,1,0,1,1,1,1,1,1,1,1,0
1284,0.698463115182759,1,0,1,1,1,0,0,1,1,1,0,1,1,1,1,0,0,1,0,0
1285,0.709710867623382,1,1,1,1,1,0,1,1,1,1,0,0,0,0,1,1,0,1,0,0
1286,-0.331509510388989,0,1,0,0,1,0,0,1,1,0,0,0,1,0,0,0,0,1,1,0
1287,-1.48283787091182,0,1,1,0,0,0,1,1,1,1,0,0,0,0,0,0,0,1,1,1
1288,0.367806544045121,0,1,1,1,1,0,0,1,0,0,0,0,0,0,0,0,1,1,1,1
1289,-0.466636338002379,0,1,0,1,1,0,1,1,0,0,0,0,1,0,1,0,1,1,0,0
1290,0.134958284382387,1,0,1,1,1,0,0,1,0,0,0,1,1,1,0,0,0,0,0,1
1291,0.174105933836692,1,0,0,1,0,0,1,1,0,0,0,0,1,0,1,0,0,0,1,1
1292,-1.14603016133642,0,1,0,0,0,0,0,0,1,0,0,0,0,0,0,0,1,0,0,0
1293,-0.712364687641,1,1,1,1,1,0,0,0,1,0,0,0,0,0,0,0,1,1,1,0
1294,-0.386742900323412,1,0,1,0,1,0,0,1,1,0,0,0,0,0,1,0,1,0,1,0
1295,-0.573629666822823,0,0,1,0,1,0,1,1,0,1,0,0,0,0,1,0,0,0,0,1
1296,-0.576970905402041,0,1,0,1,0,0,1,1,0,0,0,0,1,0,1,0,0,1,0,1
1297,-1.31370723954715,1,0,0,1,1,0,1,0,0,0,0,0,1,0,0,0,1,0,1,0
1298,-0.649297409313767,1,1,1,1,1,0,1,0,1,0,0,0,1,0,0,0,0,1,1,1
1299,-0.064869155389621,1,1,0,1,0,0,1,1,1,0,0,0,1,0,0,0,0,0,0,0
1300,-0.17656424357116,0,1,0,1,0,0,0,1,0,0,0,0,1,0,0,0,1,1,0,0
1301,-1.44168365972872,1,0,1,0,1,0,1,0,0,0,0,0,0,0,0,0,0,0,1,1
1302,0.294901618660507,0,0,0,1,1,0,1,1,1,1,0,1,1,0,1,1,0,0,0,1
1303,0.124466786019339,0,0,0,1,0,0,0,1,0,1,0,1,0,0,0,0,0,0,0,0
1304,0.220539656520363,0,1,0,1,0,0,0,1,0,1,0,0,0,0,0,0,0,0,1,0
1305,-1.68385531362809,1,0,1,0,0,0,0,0,1,0,0,0,1,0,1,0,0,1,1,0
1306,-0.511912506381368,0,0,0,1,1,0,0,0,0,0,0,0,1,0,0,0,0,1,1,0
1307,0.019353081474725,1,0,1,1,0,0,1,1,1,0,0,0,1,0,0,0,0,1,0,1
1308,1.65073010148249,1,0,0,1,0,0,0,1,1,1,0,1,1,1,1,1,0,1,1,1
1309,-0.121936738377415,0,1,0,1,1,0,1,1,1,1,0,0,1,0,1,0,0,0,0,1
1310,0.143522517783898,0,1,0,1,0,0,0,1,0,1,0,0,0,0,0,0,1,1,1,1
1311,-0.649952983204589,0,0,0,0,1,0,1,1,1,1,0,0,1,0,0,0,0,1,0,1
1312,-0.961019880006186,0,1,0,1,1,0,0,0,1,0,0,0,1,0,1,0,0,0,1,1
1313,-0.429236663787003,0,1,0,1,1,0,1,1,1,1,0,0,0,0,0,0,0,0,0,1
1314,0.328315336237826,0,1,0,1,1,0,1,1,1,1,0,0,1,1,1,1,1,1,0,0
1315,-0.672137412171913,0,1,0,0,1,0,1,0,0,0,0,0,1,0,0,0,0,1,0,1
1316,-0.650998803692967,0,1,0,0,1,0,1,1,1,0,0,0,1,0,0,0,1,0,0,0
1317,1.08168297312012,0,1,1,1,0,0,0,1,1,0,0,0,0,0,1,1,1,1,0,0
1318,0.466006368880542,1,1,1,1,1,0,0,1,0,0,0,0,1,0,0,0,1,1,0,1
1319,-0.386742900323412,0,1,1,0,1,0,1,1,0,0,0,0,1,0,0,0,1,1,1,1
1320,1.7985610663024,1,1,1,1,0,0,0,1,0,0,0,1,1,1,1,1,1,0,0,0
1321,-1.60034293630488,1,0,0,0,0,0,0,0,0,0,0,0,0,0,0,0,1,0,1,0
1322,0.973599027776201,0,0,1,1,1,0,0,1,1,1,0,1,1,1,0,1,0,0,1,1
1323,1.55644744930831,1,0,1,1,1,0,1,1,1,1,0,1,0,1,0,1,0,0,1,1
1324,1.08966367032495,1,0,0,1,1,0,1,1,0,1,0,1,0,1,1,1,1,1,0,1
1325,1.16379335398755,1,1,1,1,0,0,1,1,1,1,0,1,1,1,1,0,0,1,0,0
1326,0.43778647181015,0,0,0,1,1,0,1,1,0,1,0,0,0,1,0,0,1,1,0,1
1327,0.703364598408293,1,1,0,1,1,0,1,1,0,0,0,0,0,1,1,1,1,0,0,0
1328,1.65901938126224,0,1,0,1,1,0,1,1,0,1,0,1,1,1,1,1,1,1,0,1
1329,-0.881516347757303,1,1,1,0,0,0,1,1,0,0,0,0,0,0,0,0,0,0,0,0
1330,-0.154890142847874,1,1,0,1,1,0,0,1,0,0,0,0,1,0,1,0,1,1,0,1
1331,-0.10381459490332,1,0,1,1,1,0,0,1,1,1,0,0,1,0,1,1,1,0,0,0
1332,0.394455141696448,1,1,1,1,0,0,1,1,0,1,0,1,1,0,0,0,0,0,0,0
1333,-0.00969906323315979,1,1,0,1,1,0,1,1,1,0,0,0,0,0,1,0,0,1,0,0
1334,0.152642116635104,0,1,0,1,0,0,1,1,1,1,0,0,1,1,1,0,0,0,0,1
1335,-0.3982589233696,0,0,1,0,0,0,0,1,1,0,0,0,1,0,1,0,1,1,0,1
1336,0.129294635272523,1,1,0,1,1,0,0,1,0,1,0,0,1,0,0,0,1,0,0,0
1337,-1.36836460409947,0,0,0,0,0,0,1,0,1,0,0,0,1,0,1,0,0,1,0,1
1338,-1.124514194158,1,0,0,0,0,0,0,1,0,1,0,0,1,0,1,0,0,0,1,1
1339,1.60186924289948,0,0,1,1,0,0,0,1,1,0,1,0,0,0,0,1,1,0,0,1
1340,-1.27298715988597,0,1,0,0,1,0,0,0,0,0,0,0,0,0,1,0,0,1,1,1
1341,-0.669056596943479,1,1,0,1,0,0,0,1,0,0,0,0,0,0,1,0,0,1,0,1
1342,0.127502747434582,0,0,0,1,1,0,1,1,0,1,0,0,0,0,0,0,0,0,0,0
1343,-1.24872855879567,0,1,0,1,0,0,1,0,1,1,0,0,1,0,0,0,0,0,0,0
1344,-1.22478437274777,0,1,0,0,1,0,0,0,1,1,0,0,0,0,0,0,1,0,1,0
1345,-1.39435372534467,1,0,1,0,1,0,1,0,1,0,0,0,0,0,1,0,0,0,0,1
1346,-0.807525384955279,0,1,0,0,0,0,0,0,0,0,0,0,0,0,0,0,0,1,1,1
1347,-1.41408506650871,1,1,0,0,0,0,1,0,0,0,0,0,0,0,0,0,1,1,0,1
1348,0.733001416945401,0,0,1,1,0,0,0,1,0,0,0,0,1,1,1,1,1,0,1,1
1349,-1.70214480275556,0,0,1,0,0,0,1,0,0,1,0,0,0,0,0,0,0,1,0,1
1350,-1.54074431685998,1,1,0,0,1,0,0,0,1,1,0,0,0,0,0,0,0,1,1,1
1351,0.803956032468347,0,1,0,1,1,0,0,1,0,1,0,0,0,1,0,0,0,1,0,0
1352,-0.140566226374144,1,1,0,1,1,0,1,1,0,0,0,0,1,0,0,0,0,0,0,1
1353,0.749744068691654,0,1,0,1,1,0,0,1,0,0,0,0,1,1,1,1,0,0,0,0
1354,0.698315241842643,1,1,0,1,1,0,1,1,1,0,0,1,1,1,1,0,1,0,0,1
1355,0.0722075711366258,0,1,1,1,0,0,0,1,0,0,0,0,0,0,1,0,0,0,1,0
1356,0.339428254029169,1,1,1,1,0,0,1,1,1,0,0,0,1,0,0,0,1,1,1,1
1357,-0.182435927141868,1,0,0,1,1,0,1,1,0,0,0,0,0,0,0,0,0,0,1,0
1358,0.513870221524757,1,0,0,1,0,0,1,1,1,1,1,0,0,0,0,0,1,0,0,0
1359,-0.888967761817563,0,1,1,1,0,0,1,0,1,1,0,0,0,0,0,0,0,0,0,0
1360,0.134144517211268,0,1,0,0,1,0,1,1,1,0,0,0,1,1,1,1,1,0,0,1
1361,-1.69227706278876,0,0,0,0,0,0,1,0,1,1,0,0,0,0,1,0,0,0,1,0
1362,-1.49599191106665,1,1,0,0,0,0,1,0,1,0,0,0,0,0,0,0,0,1,1,1
1363,0.469983926498633,0,1,1,1,1,0,0,1,0,1,0,0,1,1,1,1,0,1,0,1
1364,-1.71551924577327,0,0,0,0,0,0,1,0,0,1,0,0,0,0,0,0,1,0,0,0
1365,-0.137379707511171,1,1,0,1,0,0,1,1,1,1,0,0,1,0,0,0,0,1,1,1
1366,0.338709718051543,1,0,1,1,1,0,0,1,0,0,0,1,0,0,1,0,0,0,1,1
1367,-0.0977978560828997,1,1,1,0,0,0,1,1,0,0,0,0,0,1,1,0,1,0,0,0
1368,0.531100506311692,0,0,0,1,1,0,0,1,0,1,0,0,0,0,1,0,0,0,0,0
1369,0.733916723363197,1,0,1,1,0,0,0,1,1,1,0,0,0,0,1,1,0,0,0,1
1370,-0.069102812496487,0,0,0,1,1,0,1,1,0,1,0,0,1,0,1,0,0,1,0,1
1371,3.19804426155129,0,1,1,1,0,1,1,1,0,1,1,1,1,1,1,1,0,0,1,0
1372,0.718923839879788,0,1,1,1,1,0,0,1,1,1,0,1,1,1,1,1,0,0,0,1
1373,-0.99028669804462,0,0,1,0,0,0,1,1,0,1,0,0,1,0,0,0,1,0,0,1
1374,1.2153992222791,1,1,1,1,1,0,1,1,1,0,0,1,1,1,1,1,1,1,1,1
1375,0.53857528457345,1,0,1,1,1,0,1,1,1,1,0,0,1,1,1,0,1,1,1,0
1376,-1.80165719412374,0,1,0,0,0,0,0,0,0,1,0,0,0,0,0,0,0,1,1,0
1377,0.265232348217642,1,0,1,1,0,0,1,1,0,0,0,0,0,1,1,0,0,1,0,0
1378,0.986256300449292,1,1,0,1,0,0,1,1,1,0,0,1,1,1,1,1,0,1,1,1
1379,0.25816582919317,0,0,0,1,1,0,0,1,0,0,0,0,0,1,1,0,1,0,1,1
1380,-1.19037672474811,0,1,1,0,1,0,0,0,0,0,0,0,0,0,1,0,0,0,0,1
1381,1.23929082933821,0,0,1,1,1,0,1,1,1,1,0,1,1,1,1,0,1,0,1,0
1382,0.839559843034541,1,1,1,1,0,0,0,1,0,1,0,0,0,1,1,0,0,1,0,0
1383,-0.208700855616265,1,1,0,1,1,0,0,1,0,0,0,0,1,0,1,0,1,1,1,1
1384,-0.646743071648953,0,0,0,0,0,0,1,0,1,0,0,0,1,0,1,0,0,0,0,0
1385,-0.258424246150081,1,1,1,1,0,0,1,1,1,1,0,0,1,0,1,0,0,0,1,0
1386,1.50450933829249,0,0,0,1,1,0,1,1,1,1,0,1,0,1,1,1,1,0,1,1
1387,1.07341386102161,1,1,0,1,1,0,1,1,1,1,0,1,0,1,1,0,1,0,1,0
1388,-0.781610764537459,0,0,1,0,0,0,1,1,0,0,0,1,0,0,0,0,0,0,0,0
1389,0.439718506464566,0,1,1,1,1,0,1,1,1,1,0,1,1,0,0,0,1,0,1,1
1390,-0.925074357792917,0,1,1,0,0,0,1,1,0,0,0,0,0,0,0,0,1,0,0,1
1391,-0.817625346323895,1,0,0,0,0,0,1,1,1,1,0,0,1,0,0,0,1,0,0,0
1392,1.19663609887044,1,0,0,1,1,0,0,1,0,1,0,1,0,1,1,1,1,0,1,0
1393,-0.414657272143321,1,1,0,0,0,0,0,1,0,0,0,0,1,0,0,0,0,0,1,1
1394,-0.937006943140994,0,0,0,1,0,0,0,1,0,0,0,0,0,1,1,0,1,0,0,0
1395,0.480854151346032,0,1,0,1,0,0,1,1,1,1,0,0,0,1,0,0,0,1,0,0
1396,-0.631399396863868,1,0,0,0,1,0,0,1,0,0,0,0,0,0,1,0,1,0,0,1
1397,1.59768156150932,1,1,0,1,1,0,1,1,1,1,0,1,1,1,1,0,1,1,1,1
1398,-0.147755892699411,0,1,1,1,1,0,0,1,0,0,0,0,1,0,1,0,0,1,0,1
1399,-1.34522323899256,1,0,1,0,1,0,0,1,1,0,0,0,1,0,1,0,1,0,1,1
1400,-0.646222785637127,0,1,0,0,0,0,0,1,1,1,0,0,0,0,0,0,1,0,0,0
1401,-0.0296015142255129,1,1,1,1,1,0,0,1,1,1,0,0,1,1,1,0,1,0,1,0
1402,-0.69488354964859,0,1,0,0,1,0,0,1,0,0,0,0,0,0,1,0,0,0,0,1
1403,-0.105728356776715,1,0,0,1,1,0,1,1,0,0,0,0,1,0,1,0,1,1,1,0
1404,-0.36981225341083,0,0,0,0,0,0,1,1,1,0,0,0,0,0,0,0,0,1,0,1
1405,-0.689061397434151,0,0,0,0,1,0,0,1,1,0,0,0,1,0,0,0,0,1,0,1
1406,-0.653854653603141,0,1,1,1,1,0,1,1,0,1,0,0,0,1,0,0,1,0,0,0
1407,1.02115868165621,0,1,1,1,1,0,1,1,1,1,0,0,0,1,1,1,1,1,0,1
1408,-0.0328771091632528,0,1,0,1,0,0,1,1,1,0,0,0,0,1,1,0,0,0,0,1
1409,-0.417886219033982,1,0,1,1,1,0,1,1,1,0,0,0,0,0,1,0,0,0,0,1
1410,1.13674366818512,1,0,1,1,1,0,1,1,0,1,0,1,1,1,1,1,1,0,0,1
1411,-1.74822398992956,1,0,0,0,1,0,0,0,1,0,0,0,0,0,0,0,1,0,0,0
1412,-1.71251964772531,0,0,0,0,1,0,1,1,0,1,0,0,0,0,0,0,0,0,0,0
1413,1.34167072116057,1,1,0,1,1,0,1,1,1,1,0,1,1,1,1,1,0,0,0,0
1414,-0.609170031868327,1,0,1,1,0,0,0,1,0,0,0,0,0,0,1,0,0,1,1,1
1415,-0.722886392993877,0,0,1,0,0,0,1,1,1,0,0,0,0,0,1,0,1,0,1,1
1416,1.22131063992604,1,0,0,1,1,0,0,1,1,0,0,1,1,1,1,1,1,0,1,1
1417,1.54693808094252,1,1,1,1,0,1,0,1,1,0,0,1,0,1,0,1,1,1,0,1
1418,0.648795070016134,1,0,0,1,0,0,1,1,1,1,0,0,1,1,1,1,1,0,1,1
1419,-0.12013728033788,1,1,0,1,1,0,1,1,0,0,0,0,1,1,0,0,0,0,0,1
1420,0.429195491175296,1,1,1,1,0,0,0,1,1,0,0,0,1,0,1,0,1,1,1,1
1421,-1.23877006526005,0,1,1,0,1,0,0,0,1,0,0,0,0,0,0,0,0,0,0,1
1422,-0.605750940683618,0,1,0,0,0,0,1,1,0,0,0,0,0,0,0,0,0,0,0,1
1423,0.289766578075333,1,0,0,0,0,0,0,1,1,0,0,0,1,0,1,1,1,0,0,1
1424,-1.9036125549027,0,1,0,0,0,0,1,0,1,1,0,0,1,0,0,0,1,0,0,0
1425,-2.22459204943819,0,1,0,0,0,0,0,0,0,0,0,0,1,0,0,0,0,0,0,1
1426,1.78629900445203,0,1,1,1,0,0,0,1,1,1,0,1,1,1,0,1,1,1,1,1
1427,-0.217301231932272,0,1,0,1,1,0,0,1,1,0,0,0,0,0,0,0,1,1,1,1
1428,-0.0760449314444152,1,1,1,1,0,0,0,1,0,0,0,0,1,0,1,0,0,1,0,0
1429,-0.555421189442133,1,1,0,0,1,0,0,1,0,1,0,1,1,0,1,0,1,1,0,1
1430,-0.916331104857185,1,1,1,0,0,0,0,0,0,1,0,0,0,0,0,0,1,0,1,0
1431,0.820820544216952,1,0,1,1,1,0,0,1,1,0,0,1,1,1,0,0,1,0,1,1
1432,-0.821517681875028,1,0,1,1,0,0,0,0,1,1,0,0,1,0,1,0,1,0,0,1
1433,1.70171782968938,1,0,1,1,1,1,0,1,0,0,0,1,0,1,1,1,0,0,1,0
1434,-0.618303506111117,0,0,1,1,0,0,0,1,0,1,0,0,0,0,1,0,1,0,1,1
1435,-2.35610775177841,1,1,0,0,1,0,0,0,0,1,0,0,0,0,1,0,0,0,1,0
1436,1.27323362839854,1,1,0,1,0,0,0,1,0,1,0,1,0,1,1,1,0,1,1,0
1437,0.0738314307335071,1,0,1,1,1,0,0,1,0,1,0,0,1,1,0,0,1,1,0,1
1438,-0.366839771545664,1,1,0,1,0,0,1,1,0,0,0,0,1,0,0,0,0,0,1,0
1439,-1.12824111799365,0,0,1,0,1,0,1,1,1,0,0,0,0,0,1,0,0,1,0,0
1440,-1.4633116050223,0,0,1,0,0,0,0,0,1,1,0,0,0,0,0,0,1,0,0,0
1441,2.96613908616734,1,0,1,1,1,1,1,1,1,1,1,1,1,1,1,1,0,1,1,1
1442,1.37308309116797,1,0,1,1,1,0,0,1,0,1,0,1,1,1,1,1,1,1,1,1
1443,-0.0925758124963678,0,1,0,1,0,0,1,1,0,1,0,0,1,0,1,0,1,1,0,1
1444,0.037178770476338,0,1,1,1,1,0,1,1,0,0,0,0,1,0,0,0,1,1,0,1
1445,-0.978433320130325,1,1,1,0,0,0,0,1,0,1,0,0,0,0,1,0,0,0,1,1
1446,-1.22625451766724,1,0,0,0,0,0,1,0,1,1,0,0,1,0,0,0,0,0,0,1
1447,-0.12215702868534,1,1,1,1,1,0,1,1,0,1,0,0,1,0,0,0,0,0,0,1
1448,1.24969916634046,0,1,0,1,0,0,0,1,0,0,0,1,0,1,0,1,1,1,0,1
1449,0.161429474455324,0,1,0,1,0,0,0,1,1,0,0,0,1,1,1,1,0,1,0,1
1450,-1.0384165377461,0,1,1,0,0,0,0,0,1,1,0,0,1,0,1,0,0,0,0,0
1451,0.24354280987484,1,1,0,1,0,0,1,1,1,0,0,0,1,0,0,0,1,1,0,0
1452,0.246457058025792,0,0,1,1,1,0,1,1,0,0,0,0,0,0,1,0,0,0,0,1
1453,-1.00742366242529,1,0,1,0,1,0,0,1,0,1,0,0,0,0,0,0,1,1,0,1
1454,0.85036382812173,1,1,1,1,1,0,1,1,0,1,0,1,1,1,1,1,0,0,0,1
1455,-1.10205379632593,0,0,1,0,0,0,1,1,0,1,0,0,0,0,0,0,1,0,0,0
1456,-0.84980204084284,1,1,0,0,1,0,0,1,0,1,0,0,1,0,0,0,0,0,1,0
1457,-1.99594909578804,0,1,0,0,0,0,0,0,0,0,0,0,1,0,1,0,0,0,0,1
1458,1.27289815351662,0,0,0,1,0,0,0,1,0,1,0,1,0,1,1,1,1,1,0,1
1459,-0.487081250846477,0,0,0,1,1,0,1,1,0,0,0,0,0,1,0,0,0,1,1,0
1460,-0.620836271692316,1,0,0,1,0,0,1,1,1,0,0,0,1,0,1,0,0,1,1,1
1461,0.706729238468735,0,0,1,1,0,0,0,1,0,1,0,1,1,0,0,1,1,1,0,0
1462,-0.73940070788668,0,1,0,1,0,0,0,0,0,1,0,0,1,0,0,0,0,0,0,1
1463,-0.595247017825834,0,1,1,0,0,0,0,1,1,1,0,0,0,0,1,0,0,0,0,0
1464,1.12384317744163,1,0,1,1,1,0,0,1,0,0,0,0,0,0,1,1,0,1,1,0
1465,0.173725873051509,0,1,0,1,0,0,0,1,1,0,0,0,0,1,0,0,0,0,1,0
1466,1.20953016743845,0,1,1,1,1,0,1,1,1,0,0,1,0,1,0,1,0,0,1,1
1467,-1.57390733845888,0,0,0,0,1,0,1,0,1,0,0,0,0,0,0,0,1,0,0,0
1468,-0.0438652199574379,0,1,1,1,0,0,1,1,0,0,0,0,1,0,0,0,1,0,1,0
1469,-1.21993904132218,1,0,0,0,1,0,1,0,0,0,0,0,0,0,1,0,0,0,1,1
1470,0.404401014912182,0,0,0,0,1,0,1,1,1,0,0,0,1,1,1,0,1,0,0,1
1471,0.427448197388884,1,0,1,1,0,0,1,1,1,1,0,0,0,1,0,0,0,0,0,0
1472,0.499287323240056,1,1,0,1,1,0,0,1,0,1,0,0,1,1,1,1,1,1,0,1
1473,1.06019149827847,0,0,0,1,1,0,1,1,1,0,0,1,1,1,0,1,1,1,1,0
1474,-0.589496261797981,0,0,1,1,1,0,0,1,0,0,0,0,1,0,0,0,0,1,1,1
1475,-0.977384739150897,1,0,1,0,0,0,0,0,1,1,0,0,1,0,1,0,0,0,0,1
1476,-0.615361050162461,0,1,0,0,0,0,0,1,0,0,0,0,1,0,0,1,0,0,0,1
1477,1.08607413363729,1,1,1,1,1,0,1,1,1,0,0,0,0,1,1,0,0,1,1,1
1478,0.807874934927358,1,1,1,1,0,0,1,1,0,1,0,0,0,1,1,0,0,1,0,1
1479,-0.86727767612785,0,1,0,0,1,0,0,0,1,0,0,0,0,0,0,0,0,1,0,1
1480,1.09069517539799,1,1,0,1,0,0,1,1,1,1,0,1,0,1,1,1,1,1,1,1
1481,-0.703917912830421,0,1,0,1,1,0,1,0,1,1,0,0,0,0,0,0,0,1,1,1
1482,-0.17423497843081,1,0,0,1,0,0,1,1,0,1,0,0,0,1,0,0,0,0,0,0
1483,0.647013841894909,0,1,1,1,1,0,1,1,1,1,0,1,1,1,1,1,1,1,1,1
1484,0.126925055460638,0,1,1,0,1,0,0,1,1,0,0,0,1,1,1,0,1,1,0,1
1485,0.10089697955798,0,0,0,1,0,0,0,1,0,0,0,0,1,0,0,1,1,1,0,0
1486,0.987592087644064,0,1,0,1,1,0,1,1,0,1,0,1,0,1,0,1,0,1,0,1
1487,-0.308586631598914,0,1,1,1,1,0,1,1,0,0,0,0,0,0,1,0,1,1,1,0
1488,0.185746193981126,1,1,0,1,0,0,0,1,0,1,0,0,1,1,0,0,0,1,0,0
1489,1.18763442341267,1,1,0,1,0,0,0,1,1,0,0,1,0,1,1,1,0,1,1,1
1490,1.26168598499412,1,1,0,1,0,0,0,1,0,0,0,1,1,1,1,1,0,1,0,1
1491,-0.0412804150220959,0,1,1,1,1,0,1,1,1,0,0,0,0,1,1,0,1,1,0,0
1492,1.03024217371621,1,0,0,1,0,0,1,1,1,0,0,1,0,0,1,0,1,0,1,1
1493,1.35334390679892,1,1,1,1,1,0,1,1,1,1,0,0,1,1,0,1,0,0,1,1
1494,-0.538757080729083,0,1,0,0,0,0,0,1,1,0,0,0,0,0,1,0,0,0,0,0
1495,0.836246039256885,1,1,0,1,1,0,0,1,1,0,0,1,1,1,1,0,1,1,0,0
1496,0.511254737729164,0,0,1,1,0,0,1,1,0,0,0,1,1,1,0,0,0,1,1,1
1497,0.840317895090507,1,1,1,1,1,0,0,1,0,1,0,1,0,1,0,0,0,1,1,1
1498,1.9299902100616,0,0,1,1,1,0,1,1,0,1,0,1,0,1,1,1,0,1,0,0
1499,-0.469584087754265,0,0,0,1,0,0,0,1,0,1,0,0,1,0,1,0,0,1,1,1
1500,-0.270184542703498,0,1,0,0,1,0,1,1,1,0,0,0,1,0,0,0,0,0,1,1
1501,-1.35883719491711,0,0,1,1,0,0,0,0,0,0,0,0,0,0,1,0,0,0,1,1
1502,0.565443260775787,0,0,1,1,1,0,1,1,0,0,0,0,1,0,1,0,0,0,0,1
1503,1.03325464012239,0,0,1,1,0,0,0,1,1,1,0,1,1,1,1,1,1,1,1,1
1504,-1.15500106389406,0,1,0,0,0,0,0,0,1,1,0,0,0,0,0,0,1,0,0,0
1505,0.46767351843736,0,1,0,1,0,0,1,1,0,0,0,0,0,1,1,0,0,0,0,1
1506,-0.155067922681037,1,0,1,1,0,0,0,1,1,1,0,1,0,0,0,0,1,0,1,1
1507,0.260186285990661,1,0,1,1,0,0,0,1,1,1,0,1,1,0,1,1,0,0,0,0
1508,-0.486435372446326,1,1,0,0,0,0,0,1,0,0,0,0,1,0,0,0,0,0,0,1
1509,1.59813108217782,1,0,0,1,1,0,1,1,1,1,0,1,0,1,1,1,0,1,1,0
1510,0.877345904363215,1,1,1,1,0,0,1,1,1,1,0,1,0,0,1,1,0,0,1,1
1511,-2.03269995295795,0,0,1,0,0,0,0,0,0,0,0,0,0,0,0,0,0,1,0,0
1512,-0.736967924200568,0,0,1,0,1,0,0,0,0,0,0,0,1,0,0,0,0,1,1,1
1513,0.00909349165248427,0,1,1,1,1,0,0,1,0,1,0,0,0,0,1,1,1,1,0,1
1514,0.285156963242163,0,0,1,1,0,0,0,1,1,1,0,1,0,1,1,0,1,0,0,1
1515,-0.761089075441578,1,0,0,0,0,0,0,0,1,1,0,0,0,0,1,0,1,0,1,0
1516,0.698779003170338,0,0,0,1,0,0,1,1,0,1,0,0,1,1,0,0,1,0,1,0
1517,1.04379930544953,1,0,0,1,0,0,0,1,1,0,0,1,1,0,1,1,1,0,1,1
1518,-0.426896354032778,0,0,1,0,0,0,1,1,0,1,0,0,0,0,1,0,1,0,0,0
1519,1.10397862662765,0,0,0,1,1,0,0,1,1,0,0,1,1,1,0,1,1,0,0,1
1520,0.71269195218699,1,1,0,1,1,0,1,1,0,0,0,1,1,1,0,1,1,1,1,1
1521,-0.327670648541923,0,1,0,0,1,0,0,1,1,0,0,0,1,0,1,0,0,1,1,0
1522,-0.0742350848400963,1,1,1,1,1,0,0,1,1,1,0,0,1,0,1,0,1,0,0,0
1523,0.145890269784612,1,1,1,1,1,0,0,1,1,0,0,0,1,1,1,0,1,1,0,1
1524,-0.206120531467887,0,1,0,1,1,0,0,1,0,1,0,0,0,1,1,0,0,1,1,0
1525,-0.204047145391567,0,1,1,1,1,0,0,1,1,0,0,0,1,0,1,0,1,1,1,0
1526,2.20650985052527,1,0,0,1,0,0,1,1,1,0,0,1,1,1,1,1,1,0,1,1
1527,1.14149549102481,0,1,1,1,0,0,0,1,0,1,0,0,0,1,1,0,0,0,0,0
1528,1.05676549425528,1,1,0,1,1,0,1,1,0,1,0,1,1,0,0,1,0,0,1,0
1529,1.20607224730643,1,1,1,1,0,0,0,1,1,1,0,1,1,0,1,0,1,1,0,1
1530,0.730445223288941,1,0,0,1,0,0,1,1,0,1,0,0,1,0,0,1,1,1,0,0
1531,-1.55005511351596,1,0,1,0,1,0,0,0,0,0,0,0,0,0,0,0,0,1,1,0
1532,0.42935424875653,1,1,1,1,1,0,0,1,0,0,0,0,1,1,1,1,1,1,1,0
1533,-1.66696799151643,0,1,0,0,1,0,1,0,1,1,0,0,1,0,0,0,0,1,0,1
1534,0.161250682549892,0,1,0,1,0,0,0,1,1,0,0,0,1,0,0,0,0,1,1,1
1535,0.559433514101603,0,1,0,1,0,0,0,1,0,1,0,1,0,1,0,0,0,1,1,0
1536,-1.0663644540511,1,0,1,0,1,0,1,1,0,0,0,0,1,0,1,0,1,0,0,0
1537,-0.0253329916466171,0,0,1,1,0,0,1,1,1,1,0,0,1,0,0,0,1,1,0,1
1538,-1.57453648719016,0,1,1,0,0,0,0,0,1,0,0,0,0,0,0,0,0,1,0,1
1539,-0.993886384166051,0,0,1,0,1,0,1,1,1,0,0,0,0,0,1,0,1,1,1,0
1540,0.847854729018908,0,0,1,1,0,0,1,1,0,1,0,1,1,1,0,1,0,0,0,0
1541,-0.75129522909988,1,1,0,0,1,0,0,0,1,1,0,0,1,0,1,0,0,1,1,0
1542,0.417537826930618,0,0,1,1,1,0,0,1,1,1,0,0,1,1,1,0,0,0,0,1
1543,-0.746793568859885,0,0,0,1,0,0,0,0,0,1,0,0,0,0,1,0,0,1,0,1
1544,0.698456617412526,0,0,0,1,0,0,0,1,1,0,0,1,1,1,1,0,0,0,0,1
1545,0.0534862486320594,1,1,1,0,0,0,1,1,1,0,0,1,1,1,1,0,1,0,0,1
1546,0.547279838757231,0,1,0,1,1,0,0,1,1,1,0,1,0,0,1,0,1,1,0,1
1547,-0.0854147995073535,1,1,1,0,0,0,1,1,1,1,0,0,0,0,1,0,1,0,0,0
1548,-0.300963914842976,1,0,1,1,0,0,0,1,1,0,0,0,1,1,1,0,1,1,1,0
1549,0.25792513859563,0,0,0,1,0,0,0,1,0,1,0,0,1,0,1,0,0,1,0,1
1550,-0.654171665312482,0,1,0,0,0,0,0,1,1,1,0,0,0,0,1,0,0,1,0,1
1551,1.46520860360486,1,0,1,1,0,0,0,1,0,0,0,1,1,1,0,1,0,0,1,0
1552,0.309098378680883,1,0,0,1,1,0,0,1,1,0,0,0,0,1,1,0,0,1,1,1
1553,0.195609253929173,0,1,0,1,0,0,0,1,0,1,0,0,0,0,0,0,0,1,0,0
1554,-1.154082801671,0,1,0,0,1,0,0,1,1,0,0,0,1,0,0,0,0,1,0,1
1555,0.929443106593664,0,1,0,1,1,0,1,1,0,0,0,1,1,1,1,0,1,0,1,1
1556,0.177400938845063,1,0,1,0,1,0,1,1,0,0,0,0,1,0,1,1,1,1,1,1
1557,0.782691718595325,1,1,0,1,0,0,1,1,0,0,0,1,0,0,0,1,1,1,1,0
1558,1.1139469396897,1,1,1,1,0,0,1,1,1,0,0,1,1,0,1,0,0,0,1,0
1559,1.07057605745268,0,1,1,1,0,0,0,1,1,0,0,1,0,1,1,0,1,0,1,0
1560,-1.5381634389135,1,0,1,0,0,0,0,1,1,0,0,0,1,0,1,0,1,0,1,0
1561,0.387397507836834,0,0,1,1,0,0,1,1,1,0,0,1,1,1,0,0,0,0,0,0
1562,-0.22779824246117,0,1,0,1,1,0,0,1,0,1,0,1,0,0,0,0,1,0,1,0
1563,-1.0898036953478,0,0,0,1,0,0,0,1,1,0,0,0,1,0,0,0,1,0,0,0
1564,0.249745126767493,1,0,1,1,0,0,0,1,1,0,0,0,0,0,1,1,0,1,0,1
1565,-0.339184211446386,0,0,1,0,1,0,0,1,1,1,0,0,0,0,1,0,1,0,0,1
1566,-0.0945912970844147,1,1,0,1,0,0,1,1,1,0,0,0,0,0,1,0,1,1,1,0
1567,1.27950144486673,0,0,0,1,0,0,0,1,1,0,0,1,1,0,1,1,1,1,0,1
1568,-1.28412675850003,0,0,1,0,1,0,0,0,0,0,0,0,0,0,1,0,0,0,1,1
1569,0.171937295868159,0,1,1,0,1,0,0,1,0,1,0,0,1,1,1,0,0,0,1,1
1570,0.703634294949306,1,1,0,1,1,0,0,1,0,0,0,1,1,0,1,1,1,1,1,1
1571,-0.0744431095657355,0,1,0,1,1,0,1,1,0,1,0,0,0,0,0,0,1,1,1,0
1572,0.127179512185654,1,1,0,1,1,0,1,1,0,0,0,0,1,0,0,1,1,0,1,0
1573,1.5814720661752,1,0,1,1,1,0,0,1,1,1,0,1,0,1,1,1,1,0,1,1
1574,-0.323259744358375,0,0,0,0,1,0,0,1,1,0,0,0,0,1,0,0,0,1,0,0
1575,-0.442621592984547,1,0,0,1,1,0,0,1,0,1,0,0,0,0,0,0,1,1,0,0
1576,-0.70962145848303,0,1,0,1,0,0,0,0,0,1,0,0,1,0,1,0,0,0,0,0
1577,1.96831314718846,1,1,0,1,1,0,0,1,0,0,0,1,1,1,1,1,0,1,1,1
1578,-1.04785998248851,0,0,0,0,0,0,1,1,0,0,0,0,0,0,1,0,0,0,0,0
1579,-0.520101640638377,1,0,0,0,0,0,1,1,0,0,0,0,1,0,0,0,0,0,1,1
1580,2.01330960179764,1,0,1,1,0,0,0,1,0,0,0,1,1,1,1,1,1,1,0,1
1581,0.649344207123776,1,0,0,1,1,1,0,1,0,0,0,0,1,0,1,0,0,0,1,0
1582,-1.09844781001234,1,0,1,0,1,0,0,1,1,0,0,0,0,0,1,0,0,0,0,1
1583,1.37979350393682,0,0,0,1,1,0,1,1,1,1,0,1,1,1,1,1,1,1,1,0
1584,-0.818020045869899,1,0,1,0,0,0,1,1,1,0,0,0,1,0,1,0,0,0,0,1
1585,-0.995625100584191,1,0,1,0,0,0,0,0,0,0,0,0,0,0,1,0,1,1,1,1
1586,0.603566048889573,1,1,0,1,0,0,0,1,1,0,0,0,0,0,1,1,1,1,1,1
1587,-0.0245977614156285,1,1,1,1,1,0,1,1,0,0,0,0,0,0,1,0,1,0,0,0
1588,-1.1369535525992,1,0,1,0,0,0,1,1,0,0,0,0,0,0,0,0,0,0,0,1
1589,-0.373031195806639,0,0,0,0,1,0,1,1,0,1,0,0,1,0,0,0,0,1,0,1
1590,-1.04260996673172,1,0,0,0,1,0,0,1,1,0,0,0,1,0,0,0,0,0,0,0
1591,-2.23284753184034,1,1,0,0,0,0,0,0,0,0,0,0,0,0,0,0,1,0,1,1
1592,-0.175983305515497,0,1,0,1,1,0,0,1,0,1,0,0,0,0,1,0,1,0,1,0
1593,-0.193069199376689,0,1,1,1,1,0,1,1,1,0,0,0,0,0,1,0,1,1,1,0
1594,-0.422637654503171,1,0,0,1,0,0,0,1,1,1,0,0,0,0,1,0,0,1,1,1
1595,-0.538656788986456,0,0,1,0,0,0,1,1,0,0,0,0,0,0,0,0,0,0,1,0
1596,-2.02931121420436,0,1,1,0,0,0,0,1,0,0,0,0,1,0,1,0,0,0,1,0
1597,1.0219860561502,1,1,0,1,0,0,0,1,0,1,0,1,0,1,1,1,0,0,0,1
1598,-1.40082321078181,0,1,1,0,0,0,0,1,1,0,0,0,0,0,0,0,1,1,1,0
1599,1.30880866872942,1,1,1,1,0,0,0,1,1,1,0,0,0,1,1,1,1,1,1,0
1600,-1.35719149466886,0,0,1,0,0,0,0,0,0,0,0,0,1,0,1,0,0,1,1,1
1601,0.0741147545940712,0,1,0,1,1,0,0,1,0,0,0,0,1,1,1,0,0,0,1,0
1602,-0.911815874997598,1,1,1,0,0,0,1,1,1,1,0,0,1,0,0,0,1,1,0,1
1603,1.47279865347736,1,0,1,1,0,0,1,1,1,1,0,1,0,1,1,1,0,1,0,0
1604,1.54819829241687,0,1,1,1,0,0,1,1,1,0,0,1,1,1,1,1,0,0,1,0
1605,-1.31311940928044,0,1,1,0,1,0,1,0,0,0,0,0,0,0,1,0,0,0,0,1
1606,-0.0592130344816283,1,1,1,1,0,0,0,1,1,0,0,0,1,0,1,0,0,1,0,0
1607,0.270223876736454,1,0,0,1,0,0,0,1,0,0,0,0,0,1,1,0,1,1,0,1
1608,2.04415494883137,0,1,0,1,1,0,1,1,0,0,0,1,0,1,1,1,1,0,0,1
1609,0.496272490403155,1,0,0,1,1,0,1,0,1,0,0,0,1,0,1,1,0,0,1,1
1610,0.0271673171607857,1,0,1,1,0,0,0,1,1,1,0,0,1,1,0,0,0,1,0,1
1611,0.457331353561911,0,1,0,1,1,0,0,1,1,0,0,0,1,1,1,1,1,0,0,1
1612,-1.26464783447471,0,1,1,0,0,0,1,1,0,0,0,0,0,0,1,0,1,1,0,0
1613,1.23297065383365,1,1,0,1,0,0,0,1,1,1,0,1,1,1,1,1,1,0,0,0
1614,0.651215009979906,0,1,1,1,1,0,0,1,1,0,0,1,0,1,0,1,0,0,1,1
1615,-2.91924416447255,1,0,0,0,0,0,0,0,0,0,0,0,0,0,1,0,1,1,0,1
1616,-1.17413761390683,0,0,0,0,0,0,1,0,1,0,0,0,1,0,0,0,1,1,1,0
1617,1.69124701557349,0,1,1,1,1,0,0,1,1,1,0,1,1,1,1,1,0,0,1,0
1618,0.466775035982405,1,1,1,1,0,0,1,1,0,1,0,1,1,1,0,0,1,1,1,1
1619,0.483416930110279,0,0,0,1,0,0,1,1,0,1,0,0,0,0,0,1,0,1,0,0
1620,-1.47148513540903,1,0,0,0,0,0,1,0,0,0,0,0,1,0,1,0,0,0,1,0
1621,-0.161617324892334,0,0,0,1,0,0,0,1,0,1,0,0,1,0,1,1,1,0,0,1
1622,-0.335517791039079,1,1,1,0,0,0,0,0,1,0,0,0,1,0,0,0,1,0,0,1
1623,0.880907192301684,1,0,0,1,1,0,1,1,1,1,0,1,1,1,0,1,0,1,1,0
1624,1.05208367650866,1,0,0,0,1,0,1,1,0,1,0,0,1,1,1,1,1,0,0,1
1625,0.0325075132830021,0,0,1,1,0,0,1,1,0,1,0,0,1,0,1,0,1,1,0,0
1626,-0.442621592984547,1,0,1,1,0,0,0,1,0,0,0,0,0,1,0,0,0,1,0,1
1627,1.18927542610056,0,1,0,1,0,0,1,1,0,1,0,1,0,1,0,1,0,0,0,1
1628,-0.168533036559695,1,1,1,1,0,0,1,1,1,0,0,1,1,0,1,0,0,0,0,0
1629,-0.100822461987684,0,0,0,1,0,0,0,1,1,1,0,0,1,0,1,0,1,1,1,0
1630,-1.0244256488163,0,0,1,1,0,0,1,1,1,0,0,0,1,0,0,0,1,1,0,0
1631,0.636611911693883,0,0,0,1,1,0,0,1,0,1,0,1,0,1,0,1,1,0,0,0
1632,1.46510224124553,1,0,1,1,0,0,1,1,0,1,0,1,0,1,1,1,1,1,1,1
1633,-0.141151431261327,0,0,1,1,0,0,0,1,0,0,0,0,0,0,1,0,1,1,0,1
1634,-0.554746676219532,1,1,0,1,0,0,1,1,0,1,0,0,1,0,1,0,0,0,1,1
1635,-0.145091925390119,1,1,0,0,1,0,1,1,1,0,0,0,1,0,1,1,0,0,1,1
1636,-0.192482766995416,0,1,0,1,1,0,1,1,0,0,0,0,0,0,0,0,0,1,0,0
1637,-0.581727530348869,0,0,1,1,0,0,1,1,0,0,0,0,1,0,1,0,0,1,0,0
1638,0.912309633092699,1,1,0,1,0,0,1,1,1,0,0,1,0,0,1,0,0,1,0,0
1639,-2.1111822981122,1,0,0,0,0,0,0,0,0,0,0,0,0,0,1,0,0,1,0,0
1640,-0.528623339769363,0,1,0,1,1,0,1,1,0,1,0,0,0,0,0,0,0,0,0,0
1641,-0.577488232157039,0,0,0,1,0,0,1,1,0,0,0,0,0,0,0,0,0,0,0,1
1642,1.24470159161335,0,0,1,1,1,0,1,1,1,0,0,1,1,1,1,1,0,1,1,1
1643,-1.27018778654725,1,0,1,0,1,0,0,1,1,0,0,0,0,0,1,0,1,1,0,0
1644,0.0347214992841612,1,1,0,1,1,0,1,1,0,0,0,0,1,0,1,1,0,0,0,0
1645,1.46992813204707,0,1,0,1,1,0,1,1,1,1,0,1,1,1,1,1,0,1,1,1
1646,0.0617750746997194,0,0,1,0,1,0,1,1,1,0,0,0,0,0,0,0,0,0,0,0
1647,-0.968212800335673,0,1,0,0,1,0,0,1,0,0,0,0,0,0,0,0,0,1,0,0
1648,0.943683169542144,1,1,1,1,0,0,0,1,1,0,0,1,1,0,1,1,1,0,0,1
1649,0.458248447755121,0,0,1,1,0,0,1,1,0,0,0,0,1,0,1,0,1,1,1,1
1650,-0.0599424463282312,0,0,1,1,0,0,0,1,0,1,0,0,0,0,0,0,1,0,1,1
1651,2.33456427931871,0,0,0,1,1,1,1,1,1,0,0,1,1,1,1,1,1,1,0,1
1652,-1.98403847612239,0,0,1,0,1,0,1,0,0,0,0,0,1,0,0,0,0,0,1,1
1653,-0.246859045289317,1,0,1,0,0,0,1,1,0,1,0,0,1,0,1,0,1,1,1,1
1654,-0.370376825959982,1,1,0,0,1,0,0,1,0,1,0,0,1,0,0,0,1,0,0,0
1655,1.514295991932,1,1,1,1,1,0,0,1,1,1,0,1,1,1,1,1,0,0,1,0
1656,-0.785516460005072,1,1,1,1,1,0,0,1,0,0,0,0,0,0,1,0,1,0,0,0
1657,-0.501955218513794,0,0,0,1,0,0,0,1,0,0,0,0,1,0,1,0,1,1,0,0
1658,-0.606393847340593,0,0,1,0,1,0,1,1,1,0,0,0,0,0,1,0,0,0,0,0
1659,-0.0880364364497993,0,1,0,0,0,0,0,1,1,0,0,0,0,0,1,0,0,0,0,0
1660,-0.952790404794106,1,0,1,0,0,0,0,1,1,1,0,0,0,0,0,0,0,1,1,0
1661,0.798151063420525,0,1,0,1,1,0,1,1,0,1,0,1,1,1,1,0,1,1,0,1
1662,0.103233907675374,0,1,0,1,0,0,0,1,1,0,0,0,0,0,0,0,0,0,0,1
1663,-0.242129879103747,1,1,1,1,0,0,0,1,1,0,0,0,1,0,0,0,0,0,0,1
1664,1.12870905998778,1,0,0,1,0,0,1,1,0,1,0,0,1,1,0,1,0,0,1,1
1665,0.637511601949657,1,0,0,1,1,0,0,1,1,1,0,1,1,1,0,0,1,1,1,0
1666,-0.795269588004016,0,0,1,0,1,0,0,0,1,1,0,0,1,0,0,0,0,0,1,1
1667,-0.395425411325908,1,1,1,1,1,0,1,0,1,0,0,0,1,0,0,0,1,0,0,0
1668,0.0797064096966247,0,1,1,1,0,0,1,1,1,1,0,1,0,0,0,1,1,0,1,0
1669,-0.493447764831292,0,1,0,0,1,0,0,1,0,0,0,0,0,0,0,0,1,0,1,0
1670,0.862778707546282,1,1,1,1,0,0,1,1,1,1,0,0,0,0,1,0,1,0,0,0
1671,1.89904521692794,0,1,1,1,0,0,0,1,0,1,0,1,0,1,0,1,1,0,1,1
1672,0.332862463359928,0,1,1,1,1,0,0,1,1,1,0,0,0,1,0,1,0,1,1,1
1673,0.0644235120016024,1,0,0,1,1,0,0,1,1,1,0,0,1,0,1,0,0,0,1,1
1674,1.36643367886805,1,0,1,1,1,0,0,1,1,0,0,0,1,1,1,1,1,0,0,1
1675,-0.520145224947462,0,1,0,0,0,0,1,1,1,1,0,0,0,0,1,0,0,0,1,0
1676,0.270963703658049,0,0,0,1,0,0,0,1,0,0,0,0,1,0,1,0,0,1,0,1
1677,0.00388638288732966,0,1,0,1,1,0,0,1,0,1,0,0,1,0,1,0,0,1,0,0
1678,1.11456121183984,1,1,1,1,0,0,1,1,1,1,0,0,1,1,1,1,0,0,1,0
1679,0.0322583859072791,1,1,0,1,0,0,1,1,0,0,0,0,0,0,0,0,1,0,1,1
1680,0.217057148240593,1,1,0,1,0,0,1,1,1,0,0,0,1,0,1,0,0,0,0,0
1681,-1.76450221968858,0,0,0,0,0,0,0,0,1,1,0,0,0,0,1,0,1,0,0,1
1682,-0.399861969056958,1,1,1,0,1,0,0,1,0,0,0,0,1,0,1,0,1,0,1,0
1683,0.126925055460638,0,1,1,1,0,0,1,1,1,0,0,0,1,0,1,1,1,1,1,1
1684,-1.11509269936184,1,0,0,0,0,0,0,1,0,1,0,0,0,0,0,0,0,0,1,0
1685,-0.148456921897623,0,0,1,0,1,0,0,1,1,0,0,0,0,0,0,0,1,1,0,0
1686,-0.138106592258659,0,1,1,1,1,0,0,1,1,1,0,0,1,1,1,0,1,1,1,0
1687,0.190356025141583,0,1,1,1,1,0,0,1,0,0,0,1,1,0,1,0,1,0,1,0
1688,-0.753671603318947,0,0,0,1,1,0,0,1,0,0,0,0,1,0,0,0,0,1,0,1
1689,0.180718054896033,1,1,1,1,1,0,0,1,0,1,0,0,0,0,1,0,0,0,0,0
1690,-0.750165732753529,0,0,0,1,1,0,1,1,1,0,0,0,0,0,1,0,0,1,0,0
1691,-1.13357502225544,0,0,0,0,0,0,1,0,0,1,0,0,1,0,0,0,0,0,0,0
1692,-1.15836414629861,0,0,0,0,0,0,0,0,0,0,0,0,1,0,1,0,1,0,0,1
1693,0.294273777474955,0,1,1,1,1,0,0,1,1,1,0,0,0,1,0,0,0,0,0,0
1694,-0.394988476798357,0,1,0,1,0,0,1,1,1,1,0,0,0,0,1,0,1,1,0,1
1695,1.29580800939866,0,1,1,1,1,0,1,1,1,0,0,1,1,1,1,0,1,0,1,1
1696,1.10748364463039,1,0,0,1,0,0,1,1,0,1,0,0,0,1,1,0,0,1,1,1
1697,-0.338574081478981,1,1,1,0,1,0,0,1,0,0,0,0,0,1,1,1,1,1,1,1
1698,-2.2545243459569,0,1,1,0,1,0,0,0,0,0,0,0,0,0,1,0,1,0,0,0
1699,0.320906922628089,1,0,0,1,0,0,1,1,1,1,0,0,0,0,1,0,1,1,1,0
1700,-1.46287665148579,0,0,0,0,1,0,0,0,0,0,0,0,0,0,1,0,1,1,1,0
1701,-0.0192480767311871,0,1,1,1,1,0,0,1,0,0,0,1,0,1,1,0,1,0,1,1
1702,-1.62305019032009,0,0,0,0,0,0,0,0,0,0,0,0,0,0,1,0,0,0,0,1
1703,-1.04259909530801,0,1,1,0,0,0,0,0,1,1,0,0,1,0,0,0,0,1,0,1
1704,1.39877074026392,1,0,0,1,0,0,0,1,1,0,0,1,0,1,1,0,0,1,0,0
1705,1.25068742007974,1,1,1,1,1,0,0,1,1,0,0,1,0,1,0,1,0,0,0,1
1706,1.01297461371956,1,1,1,1,0,0,0,1,0,0,0,1,1,0,1,1,0,0,1,1
1707,-0.832709394063437,1,0,1,0,0,0,0,0,1,0,0,0,1,0,0,0,0,1,0,0
1708,0.338021182732206,1,0,1,1,1,0,0,1,0,0,0,0,1,1,1,0,0,0,0,0
1709,0.417809270452444,1,0,1,1,0,0,0,1,1,1,0,1,0,1,0,0,0,1,1,1
1710,1.45793235647299,1,1,1,1,0,0,1,1,1,0,1,1,1,1,0,1,0,1,1,0
1711,0.517560329511293,1,1,1,1,0,0,0,1,0,0,0,0,1,1,1,0,0,0,0,0
1712,1.03834572143014,1,1,1,1,0,0,1,1,1,1,0,0,0,1,1,0,0,0,1,1
1713,-0.99169287912122,1,0,0,1,0,0,0,0,0,0,0,0,1,0,0,0,1,0,1,1
1714,0.49394896621119,0,1,0,1,1,0,1,1,1,1,0,0,0,1,1,0,1,1,1,0
1715,0.00378265490621039,0,0,1,1,0,0,0,1,1,0,0,0,1,0,1,0,0,0,1,1
1716,-0.153424130217172,1,1,0,0,0,0,1,1,1,0,0,0,1,0,1,0,0,0,0,0
1717,-1.66904742062113,0,0,1,0,0,0,1,0,0,0,0,0,0,0,0,0,0,0,0,0
1718,0.338309257527315,0,1,0,1,1,0,0,1,0,1,0,0,0,0,0,1,1,1,0,0
1719,-0.766849883029176,0,1,1,1,1,0,0,1,0,1,0,0,1,0,1,0,0,0,1,0
1720,-1.72489133873993,1,1,0,0,0,0,0,0,0,1,0,0,1,0,0,0,1,0,0,1
1721,-0.510462216933022,1,1,0,1,0,0,1,1,0,0,0,0,1,1,1,0,0,1,0,1
1722,-0.35267252333522,0,1,0,0,1,0,1,1,0,1,0,0,1,0,0,0,1,1,0,1
1723,-0.0871360726783796,1,1,0,0,1,0,1,1,0,0,0,0,1,0,1,0,1,1,1,1
1724,1.0028428339793,1,1,1,1,1,0,1,1,1,0,0,1,0,1,1,1,0,1,1,1
1725,0.260296372151522,1,1,1,1,0,0,1,1,1,0,0,0,0,0,0,0,1,1,0,1
1726,0.292198382812549,0,1,0,1,1,0,0,1,0,0,0,0,1,0,1,0,1,1,0,1
1727,0.666550663029822,1,0,0,1,1,1,0,1,1,0,0,0,1,0,0,0,1,0,0,1
1728,-2.69856930610923,0,0,0,0,0,0,0,0,1,0,0,0,0,0,1,0,0,1,0,0
1729,-0.91546156189789,1,0,0,0,0,0,1,1,0,0,0,0,1,0,1,0,1,0,0,0
1730,1.70353490704246,1,0,0,1,0,0,1,1,1,0,0,1,0,1,1,1,0,0,0,0
1731,1.85460451902639,0,1,1,1,0,0,1,1,1,1,0,1,1,1,1,1,1,1,1,1
1732,0.18255968642919,1,0,0,0,1,0,0,1,0,0,0,1,0,0,1,0,1,1,0,0
1733,1.00257896993171,0,1,0,1,1,0,0,1,1,1,0,0,0,1,1,1,1,1,0,1
1734,-0.333069885691204,0,1,0,1,1,0,0,1,0,0,0,0,1,0,1,0,1,1,1,0
1735,1.04803283510018,1,1,0,1,0,0,1,1,0,0,0,1,0,1,0,0,0,1,0,1
1736,1.18764313715107,0,1,0,1,1,0,1,1,0,1,0,0,0,1,1,1,1,1,1,0
1737,0.353191748714594,0,0,0,1,1,0,0,1,1,1,0,0,1,0,0,0,0,0,1,0
1738,0.458207726684634,0,1,0,0,1,0,0,1,1,0,0,0,0,1,1,0,1,1,1,1
1739,-2.11766615432802,1,1,0,0,0,0,0,0,0,0,0,0,0,0,1,0,0,0,1,1
1740,1.77529780903658,1,0,1,1,0,0,0,1,1,0,0,1,1,1,1,1,0,0,1,1
1741,-1.0905499931454,1,0,0,0,1,0,0,1,0,0,0,0,1,0,1,0,1,1,1,0
1742,0.520752071633803,1,1,0,1,1,0,0,1,1,1,0,1,0,0,1,0,1,1,0,0
1743,0.480854151346032,0,1,0,1,0,0,0,1,0,1,0,0,1,0,1,1,0,1,0,1
1744,0.921917275890863,1,0,1,1,0,0,1,1,1,0,0,1,0,1,1,0,0,0,0,1
1745,0.28233327682398,1,1,1,1,1,0,0,1,1,0,0,0,1,0,1,0,1,1,0,0
1746,0.355664672402379,0,0,0,1,1,0,0,1,0,0,1,0,1,1,1,0,0,0,0,1
1747,0.936937667399497,1,0,0,1,1,0,1,1,1,0,0,1,1,1,1,1,1,0,0,1
1748,-1.49117113530465,1,1,1,0,1,0,1,0,1,1,0,0,0,0,0,0,0,0,0,1
1749,0.25733583318402,1,0,0,1,0,0,0,1,1,0,0,0,1,1,1,0,0,1,1,1
1750,-0.995818238540256,0,0,1,0,1,0,0,1,0,0,0,0,1,0,0,0,0,1,1,1
1751,-0.11948294089839,0,0,1,1,0,0,0,1,0,0,0,0,1,0,1,0,0,0,0,1
1752,-0.0145137731624089,1,0,0,1,1,0,1,1,0,0,0,0,0,0,1,0,1,0,0,0
1753,1.11365619555259,1,0,1,1,0,0,1,1,1,0,0,1,1,1,1,1,0,0,1,1
1754,1.81056214376529,0,0,0,1,1,0,1,1,0,1,1,1,0,1,0,1,0,0,1,1
1755,-0.111146246657622,0,1,1,1,1,0,0,1,1,0,0,0,0,0,1,0,0,0,0,0
1756,0.596517333860337,1,0,0,1,1,0,0,1,0,0,0,1,0,0,1,0,1,0,0,1
1757,-1.12321972039316,1,0,1,0,0,0,1,1,0,1,0,0,0,0,1,0,0,0,0,0
1758,-0.753918965409703,0,0,0,0,1,0,0,1,0,1,0,0,0,0,1,0,1,1,0,0
1759,2.17935295581989,1,1,1,1,0,0,1,1,1,0,1,1,1,1,0,1,1,1,0,1
1760,-0.965017781039538,0,0,1,1,0,0,0,1,0,0,0,0,1,0,0,0,0,0,0,1
1761,0.700424495186123,0,1,1,1,0,0,1,1,0,0,0,1,1,1,1,0,0,0,0,1
1762,0.032550479346709,1,0,0,1,0,0,1,1,1,0,0,0,0,0,0,0,0,1,1,0
1763,-0.261077809182136,1,1,0,1,0,0,0,1,0,1,0,0,0,0,1,0,1,1,0,1
1764,0.223257251123961,1,1,0,1,0,0,1,1,1,0,0,0,1,1,0,0,0,1,0,0
1765,-0.347574568282229,0,1,1,0,1,0,1,1,0,0,0,0,0,0,1,0,0,0,0,1
1766,-0.727225850569088,0,1,0,1,0,0,0,1,0,1,0,0,0,0,0,0,1,0,0,0
1767,0.38049045910479,0,1,1,1,0,0,0,1,0,0,0,0,1,1,1,0,0,0,0,1
1768,-1.27970764235311,0,1,0,0,0,0,0,0,1,1,0,0,1,0,1,0,1,0,1,0
1769,-0.134918606537902,0,0,0,1,0,0,1,1,1,0,0,0,0,0,0,0,1,1,1,1
1770,-0.663592604645611,1,0,0,0,0,0,0,1,1,1,0,0,1,0,0,0,0,1,0,0
1771,-1.40008717495192,0,1,0,0,0,0,0,1,0,0,0,0,1,0,0,0,0,0,0,0
1772,0.314132752076903,0,0,0,1,1,0,0,1,0,0,0,0,0,0,0,0,1,0,1,1
1773,2.04517208718777,0,0,1,1,0,1,1,1,1,1,0,1,1,1,1,1,1,1,1,1
1774,0.698134482825288,0,1,0,1,0,0,1,1,0,0,0,0,1,0,0,0,0,1,0,0
1775,2.22542969609383,1,0,0,1,0,0,1,1,0,1,1,1,0,1,0,1,0,0,1,1
1776,-0.801632934965735,1,0,1,1,0,0,0,0,1,1,0,0,0,0,0,0,0,1,1,0
1777,0.143083121472613,1,0,1,1,0,0,1,1,1,1,0,1,0,0,0,0,0,0,0,0
1778,-1.0327626624226,0,0,1,0,0,0,1,0,1,0,0,0,0,0,1,0,1,1,1,1
1779,-0.754064556411933,0,0,1,0,1,0,1,1,1,0,0,0,0,0,1,0,0,1,0,1
1780,-0.540666415065821,0,0,1,0,0,0,1,1,0,0,0,0,1,0,0,0,1,1,1,0
1781,-1.10703904851634,0,0,0,0,0,0,1,1,0,0,0,0,1,0,1,0,0,0,0,0
1782,1.39833703643174,0,0,0,1,1,0,1,1,1,0,0,1,1,1,1,1,0,1,1,1
1783,1.05748043992387,0,1,1,1,0,0,1,1,1,1,0,1,1,1,0,1,0,1,1,0
1784,0.804021844079914,1,1,0,1,1,0,0,1,1,1,0,0,0,1,0,0,1,1,0,1
1785,-0.129386849458538,1,0,1,1,1,0,1,1,0,1,0,0,1,0,1,0,0,1,0,0
1786,-1.9525344428569,1,1,0,0,0,0,0,0,0,1,0,0,0,0,1,0,0,0,0,1
1787,-0.437880955734279,0,0,0,1,1,0,1,0,1,0,0,0,1,0,0,0,1,0,1,1
1788,0.537952292452735,0,1,0,1,0,0,0,1,1,0,0,0,1,0,1,0,1,1,1,1
1789,-0.581430146782185,1,0,1,0,1,0,0,1,0,0,0,1,1,0,1,0,0,1,1,0
1790,1.34512540663693,0,1,1,1,1,0,0,1,1,0,0,1,1,1,1,1,1,0,0,1
1791,-1.59931795796771,0,0,0,0,1,0,0,0,1,0,0,0,1,0,0,0,0,1,1,1
1792,-0.672947022843193,0,1,0,1,0,0,1,1,1,0,0,0,1,0,1,0,1,1,1,0
1793,0.267551762081174,0,0,0,1,1,0,1,1,1,1,0,0,1,1,1,0,1,1,1,1
1794,-1.50583267429907,1,1,0,0,1,0,1,0,0,1,0,0,1,0,1,0,1,1,0,0
1795,-0.380454600903543,0,1,0,1,0,0,1,1,0,0,0,0,1,0,1,0,1,1,1,0
1796,-0.112919530376945,0,0,1,1,1,0,1,1,0,0,0,0,0,1,1,0,0,0,0,0
1797,0.338018947336685,0,1,0,1,1,0,1,1,0,1,0,0,0,0,1,0,0,1,1,0
1798,0.417407276698381,1,0,1,1,0,0,0,1,1,0,0,1,1,0,0,0,0,0,0,1
1799,-1.20975773865364,1,0,0,0,1,0,1,0,1,0,0,0,0,0,1,0,1,1,0,0
1800,-1.25916185141016,0,0,0,0,0,0,0,0,0,1,0,0,1,0,0,0,1,1,0,0
1801,0.0743255557619102,0,1,0,1,1,0,0,1,1,1,0,0,1,0,0,0,1,0,1,0
1802,-1.37245726693023,1,1,0,0,0,0,0,1,0,1,0,0,1,0,1,0,1,0,0,0
1803,0.739278980664851,0,1,1,1,1,0,0,1,0,0,0,1,1,1,0,1,1,0,1,1
1804,1.75736781331985,1,1,1,1,1,0,0,1,1,1,0,1,1,1,1,1,1,1,0,0
1805,-0.0558407674962354,1,0,0,1,0,0,0,1,0,1,0,0,0,0,1,0,0,0,1,1
1806,-0.394984333730288,0,0,1,1,0,0,0,1,1,0,0,0,1,0,1,0,0,1,0,0
1807,1.58945777374878,1,1,1,1,0,0,1,1,1,1,0,1,1,1,1,1,1,1,1,1
1808,0.414725660492218,1,0,0,1,1,0,0,1,0,1,0,0,0,1,1,1,1,0,0,0
1809,0.956766216482102,0,1,0,1,0,0,1,1,1,1,0,0,1,1,0,1,0,1,0,1
1810,-1.58981759155004,0,0,1,0,0,0,0,0,0,0,0,0,0,0,1,0,0,0,0,0
1811,-1.28576153579631,0,0,0,0,0,0,1,1,1,0,0,0,0,0,0,0,0,0,0,1
1812,-0.217540156087321,0,1,1,1,0,0,1,1,0,1,0,0,0,0,1,0,1,0,0,0
1813,-0.507427754758737,1,1,0,1,0,0,0,1,1,1,0,0,0,0,0,0,0,1,1,1
1814,-1.87313108016221,0,1,0,0,0,0,0,0,1,1,0,0,0,0,0,0,0,1,0,1
1815,-2.91183632485909,0,1,1,0,0,0,0,0,0,0,0,0,0,0,1,0,0,0,0,1
1816,-1.38772846505264,0,0,0,0,1,0,1,0,0,0,0,0,1,0,0,0,0,1,1,0
1817,-0.843904589937517,0,0,0,0,1,0,0,1,0,0,0,0,0,0,0,0,1,0,0,0
1818,0.211023048206362,1,1,0,1,0,0,0,1,1,1,0,0,0,1,0,0,0,1,1,0
1819,-0.646749343921467,1,0,0,1,0,0,0,1,0,0,0,0,0,0,0,0,1,1,1,1
1820,1.9186819557999,1,0,1,1,0,0,0,1,0,0,0,1,1,1,1,1,1,0,1,0
1821,-0.576962800011674,1,0,0,0,0,0,1,0,0,1,0,0,1,0,1,0,0,0,0,0
1822,1.04253823653402,1,1,0,1,0,0,0,1,0,0,0,0,1,1,0,1,1,1,0,0
1823,-0.653960234097051,1,0,1,1,1,0,0,1,0,1,0,0,1,0,0,0,0,1,0,0
1824,0.599450281794936,1,0,1,1,0,0,1,1,1,0,0,1,1,1,1,1,0,1,1,0
1825,0.844207235966577,0,0,1,1,1,0,1,1,0,1,0,1,1,1,1,1,0,0,1,1
1826,1.21461817944244,1,0,0,1,1,0,1,1,1,1,0,1,0,1,1,1,0,0,0,0
1827,1.93133275099062,1,1,0,1,0,0,1,1,0,1,0,1,0,1,1,1,1,0,1,0
1828,-1.1943934708243,1,1,0,0,0,0,1,0,0,0,0,0,0,0,1,0,1,0,0,0
1829,-0.595247017825834,1,0,0,0,0,0,1,1,0,0,0,0,0,0,0,0,1,1,0,0
1830,-2.01155755025912,0,0,0,0,0,0,0,0,0,1,0,0,1,0,1,0,0,0,1,1
1831,-1.37921313504129,1,0,0,0,1,0,1,1,0,0,0,0,1,0,1,0,0,0,1,0
1832,1.27469744050392,1,1,0,1,1,0,1,1,1,0,0,1,1,1,1,0,1,1,1,1
1833,0.478133741460415,0,1,1,1,0,0,1,1,1,0,0,0,1,1,1,0,1,0,1,0
1834,0.890354215088397,1,1,0,1,1,0,0,1,0,1,0,0,0,1,1,1,0,1,0,1
1835,-0.177476453184399,0,1,1,0,0,0,0,1,0,0,0,1,1,0,1,0,1,0,0,1
1836,0.618400387398002,0,0,1,1,0,0,1,1,0,1,0,0,1,0,1,0,1,1,0,0
1837,0.303653665613554,0,0,1,1,0,0,0,1,1,0,0,0,0,1,0,1,1,0,0,1
1838,0.76766402884955,1,1,0,1,1,0,1,1,0,0,0,0,0,1,1,0,0,1,0,0
1839,0.555699815186823,0,0,0,1,0,0,1,1,1,1,0,1,0,0,1,1,1,1,0,1
1840,0.262841731733349,1,0,1,1,0,0,0,1,1,1,0,1,0,0,0,0,0,0,1,0
1841,1.87086021228675,1,0,1,1,1,0,0,1,1,0,0,1,0,1,1,1,1,1,1,1
1842,-0.836385638660022,1,1,0,1,0,0,0,1,1,0,0,0,1,0,1,0,1,1,1,0
1843,-0.646664799595406,0,0,1,0,0,0,0,1,0,0,0,0,1,0,0,0,1,0,0,1
1844,-0.956697214558017,1,0,1,1,0,0,1,0,1,0,0,0,0,0,0,0,0,0,1,0
1845,0.225416547485268,0,1,0,1,0,0,0,1,0,0,0,0,0,0,0,0,1,1,0,1
1846,-0.648692131880713,0,0,0,1,1,0,0,1,1,0,0,0,1,0,1,0,0,1,0,1
1847,0.101076745209407,1,0,0,1,1,0,0,1,1,1,0,0,0,0,0,0,0,0,0,1
1848,0.0617341758816976,0,1,0,1,1,0,1,1,1,0,0,0,0,0,0,0,0,1,0,0
1849,-0.85849593257394,0,0,0,1,0,0,0,0,0,0,0,0,1,0,1,0,1,0,1,1
1850,-0.426725771702735,1,1,0,1,0,0,0,1,1,1,0,1,1,0,1,0,0,1,1,1
1851,0.362429878207996,1,1,1,1,0,0,0,1,1,1,0,0,1,1,0,0,1,0,0,0
1852,-1.51419650167821,1,0,0,1,0,0,1,0,0,1,0,0,0,0,1,0,0,1,0,1
1853,2.90674868698709,0,1,1,1,1,1,1,1,1,1,1,1,0,1,1,1,0,1,1,0
1854,-0.525365159092479,0,0,0,0,1,0,0,1,0,0,0,0,1,0,1,0,0,0,1,1
1855,1.04422711072201,0,1,0,1,0,0,0,1,1,1,0,1,0,1,1,1,0,0,0,1
1856,-1.74640119752027,0,0,1,0,0,0,0,0,0,0,0,0,1,0,0,0,1,1,0,0
1857,0.49394554012062,0,0,0,1,0,0,0,1,1,0,0,1,1,1,0,0,0,0,1,0
1858,-2.20008868375254,0,0,0,0,1,0,1,0,0,1,0,0,0,0,0,0,0,1,0,1
1859,-0.129786635859474,0,1,1,1,1,0,1,1,0,0,0,0,1,0,0,0,0,0,1,1
1860,0.152481203509189,0,1,0,1,1,0,0,1,0,0,0,1,1,1,1,0,1,1,0,1
1861,-0.42374264135332,0,0,1,0,0,0,0,1,1,1,0,0,0,0,1,0,1,0,1,1
1862,1.14181955803994,0,0,1,1,0,0,0,1,1,1,0,1,1,1,1,0,0,1,0,1
1863,0.757454796667672,1,1,1,1,1,0,0,1,0,1,0,1,1,1,1,1,0,0,0,1
1864,-0.476169183497552,0,1,1,0,0,0,1,1,0,0,0,0,0,0,0,0,1,1,1,0
1865,-0.88144119671741,0,1,0,0,0,0,0,0,0,0,0,0,0,0,0,0,0,1,1,0
1866,-0.639826182125989,1,0,0,0,1,0,0,1,1,0,0,0,0,0,1,0,0,1,0,1
1867,-0.870824650643861,1,0,1,1,1,0,0,1,0,1,0,0,0,0,1,0,1,1,0,0
1868,0.949276546961954,0,0,1,1,0,0,1,1,0,1,0,1,0,1,1,1,0,0,0,1
1869,-1.17280182681398,0,1,0,0,0,0,1,1,1,0,0,0,0,0,0,0,1,0,0,0
1870,-1.59947105513618,1,1,1,0,1,0,0,0,0,0,0,0,0,0,0,0,0,1,1,1
1871,0.501260748053914,1,1,1,1,0,0,0,1,0,0,0,0,0,0,1,1,0,1,1,0
1872,1.0613230205261,0,1,0,1,0,0,0,1,1,1,0,1,1,1,0,1,0,0,0,0
1873,-0.730169787041608,1,0,0,0,1,0,1,1,0,0,0,0,1,0,1,0,0,0,0,0
1874,-1.30202662524966,1,0,1,0,0,0,1,1,1,0,0,0,0,0,1,0,0,1,0,1
1875,-0.216498864865151,1,0,0,1,1,0,0,1,1,1,0,0,0,0,1,0,1,1,1,0
1876,1.7477197081165,1,1,1,1,0,0,1,1,1,0,0,1,0,1,1,1,0,1,1,0
1877,0.890608872244266,0,1,0,1,0,0,0,1,0,0,0,0,0,1,0,0,1,1,0,0
1878,0.65024206258405,0,0,1,1,1,0,1,1,1,1,0,1,1,0,1,1,1,1,1,1
1879,0.785584408330951,0,1,1,1,0,0,0,1,0,1,0,1,0,0,1,1,0,0,0,0
1880,-0.540655642216415,0,1,1,1,0,0,0,1,0,0,0,0,1,0,0,0,0,0,1,0
1881,1.83819159592574,1,1,0,1,1,0,1,1,1,1,0,1,0,1,0,1,1,1,0,1
1882,0.241760672443109,0,1,0,1,0,0,0,1,0,1,0,0,0,1,0,0,1,0,1,0
1883,0.0759696677227298,1,1,1,1,1,0,0,1,1,0,0,1,0,0,0,1,1,0,1,1
1884,0.218041748748992,1,0,1,0,1,0,1,1,0,1,0,1,1,1,1,0,0,0,1,0
1885,-1.76297348062981,0,0,0,0,0,0,0,0,0,1,0,0,1,0,0,0,1,0,1,1
1886,0.201205632881015,1,0,0,1,0,0,0,1,0,0,0,0,1,0,1,0,1,1,0,0
1887,0.355428584095506,0,0,1,1,0,0,1,1,0,1,0,0,0,0,0,0,1,0,1,0
1888,-1.59888944680346,0,0,1,0,0,0,1,0,1,0,0,0,1,0,1,0,0,1,0,0
1889,0.8204057049925,0,0,1,1,0,0,1,1,0,0,0,1,0,1,1,1,0,0,0,0
1890,-1.51968446098422,0,1,1,0,0,0,1,0,0,0,0,0,1,0,1,0,0,1,0,0
1891,1.46604009394547,1,0,0,1,0,0,0,1,1,1,0,1,1,1,0,1,1,0,1,1
1892,1.71467432394273,1,1,1,1,0,0,1,1,0,1,0,1,1,1,1,1,1,1,1,1
1893,1.51276854381322,1,1,1,1,1,0,0,1,1,0,0,1,1,1,0,1,1,0,1,1
1894,-0.0901006886455792,1,0,1,1,0,0,1,1,1,1,0,0,1,0,0,0,1,0,1,1
1895,-0.973017821339974,1,0,1,0,0,0,1,1,1,1,0,0,0,0,1,0,1,0,0,0
1896,0.126453872103117,1,1,0,1,0,0,1,1,0,0,0,1,1,1,1,0,1,0,0,0
1897,0.211001815648708,0,1,0,1,1,0,1,1,1,0,0,0,1,0,1,1,1,1,0,1
1898,-1.18878168100309,1,1,1,0,0,0,1,0,1,0,0,0,1,0,0,0,0,1,1,0
1899,0.811216494000812,0,0,1,1,1,0,1,1,1,1,0,0,1,0,0,1,0,1,0,0
1900,-0.624609623087178,0,0,0,0,0,0,0,0,1,0,0,0,0,0,1,0,1,0,0,0
1901,-1.60090585980223,0,0,0,0,0,0,1,0,1,0,0,0,0,0,0,0,1,1,1,1
1902,-0.0977318537489464,1,1,0,1,0,0,1,1,0,1,0,0,1,1,0,0,1,0,1,1
1903,-0.0410777904842888,1,0,0,1,1,0,0,1,0,0,0,0,0,1,1,0,0,1,0,1
1904,0.0185204069719669,0,1,0,1,0,0,1,1,0,1,0,0,1,0,0,0,0,0,0,1
1905,1.16462495058025,0,0,0,1,0,0,0,1,0,1,0,1,1,1,0,1,0,0,0,1
1906,0.0802819854136952,0,1,0,1,1,0,1,1,0,1,0,0,1,0,1,0,0,1,1,0
1907,-1.82845958348401,0,1,1,0,0,0,1,0,0,0,0,0,0,0,0,0,0,0,0,0
1908,0.325869063311484,0,0,1,0,1,0,0,1,0,1,0,1,1,0,1,0,1,1,0,1
1909,0.375292939958831,1,0,0,0,0,0,0,1,1,0,0,1,0,1,1,0,1,1,1,1
1910,1.51889931524413,0,0,1,1,1,0,0,1,1,1,0,1,1,1,1,1,1,1,1,1
1911,-0.19335512625174,0,0,0,1,1,0,0,0,1,0,0,0,1,1,0,0,0,1,0,1
1912,0.550015320769905,1,1,0,1,1,0,1,1,0,0,0,0,1,1,1,1,1,0,1,0
1913,1.66661197878464,1,1,0,1,1,0,1,1,1,0,0,1,1,1,0,1,1,0,0,1
1914,-3.18462013070657,0,0,0,0,0,0,1,0,0,0,0,0,0,0,1,0,0,0,1,1
1915,1.14646013218658,1,0,1,1,0,0,1,1,0,1,0,1,0,1,1,1,0,0,1,1
1916,-0.327841581153849,1,0,0,0,1,0,0,0,0,0,0,0,1,0,1,0,0,1,0,1
1917,-0.260106805392992,1,1,0,1,0,0,0,1,0,1,0,0,0,1,1,0,1,1,1,0
1918,-0.116377955572204,0,0,0,1,1,0,0,1,0,1,0,0,1,0,0,0,1,1,1,0
1919,0.896782561535963,0,1,0,1,0,0,1,1,0,1,0,1,0,1,1,0,0,0,0,0
1920,-1.25633503980452,1,1,0,0,0,0,0,0,0,0,0,0,0,0,1,0,1,0,0,1
1921,1.39803244090558,1,1,0,1,0,0,0,1,0,0,0,1,0,1,1,1,0,0,1,1
1922,-0.313712469635564,1,1,0,1,0,0,0,1,1,1,0,0,1,0,1,0,1,0,0,0
1923,0.173731743684068,0,1,0,0,0,0,0,1,1,1,0,1,1,1,0,1,0,1,0,0
1924,1.96659240670263,0,0,1,1,0,1,0,1,1,1,0,1,1,1,0,1,1,1,1,1
1925,0.404555463641852,1,0,1,1,0,0,1,1,0,0,0,0,0,1,1,1,1,1,0,0
1926,-1.17807347963267,1,0,1,0,0,0,1,0,1,0,0,0,1,0,1,0,1,1,0,1
1927,2.3637208019669,1,1,1,1,0,1,1,1,0,1,0,1,1,1,1,1,1,0,1,1
1928,1.09047875590531,0,1,0,1,1,0,1,1,1,0,0,1,1,1,0,1,1,1,1,1
1929,-0.649494822002862,1,1,1,1,0,0,1,1,1,1,0,0,0,0,0,0,1,1,0,0
1930,-1.17300424069796,0,1,0,0,1,0,1,0,0,0,0,0,1,0,0,0,1,0,0,0
1931,0.691833074914235,1,1,0,1,0,0,0,1,0,0,0,1,0,1,1,0,1,0,1,1
1932,-0.0222102186310004,0,0,0,1,0,0,0,1,1,0,0,0,0,0,0,0,1,1,0,0
1933,0.968320112122293,0,1,0,1,0,0,0,1,0,1,0,1,0,1,0,1,0,1,1,1
1934,-1.33947561842202,1,1,1,1,0,0,0,0,0,0,0,0,1,0,0,0,0,0,0,0
1935,0.12762311853996,1,0,1,0,0,0,0,1,1,0,0,0,0,1,0,1,0,0,1,0
1936,0.646306708102187,0,1,1,1,1,0,1,1,1,1,0,0,0,1,0,1,1,1,0,1
1937,0.480854151346032,0,1,0,1,1,0,0,1,0,1,0,0,1,1,1,1,0,1,0,1
1938,0.0739971805364108,1,0,0,1,1,0,1,1,1,0,0,0,0,0,0,0,0,1,1,1
1939,-0.0270628019119099,1,1,1,1,0,0,0,1,1,0,0,1,1,0,1,0,1,0,0,0
1940,-0.0345213379136471,1,1,1,1,0,0,0,1,0,0,0,0,1,0,1,0,0,1,1,1
1941,-0.0428797651605028,0,0,1,1,0,0,0,1,1,0,0,0,0,0,1,0,1,1,1,1
1942,2.17241653721026,0,0,1,1,1,0,0,1,1,1,1,1,1,1,1,1,1,1,0,0
1943,0.73934556507778,0,0,1,1,0,0,1,1,1,0,0,1,1,1,1,1,1,0,0,1
1944,-0.0323325582464215,1,1,0,1,1,0,0,1,1,0,0,0,1,1,0,0,0,1,1,0
1945,-1.06583904009306,0,0,0,0,0,0,1,1,0,0,0,0,1,0,1,0,1,1,1,0
1946,-0.432294373660482,1,0,1,1,0,0,0,1,0,1,0,1,0,1,0,0,0,0,0,1
1947,-1.74689359626738,0,0,0,0,0,0,1,0,0,1,0,0,1,0,0,0,0,0,0,1
1948,0.983580439745009,0,1,1,1,0,0,1,1,0,1,0,0,0,1,1,1,0,0,0,1
1949,-1.19414640256058,1,0,0,0,0,0,0,1,1,0,0,0,1,0,1,0,0,0,0,0
1950,-0.42245796450252,1,1,1,1,0,0,1,1,1,1,0,0,0,0,1,0,0,1,0,1
1951,-0.294914301088282,0,1,1,0,0,0,1,1,0,0,0,0,0,0,1,0,0,0,1,0
1952,1.10748364463039,0,0,0,1,0,0,0,1,1,0,0,1,1,1,0,1,0,0,0,0
1953,0.0478003269883154,0,0,0,1,0,0,0,1,0,0,0,0,0,0,1,1,1,1,1,1
1954,2.13423401355653,1,0,0,1,0,1,1,1,0,0,1,1,1,1,1,1,1,1,1,1
1955,0.890604248452769,1,1,0,1,0,0,0,1,1,1,0,1,1,1,1,1,1,1,0,0
1956,-0.894294447972015,0,0,1,0,1,0,1,1,0,1,0,0,0,0,1,0,0,1,0,0
1957,-1.10741186442479,0,0,1,0,1,0,1,1,1,0,0,0,0,0,1,0,0,1,0,1
1958,2.06944124315598,0,0,0,1,0,0,1,1,1,1,0,1,1,1,0,1,1,1,1,1
1959,0.262540068066208,0,1,1,1,1,0,0,1,0,0,0,1,0,0,1,0,0,1,0,1
1960,-0.281986701010005,0,1,1,1,1,0,0,1,1,1,0,0,1,0,1,0,0,0,1,1
1961,0.338367951214044,1,1,1,1,1,0,0,1,0,0,0,0,0,0,1,0,0,1,1,0
1962,-0.552710011691789,1,1,0,0,0,0,0,1,1,1,0,0,1,0,0,0,0,1,0,1
1963,0.481495588292894,0,0,0,0,0,0,1,1,1,0,0,0,1,1,0,0,1,1,1,1
1964,0.387557000735909,1,0,0,1,1,0,1,1,0,0,0,0,1,0,1,1,1,0,0,0
1965,1.56523528097028,0,0,1,1,0,0,1,1,1,0,0,1,0,1,1,1,1,0,0,1
1966,-0.478169421207604,1,1,1,1,1,0,1,1,0,0,0,0,0,0,0,0,0,1,1,0
1967,0.682521853624718,1,0,1,0,1,0,0,1,0,0,0,0,1,0,1,1,0,0,1,1
1968,0.339428075886444,0,0,1,1,1,0,1,1,1,0,0,1,0,0,1,1,0,0,1,0
1969,0.817228979977014,1,1,1,1,1,0,0,1,1,1,0,1,1,1,1,1,0,1,0,1
1970,1.38677492397677,1,1,0,1,0,0,1,1,1,1,0,1,1,1,1,1,0,1,0,0
1971,0.61522468152718,1,1,1,1,1,0,0,1,1,0,0,0,0,0,1,0,0,1,1,1
1972,0.22016524883226,0,1,0,1,1,0,0,1,1,1,0,0,1,0,0,0,0,0,1,1
1973,0.467229804552126,0,1,1,1,0,0,0,1,0,1,0,1,1,1,0,0,1,0,0,0
1974,0.273496710778764,1,1,0,1,0,0,1,1,1,0,0,0,0,0,0,1,0,0,0,0
1975,-0.0919921591350416,0,0,0,1,0,0,0,1,0,0,0,0,0,0,0,0,1,0,0,0
1976,0.981999617169607,1,1,1,1,1,0,0,1,0,1,0,0,0,0,0,1,1,1,1,1
1977,0.901313079278829,1,0,1,1,0,0,1,1,1,0,0,1,0,1,1,1,0,0,0,1
1978,0.211441233288368,0,1,1,1,0,0,1,1,0,1,0,0,1,0,1,0,1,1,0,1
1979,-2.46826771576076,0,0,0,0,0,0,0,0,1,0,0,0,1,0,0,0,1,0,0,0
1980,-1.0657875833689,0,0,0,0,0,0,1,1,1,1,0,0,0,0,0,0,0,1,0,0
1981,0.490403169980622,1,0,0,1,0,0,1,1,1,1,0,0,1,1,1,0,1,1,0,1
1982,-1.04392416876636,0,1,0,0,0,0,0,1,0,1,0,0,1,0,0,0,0,0,0,0
1983,-0.872793787089135,0,0,0,0,1,0,1,1,1,1,0,0,0,0,0,0,0,0,0,1
1984,0.0377528913877051,1,1,1,1,0,0,0,1,0,0,0,0,1,0,0,0,1,1,1,0
1985,0.108632615099849,1,0,0,1,0,0,1,1,0,0,0,0,1,0,0,1,0,0,1,1
1986,-0.650820753904326,1,1,1,1,1,0,0,1,0,0,0,0,0,0,0,0,1,0,1,0
1987,0.916616768603371,1,1,0,1,0,0,0,1,1,0,0,0,1,0,1,1,0,0,0,0
1988,-0.224977918032036,0,0,1,1,0,0,0,1,0,0,0,0,1,0,1,1,1,0,1,0
1989,0.452916231662451,0,1,1,1,0,0,1,1,1,0,0,0,0,1,0,0,1,1,1,0
1990,-0.380189893245153,1,1,1,1,0,0,1,1,0,0,0,0,0,0,1,0,0,0,0,0
1991,0.843953444670943,1,1,1,1,0,0,0,1,1,1,0,1,1,1,0,1,1,0,1,0
1992,0.722825692988015,1,1,0,1,1,0,0,1,0,0,0,1,0,0,1,0,1,1,0,0
1993,0.577401698780059,1,0,1,1,0,0,1,1,1,1,0,1,0,1,0,0,1,1,1,1
1994,-1.35927155426792,1,0,0,0,1,0,0,1,0,0,0,0,1,0,0,0,1,0,1,0
1995,-0.327787845941867,1,1,0,1,1,0,0,1,0,0,0,0,0,1,0,0,1,1,0,1
1996,-0.232918961503411,1,1,0,1,0,0,0,1,0,1,0,0,1,0,1,0,0,0,0,0
1997,-0.241459774182474,0,1,0,0,1,0,0,1,0,0,0,0,0,0,0,0,1,0,0,1
1998,-1.68366744908786,0,0,0,0,1,0,0,0,0,0,0,0,0,0,1,0,0,1,0,0
1999,1.4818632402852,0,0,1,1,1,0,0,1,1,0,0,1,0,1,1,1,0,0,1,0
2000,-0.884473128038341,1,1,1,0,1,0,0,0,1,0,0,0,1,0,0,0,0,1,0,0
2001,-0.0372883032904284,0,1,0,0,0,0,0,1,0,0,0,0,1,0,1,0,1,0,0,1
2002,-1.00604048191752,1,0,0,0,0,0,1,1,1,0,0,0,0,0,0,0,1,0,0,1
2003,-2.04885662002281,0,0,0,0,0,0,0,0,0,0,0,0,0,0,0,0,1,0,0,1
2004,-0.602965743858367,0,0,0,1,0,0,0,0,1,0,0,0,1,0,0,0,0,1,1,0
2005,-1.23305605982267,0,1,0,0,0,0,1,1,1,0,0,0,0,0,1,0,1,1,0,1
2006,0.0662300265628305,0,0,1,1,0,0,1,1,1,0,0,1,1,0,0,0,0,0,0,1
2007,0.640972420013967,0,1,0,1,0,0,1,1,0,1,0,0,0,1,1,1,0,0,1,0
2008,1.19095254955508,1,0,0,1,0,0,1,1,1,1,0,0,0,1,1,1,0,1,0,0
2009,-1.35275734767142,0,1,0,0,1,0,0,0,0,1,0,0,1,0,0,0,0,0,0,1
2010,1.11434780522409,0,1,1,1,1,0,0,1,0,0,0,1,1,1,1,1,0,1,0,0
2011,1.22711521489282,0,0,1,1,0,0,1,1,1,1,0,1,1,1,1,1,1,0,1,1
2012,-0.592459477112997,1,0,0,0,1,0,1,0,1,0,0,0,0,0,0,0,0,0,1,0
2013,0.669370143711369,0,1,1,1,0,0,0,1,1,1,0,1,0,1,1,1,1,1,0,1
2014,-0.603436892416331,1,1,0,0,0,0,1,1,0,1,0,0,0,0,1,0,1,1,0,0
2015,-0.290286142442846,1,1,0,1,0,0,1,1,0,1,0,0,1,0,1,0,1,0,0,1
2016,-0.434700958871306,0,0,1,0,0,0,1,0,0,1,0,0,1,0,1,0,0,0,1,1
2017,-0.863521308237076,1,0,0,1,0,0,0,1,0,1,0,0,1,0,1,0,0,0,1,0
2018,0.722219283133494,1,1,0,1,0,0,0,1,0,0,0,1,1,1,0,0,0,0,1,1
2019,-0.729653148718139,1,1,0,0,0,0,0,1,0,0,0,0,1,0,1,0,1,0,0,1
2020,-2.61717091782945,0,1,0,0,0,0,0,0,1,1,0,0,0,0,0,0,0,0,0,0
2021,-0.364073607121094,0,1,0,0,0,0,0,1,0,0,0,0,0,1,0,0,0,0,1,1
2022,-0.620658798691177,0,1,1,0,0,0,0,0,1,0,0,0,0,0,1,0,0,0,0,0
2023,-1.00789669299189,1,0,0,0,0,0,0,1,0,1,0,0,0,0,0,0,1,0,0,0
2024,-0.0563222596102598,0,0,0,1,1,0,0,1,0,0,0,0,0,0,1,0,0,0,0,0
2025,-2.13496539752965,0,0,0,0,1,0,1,0,0,0,0,0,1,0,1,0,0,0,0,0
2026,0.206626907897453,1,0,0,1,0,0,1,1,1,1,0,0,0,1,0,0,0,1,1,1
2027,-1.45160233489691,1,0,0,0,0,0,0,0,1,0,0,0,0,0,0,0,0,1,1,0
2028,0.124675618677403,0,0,0,1,0,0,0,1,0,0,0,1,1,0,1,0,0,0,0,1
2029,0.32635963892614,1,1,0,1,0,0,1,1,0,1,0,0,0,1,1,1,0,0,1,1
2030,-0.0377922147117966,0,0,1,1,0,0,0,1,1,0,0,1,1,1,0,0,1,1,0,0
2031,2.78767237391599,0,1,0,1,0,1,1,1,1,0,1,1,1,1,0,1,0,1,0,0
2032,0.398177811037386,0,1,1,1,0,0,0,1,1,1,0,0,0,1,1,0,0,0,1,1
2033,0.479019233470378,0,1,1,1,1,0,0,1,1,0,0,0,0,0,0,0,0,0,0,0
2034,-0.640840991999475,1,1,0,0,1,0,1,1,0,0,0,0,0,0,0,0,0,1,0,1
2035,0.0346072062679136,1,0,1,0,0,0,1,1,0,1,0,1,0,0,1,0,1,1,1,1
2036,0.502492086605201,1,1,1,1,0,0,1,1,1,0,0,0,1,1,0,1,0,1,1,1
2037,1.06450338885875,1,0,1,1,1,0,0,1,1,0,0,1,1,1,0,0,1,0,1,1
2038,0.361706394795346,0,0,1,0,0,0,1,1,0,0,0,1,1,1,0,0,0,1,0,0
2039,-1.7495677418003,0,1,1,0,0,0,0,0,0,0,0,0,0,0,1,0,1,1,0,1
2040,1.92996404338103,0,1,1,1,1,1,1,1,0,1,0,1,1,1,0,1,1,1,1,0
2041,-1.54146180874126,0,1,1,0,1,0,0,0,1,0,0,0,0,0,1,0,0,0,0,0
2042,0.869938896038529,0,1,0,1,0,0,1,1,0,1,0,1,1,1,1,1,0,0,0,1
2043,0.969131327391471,0,0,0,1,1,0,1,1,0,0,0,1,0,1,1,1,1,0,1,1
2044,-0.246188207327118,0,0,1,1,1,0,0,1,1,1,0,0,0,0,1,0,1,0,1,0
2045,-0.853271601765527,1,0,0,0,0,0,0,0,0,0,0,0,0,0,0,0,1,1,0,0
2046,0.0694725378242736,0,0,0,1,0,0,0,1,1,0,0,0,0,0,0,0,1,0,0,0
2047,0.807430295354528,1,0,0,1,1,0,1,1,0,1,0,1,0,1,1,1,1,1,0,1
2048,-2.22117012083604,0,1,1,0,0,0,1,0,0,1,0,0,1,0,1,0,1,1,0,0
2049,0.496154749113336,1,0,0,1,1,0,0,1,0,1,0,1,0,1,0,1,0,0,0,0
2050,-0.437829370576821,0,0,0,1,1,0,1,1,0,0,0,0,0,0,0,0,0,0,1,0
2051,-1.54193736681352,0,0,1,0,0,0,0,0,1,0,0,0,0,0,1,0,1,1,0,1
2052,0.232458867021623,0,1,1,1,1,0,1,1,0,0,0,1,0,0,1,0,0,1,0,1
2053,0.177525375340075,1,0,0,0,1,0,0,1,1,0,0,0,1,0,1,0,1,1,0,1
2054,1.18804717696968,0,1,1,1,0,0,1,1,1,1,0,1,0,1,0,1,0,0,0,1
2055,-0.33670889425993,0,1,1,0,1,0,1,1,0,0,0,0,1,0,1,0,0,1,1,0
2056,1.00640489495207,0,0,1,1,1,0,1,1,0,0,0,0,0,1,1,0,1,1,0,0
2057,0.998922620683383,0,1,0,1,1,0,1,1,1,0,0,1,0,1,0,1,1,0,1,1
2058,-0.463593316427432,1,0,0,0,0,0,1,1,1,0,0,0,1,0,1,0,0,0,1,1
2059,-0.235446522303025,1,1,0,1,1,0,1,1,0,1,0,0,1,0,1,0,0,1,1,1
2060,-0.333684203155986,0,0,0,1,0,0,1,1,0,1,0,0,1,0,0,0,0,0,0,0
2061,0.773892607757111,0,1,1,1,1,0,0,1,1,0,0,1,1,0,1,1,0,1,0,1
2062,-0.586405224861296,0,0,1,1,1,0,1,1,0,0,0,0,0,0,0,0,1,1,0,1
2063,0.331311975513544,0,0,0,1,0,0,1,1,1,0,0,0,1,0,0,1,1,1,1,1
2064,1.15345092977921,1,1,0,1,0,0,1,1,1,0,0,1,0,1,1,1,1,0,0,1
2065,-0.0346468286820573,0,1,0,0,0,0,0,1,0,1,0,0,0,0,1,1,1,1,0,1
2066,-0.801586504811077,1,1,0,0,1,0,1,1,0,1,0,0,0,0,1,0,1,1,0,1
2067,1.44305232283445,0,1,1,1,1,0,1,1,0,0,0,1,1,1,1,1,0,1,0,0
2068,0.287382889889062,1,0,0,1,1,0,1,1,1,1,0,0,1,0,0,0,1,1,0,0
2069,0.650194299430434,0,1,1,1,0,0,0,1,0,0,1,1,0,1,1,1,0,0,0,1
2070,1.34585557463101,1,0,0,1,0,0,0,1,1,1,0,1,1,1,1,1,1,1,0,1
2071,-0.978168968750915,1,0,0,0,0,0,0,1,0,1,0,0,1,0,1,0,1,0,0,1
2072,1.85279148211146,1,1,0,1,0,0,1,1,1,0,0,1,1,1,1,1,1,1,0,1
2073,2.13373191304358,1,1,0,1,0,0,1,1,1,1,0,1,1,1,1,1,1,1,1,0
2074,-0.0377948953974854,1,0,0,1,0,0,1,1,1,0,0,0,1,0,0,1,1,0,0,1
2075,2.0056973003617,1,1,1,1,0,1,1,1,1,1,1,1,0,1,0,1,1,0,1,1
2076,-1.61152571903696,1,0,0,0,0,0,0,0,0,0,0,0,0,0,0,0,0,0,0,0
2077,0.745925275263768,1,0,1,1,1,0,1,1,1,0,0,0,0,1,0,0,1,1,0,0
2078,-1.02185545152493,0,0,1,0,0,0,0,0,0,0,0,0,0,0,0,0,1,1,1,1
2079,1.05777665045682,0,0,0,1,1,0,1,1,1,1,0,1,1,0,0,1,1,0,1,1
2080,-1.56396782280753,0,0,1,0,0,0,0,0,0,0,0,1,0,0,0,0,0,0,0,0
2081,1.77870401205496,0,1,0,1,1,0,1,1,0,1,0,1,1,1,1,1,1,0,1,1
2082,1.27436134819564,0,0,0,1,1,0,1,1,1,1,0,1,1,1,1,1,0,1,1,1
2083,-0.387016488616548,1,0,1,1,0,0,1,1,0,1,0,0,1,0,1,0,1,1,0,1
2084,-0.214474573541934,1,0,0,1,0,0,1,1,0,0,0,1,1,1,1,0,0,0,1,1
2085,1.28998825866651,1,1,1,1,0,0,1,1,0,0,0,1,1,1,0,0,1,1,0,1
2086,-0.549401554684432,0,0,0,0,0,0,0,1,0,0,0,0,0,0,1,0,0,0,0,1
2087,-1.27081025544784,0,0,1,0,0,0,1,1,0,0,0,0,0,0,1,0,0,1,0,0
2088,1.2594264704028,0,0,0,1,0,0,0,1,0,1,0,1,1,1,1,1,0,1,0,1
2089,-0.952747856616369,1,0,0,0,0,0,0,1,0,0,0,0,0,0,0,0,0,1,0,0
2090,1.20440745540176,1,1,1,1,0,0,0,1,0,0,0,1,1,1,0,1,0,0,0,1
2091,0.414380318282108,1,0,0,0,0,0,1,1,1,0,0,0,1,0,1,1,1,0,0,1
2092,2.00724397193482,1,1,0,1,0,0,1,1,1,0,0,1,0,1,1,1,1,1,1,1
2093,-0.452521922827239,1,1,1,1,0,0,0,1,1,0,0,0,0,1,1,0,0,0,1,1
2094,-0.537803710477558,0,1,0,1,0,0,1,1,0,0,0,0,1,0,0,0,0,1,1,0
2095,-0.8168807413566,0,1,0,0,0,0,0,1,0,0,0,0,0,0,0,0,0,1,0,0
2096,0.505325680190453,1,0,1,1,0,0,0,1,1,0,0,1,0,0,1,0,1,0,0,0
2097,-0.543887672248801,0,0,1,0,1,0,1,1,1,1,0,0,1,0,0,0,1,0,1,0
2098,-0.11044652134013,0,0,0,0,0,0,1,1,1,0,0,0,1,0,0,0,0,1,1,0
2099,-0.983169476529203,0,0,1,1,0,0,0,1,1,0,0,0,0,0,0,0,1,0,0,1
2100,-0.326163758936131,1,0,1,1,0,0,0,1,1,1,0,0,1,0,1,0,0,1,0,0
2101,-0.69991599544489,0,1,0,1,1,0,1,1,0,0,0,0,0,0,1,0,0,0,1,0
2102,-1.60090585980223,0,1,0,0,1,0,1,0,1,0,0,0,1,0,0,0,1,1,0,0
2103,0.397590339407879,0,1,1,1,0,0,1,1,1,0,0,0,1,0,1,0,1,0,1,1
2104,-0.190021487253755,1,1,0,1,1,0,0,1,1,1,0,0,0,0,1,0,1,0,0,0
2105,1.47074845970659,1,1,1,1,1,0,1,1,0,1,1,1,1,1,0,1,1,1,1,1
2106,-1.7265141993276,0,1,1,0,0,0,0,0,1,1,0,0,0,0,1,0,0,0,1,0
2107,-1.95035185801979,0,0,0,0,1,0,0,0,0,0,0,0,1,0,0,0,1,1,1,1
2108,-0.0947501326683126,1,0,0,1,0,0,0,1,1,0,0,0,1,0,1,0,1,0,1,0
2109,-0.443556824062677,1,0,0,0,1,0,1,1,1,1,0,0,1,1,0,0,0,0,0,1
2110,1.46508736784834,0,1,0,1,0,0,1,1,1,0,0,1,1,1,0,1,0,1,1,1
2111,0.943007529344386,0,1,0,1,0,0,1,1,1,1,0,0,0,0,1,1,0,0,1,0
2112,1.98582473038174,1,1,0,1,0,0,1,1,1,1,0,1,0,1,1,1,0,1,1,0
2113,-0.447719723888638,0,1,0,0,1,0,1,1,0,0,0,0,1,0,1,0,1,0,0,0
2114,-0.143319203000261,0,1,0,1,0,0,0,1,0,1,0,0,1,0,1,0,1,1,0,0
2115,0.789487207888039,1,0,0,1,1,0,1,1,0,1,0,1,1,1,0,0,0,0,1,1
2116,-0.392942032676734,0,1,0,1,1,0,0,1,1,0,0,0,1,0,1,0,0,0,1,1
2117,0.859610328655854,1,1,1,1,0,0,0,1,1,1,0,1,0,1,1,0,0,0,1,1
2118,-1.09327544823334,0,1,0,1,1,0,0,1,1,0,0,0,0,0,1,0,1,0,1,0
2119,1.13288990522366,0,0,0,1,1,0,1,1,0,0,0,1,1,1,0,1,1,1,1,1
2120,0.665472697064839,0,1,0,1,0,0,0,1,1,0,0,0,1,0,1,1,0,0,1,0
2121,1.00712154699814,1,1,1,1,1,0,1,1,1,0,0,0,1,1,0,1,1,0,1,0
2122,0.244753089751777,1,0,0,1,0,0,1,1,0,1,0,0,0,1,1,0,1,0,0,1
2123,0.833040903728856,0,1,0,1,0,0,0,1,1,0,0,1,0,1,1,1,0,0,1,0
2124,-1.18328085778582,1,0,1,1,1,0,0,0,0,0,0,0,1,0,0,0,1,0,1,0
2125,-0.527839426831706,0,1,0,1,0,0,0,1,1,0,0,0,1,0,0,1,1,0,0,1
2126,-1.49073720831714,1,1,1,1,1,0,0,1,0,0,0,0,0,0,1,0,1,0,1,1
2127,1.65134772358904,1,0,1,1,1,1,1,1,0,1,0,1,1,1,1,1,1,1,1,0
2128,-2.03049529507682,0,0,0,0,0,0,0,0,0,1,0,0,1,0,1,0,1,0,0,0
2129,-0.64586321207452,1,0,0,1,1,0,1,1,0,0,0,0,0,0,0,1,1,1,1,0
2130,0.407221254212219,0,0,0,1,0,0,0,1,1,1,0,1,1,1,1,0,0,1,1,1
2131,-1.47146314593475,1,1,0,0,1,0,0,0,1,0,0,0,1,0,0,0,1,0,0,0
2132,1.43724618660782,1,0,0,1,1,0,1,1,0,0,0,1,0,1,1,1,1,1,0,0
2133,-2.19597770582098,0,1,0,0,1,0,0,0,1,1,0,0,0,0,0,0,0,1,0,0
2134,-0.306486921175809,1,0,1,1,1,0,1,1,1,1,0,0,0,0,0,0,1,1,1,1
2135,0.0673519304661802,1,0,0,1,0,0,0,1,0,1,0,0,0,0,1,0,1,1,0,0
2136,-1.53813664294112,0,0,0,0,0,0,0,1,1,0,0,0,0,0,1,0,0,1,0,0
2137,0.361554298760025,1,0,0,1,0,0,0,1,0,1,0,0,1,1,0,0,0,0,1,0
2138,-0.387136030440031,1,0,1,0,1,0,1,0,0,0,0,0,0,0,1,0,0,0,1,1
2139,-1.29723375986913,1,0,0,0,1,0,0,1,0,0,0,0,0,0,0,0,1,0,0,1
2140,0.611720022194864,0,0,1,1,1,0,0,1,1,1,0,0,1,1,1,0,1,0,1,0
2141,-0.958249764734859,1,0,0,0,1,0,0,0,0,0,0,0,1,0,0,0,1,0,1,1
2142,1.14701376591472,1,1,1,1,1,0,0,1,0,0,0,0,1,1,0,0,1,1,1,0
2143,-1.27427821422205,1,0,1,0,0,0,1,1,1,1,0,0,0,0,1,0,1,0,0,1
2144,0.249240220720878,0,0,0,1,1,0,0,1,1,1,0,0,1,1,1,0,0,0,1,1
2145,0.654258195158118,1,1,0,1,1,0,0,1,1,1,0,1,0,0,0,0,1,0,0,0
2146,-0.116267078392195,0,1,1,1,0,0,1,1,0,1,0,0,0,1,0,0,1,0,1,0
2147,0.750706222314583,0,1,1,1,1,0,0,1,0,0,0,0,0,1,1,1,0,1,1,0
2148,0.547284690252148,1,0,0,1,1,0,1,1,1,0,0,0,1,0,1,0,1,1,0,1
2149,0.877817557968024,0,0,0,1,1,0,0,1,0,1,0,1,0,1,1,0,1,1,1,1
2150,0.571454301641733,0,0,1,1,1,0,0,1,0,1,0,1,0,0,1,1,0,1,0,0
2151,1.47159497786147,1,1,1,1,0,0,0,1,1,0,0,1,1,1,0,1,1,1,0,1
2152,-1.11906705471092,1,0,0,0,0,0,0,1,0,0,0,0,0,0,0,0,1,0,0,1
2153,2.19366978999836,1,1,1,1,0,1,1,1,1,1,0,1,1,1,1,1,1,1,0,1
2154,1.42801169592434,0,0,0,1,1,0,1,1,0,0,0,1,1,1,1,1,0,0,0,1
2155,-0.929069657040409,1,1,0,0,0,0,0,0,0,1,0,0,1,0,1,0,0,0,0,1
2156,-1.5750560596799,1,0,0,0,0,0,0,1,1,0,0,0,1,0,0,0,1,0,0,0
2157,-0.803332098402153,0,0,0,0,0,0,0,1,1,0,0,0,1,0,1,0,1,1,0,1
2158,-0.928245349522984,0,1,1,0,1,0,1,0,1,0,0,0,1,0,1,0,1,1,0,1
2159,0.854802490100469,1,0,0,1,0,0,0,1,1,1,0,1,1,1,0,0,1,1,0,0
2160,0.835981190488263,1,0,0,1,0,0,0,1,1,1,0,1,1,1,0,1,1,1,1,1
2161,-0.983750401645792,1,1,1,0,1,0,0,1,0,1,0,0,0,0,0,0,0,0,0,1
2162,-0.361599125228426,0,0,0,0,0,0,0,1,1,0,0,0,1,0,0,0,0,1,1,1
2163,-1.16794750822918,0,0,0,0,1,0,0,0,1,0,0,0,0,0,0,0,1,1,0,0
2164,0.751181477805518,0,0,0,1,1,0,1,1,1,1,0,0,0,1,1,1,1,0,0,0
2165,0.247266888539507,0,0,1,1,0,0,0,1,0,1,0,1,0,1,0,0,1,0,0,0
2166,-0.976035450882617,1,0,0,0,0,0,1,1,1,0,0,0,0,0,1,0,0,0,0,0
2167,-1.16909669362545,0,1,0,1,0,0,1,1,1,1,0,0,0,0,1,0,0,0,0,0
2168,0.628547822410703,0,1,1,1,1,0,1,1,0,1,0,1,1,0,1,0,1,0,1,1
2169,1.39918982242592,0,1,0,1,0,0,1,1,1,0,0,1,0,1,0,0,1,0,0,0
2170,0.517644550634082,0,0,0,1,1,0,0,1,1,0,0,0,1,0,0,1,1,0,0,1
2171,0.924135238365653,0,1,1,1,1,0,1,1,1,1,0,1,1,1,0,1,0,0,0,0
2172,-1.31243868064575,0,1,1,0,0,0,0,0,0,0,0,0,0,0,1,0,0,0,1,1
2173,1.10793498620289,0,0,0,1,1,0,1,1,0,1,0,1,1,1,1,1,0,0,0,1
2174,1.3332691178428,0,0,0,1,1,0,0,1,0,0,0,1,0,1,1,1,1,0,1,1
2175,0.57159669616706,0,0,1,1,1,0,1,1,0,0,0,1,1,0,0,1,1,0,0,0
2176,-0.263300680316079,0,1,1,1,0,0,0,0,1,0,0,0,0,0,0,0,0,0,0,0
2177,-1.14791326039869,1,0,0,0,0,0,1,0,0,0,0,0,1,0,1,0,0,1,1,0
2178,1.57140961718906,0,0,0,1,1,0,0,1,1,1,0,1,0,1,0,1,0,0,1,1
2179,0.13761770556013,1,1,0,0,0,0,0,1,1,0,0,0,1,0,1,0,0,0,0,0
2180,-0.10381459490332,1,1,0,1,0,0,1,1,1,1,0,0,1,0,0,0,1,0,0,1
2181,-1.06032637385849,1,0,1,0,1,0,0,0,0,0,0,0,0,0,0,0,0,0,1,1
2182,-0.254568450924326,0,1,0,1,1,0,0,1,0,0,0,0,1,0,1,0,0,0,0,0
2183,0.127625541443462,0,0,0,1,0,0,0,1,1,1,0,0,1,0,0,0,1,0,1,0
2184,2.52318438496575,1,1,0,1,0,0,0,1,1,1,0,1,1,1,1,1,0,0,1,1
2185,1.92119336507934,1,1,1,1,0,0,1,1,0,1,0,1,1,1,1,1,0,1,1,0
2186,0.434635921873957,0,0,1,1,1,0,1,1,0,1,0,1,0,1,1,1,1,0,1,1
2187,-0.362211673724401,0,0,1,1,0,0,1,1,0,0,0,0,1,0,1,0,1,1,0,1
2188,1.96363305422987,0,0,1,1,1,0,1,1,1,1,0,1,1,1,1,1,1,1,0,1
2189,0.00616623585069404,0,1,0,1,0,0,1,1,0,0,0,0,0,0,0,0,0,1,0,1
2190,0.466904884866816,1,1,0,1,0,0,0,1,0,1,0,0,1,0,1,0,1,1,0,1
2191,-2.19825783536279,0,1,0,0,0,0,0,0,1,0,0,0,1,0,1,0,0,1,0,1
2192,0.496154749113336,0,0,1,1,1,0,0,1,0,0,0,0,1,1,1,1,0,1,1,1
2193,-0.0191016646127297,0,1,1,1,0,0,0,1,1,0,0,0,1,0,1,0,0,0,1,1
2194,0.339696293488254,0,0,0,1,1,0,1,1,0,1,0,0,1,0,1,0,1,0,1,1
2195,0.204254832317985,0,0,0,1,1,0,0,1,1,0,0,0,1,0,0,1,0,1,0,1
2196,-0.0847218197466518,1,0,1,1,0,0,1,1,0,0,0,0,1,0,1,0,0,0,1,1
2197,-0.810377565018523,1,1,1,1,1,0,1,0,0,0,0,0,0,0,0,0,0,1,0,0
2198,0.377300289408972,0,0,1,1,0,0,1,1,0,1,0,0,0,0,1,1,0,0,0,0
2199,1.05777665045682,0,0,1,1,1,0,1,1,0,1,0,1,0,1,0,1,1,1,1,0
2200,0.180017170741334,1,0,1,1,1,0,0,1,0,0,0,0,0,0,1,0,1,0,1,0
2201,0.571496732204814,1,1,0,1,1,0,1,1,0,0,0,1,1,0,1,1,1,1,0,0
2202,0.785811070587262,1,0,1,1,1,0,0,1,0,0,0,1,1,0,1,1,1,1,0,1
2203,-1.84212276959198,1,0,0,0,1,0,1,0,0,0,0,0,0,0,0,0,0,1,1,0
2204,1.5744080322274,0,0,1,1,1,0,0,1,1,0,0,1,1,1,1,1,1,1,0,0
2205,0.719402412778419,1,0,1,1,1,0,0,1,0,0,0,0,1,1,1,1,1,0,1,1
2206,-0.764735160150566,1,1,0,1,1,0,0,1,0,0,0,0,0,0,1,0,0,0,0,1
2207,-1.34036215751282,0,1,0,0,1,0,1,0,0,0,0,0,1,0,1,0,0,0,0,0
2208,1.54819224211677,1,1,0,1,1,0,1,1,1,0,0,1,0,1,1,1,1,1,0,1
2209,-0.565681158273891,0,0,1,0,0,0,1,1,0,0,0,0,1,0,1,0,1,0,0,1
2210,0.779288397491074,0,1,0,1,0,0,1,1,0,0,0,1,0,1,0,0,1,0,0,0
2211,1.1427590073684,1,0,0,1,1,0,0,1,0,0,0,1,1,1,0,1,0,1,0,1
2212,-0.164127676280962,1,1,1,1,1,0,0,1,0,0,0,0,1,0,0,0,0,1,1,1
2213,-0.055679079034705,1,1,0,1,0,0,0,1,0,0,0,0,0,0,1,0,1,0,0,1
2214,0.602874969838878,1,0,1,1,1,0,1,1,0,0,0,1,1,0,0,0,1,1,0,0
2215,-0.843131222218397,0,1,0,0,1,0,1,1,0,0,0,0,0,0,1,0,1,0,0,0
2216,-0.612454618572735,0,0,1,0,1,0,1,1,1,1,0,0,0,0,0,0,1,0,0,0
2217,0.291748696659881,0,0,1,1,0,0,0,1,0,1,0,0,0,0,1,0,1,1,0,1
2218,-0.0138178734893454,1,0,1,1,0,0,0,1,0,0,0,0,1,0,0,1,1,1,1,1
2219,-0.323522127121036,1,0,0,1,1,0,1,1,1,1,0,0,1,0,1,0,1,0,0,1
2220,-0.011566678472169,1,0,0,1,1,0,1,1,1,1,0,0,0,0,1,0,0,1,0,0
2221,0.216461543701695,0,0,1,1,1,0,1,1,1,0,0,0,0,0,0,0,0,1,0,1
2222,0.37029405668007,0,1,0,1,0,0,0,1,1,1,0,0,1,0,1,0,1,1,1,0
2223,0.223254782660387,0,1,0,1,0,0,1,1,0,1,0,0,1,0,0,0,0,0,0,0
2224,1.89021543413317,1,1,0,1,1,1,1,1,1,0,0,1,1,1,0,1,1,0,1,1
2225,0.136735116916255,0,1,1,1,1,0,1,1,0,0,0,1,1,0,0,0,1,1,0,1
2226,0.666393145925821,1,1,0,1,1,0,1,1,1,0,0,0,0,0,0,1,0,1,0,1
2227,0.791403619073253,0,0,0,1,1,0,1,1,1,1,0,1,1,1,0,1,1,0,0,0
2228,-0.608342021428797,1,0,1,0,1,0,1,1,1,1,0,0,1,0,1,0,0,1,0,1
2229,-0.350813426236415,0,1,0,0,1,0,0,1,0,0,0,0,1,1,1,0,1,1,0,0
2230,-0.380048086164861,1,1,1,1,1,0,0,1,1,1,0,0,1,0,0,1,1,0,0,0
2231,-1.76724373096132,1,1,0,0,0,0,0,0,1,1,0,0,1,0,1,0,0,0,0,0
2232,-2.54532971182362,0,1,0,0,0,0,0,0,0,0,0,0,0,0,0,0,1,0,1,1
2233,0.308381462604907,1,1,1,1,1,0,0,1,1,0,0,0,0,0,1,1,1,1,1,0
2234,-0.74314057193667,0,1,0,0,0,0,1,1,0,0,0,0,0,0,0,0,1,1,0,1
2235,1.16926654629442,0,0,0,1,1,0,1,1,1,0,0,1,1,1,1,1,0,0,0,1
2236,0.392549767860467,0,1,1,1,0,0,1,1,1,1,0,0,1,1,0,1,0,0,0,0
2237,-0.538143191661253,1,0,0,1,0,0,0,1,0,1,0,0,1,0,1,0,0,1,0,0
2238,0.122262919555336,0,1,0,1,0,0,0,1,0,1,0,0,0,1,1,0,0,0,1,0
2239,0.614785671099202,1,1,0,1,0,0,1,1,1,0,0,0,0,0,1,1,1,1,1,0
2240,0.839727890963755,0,1,1,1,1,0,0,1,1,0,0,0,1,1,1,1,1,0,1,0
2241,0.633849460466316,1,0,0,1,1,0,0,1,0,1,0,1,1,1,0,1,0,0,0,1
2242,-1.41329206284311,1,0,1,0,1,0,1,1,1,0,0,0,0,0,0,0,0,0,0,1
2243,1.06095951823213,1,1,1,1,1,0,1,1,1,0,0,1,0,1,1,1,0,0,0,0
2244,0.522681481310286,0,1,1,1,1,0,1,1,1,0,0,0,1,1,1,0,1,1,0,0
2245,-0.577351881267028,0,1,1,1,0,0,0,1,0,1,0,0,1,0,1,0,1,1,0,0
2246,0.493771106544657,0,0,0,1,1,0,1,1,0,0,0,0,1,1,0,0,1,1,1,1
2247,0.663272215501453,0,1,1,1,1,0,1,1,1,0,0,0,1,1,1,1,1,0,1,0
2248,-0.754343511953496,1,0,0,0,0,0,1,1,0,1,0,0,0,0,0,0,0,1,1,0
2249,1.32976013629467,0,1,1,1,0,0,0,1,0,1,0,1,0,1,1,0,0,0,1,1
2250,-1.6502258482222,0,0,0,0,1,0,1,0,0,1,0,0,1,0,1,0,0,1,0,0
2251,0.556590328435012,0,1,1,1,0,0,1,1,0,0,0,1,1,1,1,0,1,1,0,0
2252,-0.0970764164194076,1,0,0,1,1,0,1,1,1,1,0,0,1,0,1,0,0,0,0,1
2253,0.525923133264682,0,1,1,1,0,0,0,1,0,1,0,0,0,0,0,1,1,0,1,0
2254,1.549262881867,1,1,0,1,1,0,1,1,1,1,0,1,1,1,1,1,0,0,0,0
2255,0.18965027868028,0,1,1,1,1,0,1,1,1,1,0,0,1,0,1,0,1,0,1,0
2256,-0.472954644662293,1,1,1,0,0,0,0,0,1,0,0,0,1,0,1,1,0,0,0,1
2257,0.220564932973663,0,1,1,1,0,0,1,1,1,1,0,0,1,0,0,1,1,0,0,0
2258,-0.504855757200411,0,0,0,1,0,0,0,1,1,1,0,0,1,0,1,0,0,1,0,1
2259,0.335782954586997,0,0,1,1,1,0,0,1,0,0,0,0,0,1,1,0,1,0,1,1
2260,0.617762123838073,0,0,1,1,0,0,0,1,1,0,0,1,1,1,0,1,0,1,0,1
2261,1.14181618913427,0,0,1,1,0,0,1,1,0,0,0,0,1,1,0,0,1,0,1,1
2262,1.9527690544523,1,1,1,1,0,0,1,1,1,0,0,1,1,0,0,1,1,0,1,1
2263,-0.309308492428212,0,0,0,0,1,0,1,1,0,0,0,0,1,0,0,0,0,1,0,1
2264,1.04135001318943,0,1,0,1,1,0,1,1,1,0,1,1,0,1,1,0,1,1,1,1
2265,0.711848680523118,0,1,0,1,1,0,1,1,0,0,0,0,0,1,1,1,0,1,1,1
2266,-0.646520548713407,0,0,0,1,0,0,0,0,0,1,0,0,1,0,1,0,0,0,1,1
2267,0.647022992393415,0,0,0,1,0,0,1,1,1,1,0,1,1,0,1,1,0,1,0,1
2268,0.956956669480298,1,1,1,1,1,0,0,1,1,1,0,0,1,1,1,1,0,0,1,1
2269,-1.64072060054585,0,1,0,0,0,0,0,0,0,1,0,0,0,0,1,0,0,1,0,0
2270,-1.09061587067795,1,1,0,0,1,0,1,1,0,0,0,0,1,0,1,0,0,1,1,1
2271,-1.3579236586465,1,1,0,0,0,0,0,1,0,1,0,0,0,0,0,0,1,0,0,0
2272,-1.09786185015153,0,0,1,0,1,0,0,0,0,1,0,0,0,0,0,0,1,1,1,0
2273,-1.49688442700113,0,1,0,0,0,0,0,0,0,0,0,0,0,0,1,0,0,0,1,0
2274,-0.916741546282457,0,0,0,0,1,0,1,1,1,1,0,0,0,0,1,0,0,1,1,1
2275,1.08043429783543,0,1,0,1,1,0,0,1,0,0,0,0,1,1,0,0,0,1,0,1
2276,1.27219583485956,1,0,0,1,1,0,0,1,1,0,0,1,0,1,1,1,1,1,1,1
2277,1.24416316618865,0,0,0,1,1,0,0,1,1,0,0,1,0,1,1,1,1,0,1,1
2278,-0.742247070122745,1,1,1,0,0,0,0,1,0,1,0,0,1,0,1,0,1,0,0,1
2279,0.621010773066699,1,1,0,1,1,0,0,1,1,0,0,1,0,1,1,0,1,0,0,1
2280,0.874459953774531,1,0,0,1,0,0,1,1,0,0,0,1,1,0,1,1,1,0,1,1
2281,1.99195185065915,0,0,1,1,0,0,1,1,0,0,1,1,0,1,0,1,1,0,1,1
2282,-0.235221606791921,1,0,0,1,0,0,0,1,1,1,0,0,1,0,1,0,1,1,0,1
2283,-0.779179993413388,0,0,0,0,0,0,0,0,0,1,0,0,0,0,0,0,0,0,0,0
2284,-0.232715555315288,0,1,0,1,0,0,1,1,0,0,0,0,1,0,0,0,1,0,1,1
2285,0.91496971020588,0,0,0,1,0,0,1,1,1,1,0,1,1,1,1,1,1,0,1,0
2286,0.11386891423902,1,0,1,1,0,0,1,1,1,1,0,0,1,0,1,1,0,0,0,1
2287,-0.328875694048164,1,1,0,1,0,0,0,1,1,0,0,0,1,0,0,0,1,0,1,1
2288,-2.04585047803293,1,0,0,0,0,0,0,0,0,0,0,0,0,0,0,0,0,0,0,0
2289,-0.580750899568009,1,0,1,0,1,0,0,0,1,1,0,0,1,0,0,0,0,0,0,1
2290,0.14038345541856,1,1,0,1,0,0,1,1,0,0,0,0,0,1,1,0,1,0,1,0
2291,0.131775608385197,0,1,1,1,0,0,0,1,0,1,0,0,0,1,0,0,1,1,1,0
2292,0.739062946604132,0,1,0,1,0,0,1,1,1,0,0,1,0,0,1,1,1,1,1,1
2293,-0.00468046719350708,0,1,0,0,1,0,1,1,1,0,0,0,1,0,0,1,0,0,0,0
2294,0.0406615907208963,0,1,0,1,1,0,0,1,0,0,0,0,0,1,1,0,1,0,1,1
2295,-0.0207109375155224,1,0,1,1,0,0,0,1,0,0,0,0,1,0,1,1,1,0,0,1
2296,2.20520460065727,1,1,0,1,1,0,1,1,0,0,0,1,1,1,1,1,0,0,1,1
2297,-0.537993619650022,0,1,0,0,1,0,0,1,0,1,0,0,0,0,1,0,0,1,1,0
2298,0.36243336881497,0,0,1,1,0,0,1,1,0,1,0,0,1,1,1,1,0,1,1,1
2299,0.534945118043089,1,1,0,1,1,0,0,1,0,1,0,0,1,0,1,1,1,0,0,0
2300,-0.0511309336120925,1,0,1,1,1,0,1,1,0,1,0,0,1,1,0,0,1,0,0,1
2301,-0.275539914300911,0,0,1,1,0,0,1,1,0,1,0,0,1,0,1,0,0,1,1,0
2302,-0.621619440553601,0,1,1,1,0,0,0,1,0,0,0,0,0,0,1,0,0,1,0,1
2303,-0.11321289621488,0,0,0,1,0,0,0,1,1,0,0,0,0,0,0,0,0,0,1,0
2304,1.29150924082585,0,1,1,1,0,0,1,1,0,1,0,1,0,1,1,1,1,1,1,1
2305,-0.624268317894055,0,1,1,0,0,0,0,1,0,1,0,0,0,0,1,0,1,1,0,0
2306,-0.531806806894454,1,0,0,1,0,0,0,1,1,1,0,0,0,0,1,0,1,0,0,0
2307,-0.568349631366786,0,0,1,1,0,0,1,1,0,1,0,0,1,0,0,0,1,0,0,1
2308,-0.646088955770225,1,1,0,0,1,0,1,1,0,1,0,0,0,0,1,0,0,1,0,1
2309,-1.87167124068606,0,0,0,0,0,0,1,0,0,1,0,0,0,0,0,0,0,0,0,0
2310,-0.0799389333105936,1,0,1,0,1,0,0,1,0,0,0,1,1,1,1,1,0,1,1,0
2311,-0.365075062296735,1,0,1,1,1,0,1,1,0,0,0,0,1,0,1,0,0,0,0,1
2312,-0.0972221700640558,0,0,1,0,1,0,0,1,0,1,0,0,0,0,1,0,0,1,0,0
2313,-0.808185979181548,1,1,1,0,0,0,0,1,0,0,0,0,1,0,0,0,0,1,1,0
2314,1.1736529508295,0,0,0,1,1,0,0,1,0,0,0,1,0,1,1,1,1,0,0,1
2315,0.933129249739457,0,0,1,1,1,0,0,1,1,1,0,1,1,0,0,0,0,1,1,1
2316,-0.281959495370501,1,1,0,0,1,0,0,1,1,0,0,0,0,0,0,0,0,1,1,1
2317,0.810437392144971,1,1,0,1,0,0,0,1,1,0,0,1,0,0,1,1,1,1,0,0
2318,0.634719436603914,1,0,0,1,0,0,1,1,0,0,0,1,1,0,0,0,0,1,0,0
2319,-0.593625391190119,0,1,0,1,1,0,0,1,0,0,0,0,1,0,0,0,1,0,1,0
2320,-0.400214160742748,0,0,1,1,0,0,0,0,1,1,0,0,1,0,1,0,0,0,0,1
2321,1.28500617309186,0,1,0,1,0,0,1,1,0,1,0,1,1,1,0,1,1,1,0,0
2322,0.184730106065364,1,0,0,1,1,0,0,1,1,0,0,1,0,0,1,0,1,1,0,1
2323,0.325293446832661,1,1,0,1,1,0,0,1,1,0,0,1,1,0,1,0,1,0,0,1
2324,-0.807975921178619,0,0,0,0,0,0,0,0,0,1,0,0,1,0,1,0,0,0,1,0
2325,-0.779450235412493,0,1,1,1,0,0,1,0,1,1,0,0,1,0,0,0,0,0,0,0
2326,0.0201350704567288,0,1,1,1,1,0,0,1,1,0,0,0,0,1,1,0,0,1,1,1
2327,-1.98725476143259,0,1,0,0,1,0,0,0,1,0,0,0,1,0,0,0,0,1,1,1
2328,0.749736432024851,0,1,0,1,0,0,1,1,1,1,0,1,1,1,1,0,1,0,1,1
2329,0.0661939782092145,0,0,1,1,0,0,0,1,1,0,0,0,1,1,1,0,1,0,0,0
2330,-0.372025845317899,0,1,1,0,0,0,1,1,1,0,0,0,0,1,1,0,0,1,1,0
2331,1.30072210759026,0,0,1,1,0,0,0,1,1,1,0,1,0,1,1,1,1,0,1,0
2332,0.590414902220755,0,1,1,1,1,0,0,1,1,0,0,0,1,0,0,0,1,0,1,1
2333,1.02527795704881,1,1,1,1,1,0,0,1,0,1,0,1,0,0,0,1,1,1,1,0
2334,0.0193485994043745,0,0,1,1,0,0,0,0,0,0,0,0,0,0,1,0,1,1,1,1
2335,2.37011338296852,1,1,1,1,1,0,1,1,1,0,0,1,1,1,1,1,1,1,1,1
2336,0.908496439191652,1,1,1,1,1,0,1,1,1,1,0,0,0,1,1,0,1,1,0,1
2337,-0.576486096738251,0,0,1,1,0,0,0,1,0,1,0,0,0,0,1,0,1,1,0,0
2338,-0.0615571538883511,0,0,1,0,0,0,1,1,0,1,0,0,1,0,0,0,0,0,0,0
2339,-0.148165159529749,0,0,1,1,1,0,1,1,0,0,0,1,1,1,0,0,0,1,0,1
2340,1.11424364512516,1,1,1,1,0,0,1,1,1,1,0,0,0,1,1,0,1,0,0,1
2341,0.380316399655106,0,0,0,1,1,0,1,1,0,1,0,0,1,0,1,0,1,0,0,0
2342,-0.685690678334364,0,1,0,1,0,0,1,1,0,1,0,0,0,0,0,0,1,0,1,1
2343,0.999697451108366,0,1,0,1,1,0,1,1,0,0,0,0,1,1,0,1,1,1,1,1
2344,0.807083374457045,1,1,1,0,0,0,0,1,0,0,0,0,1,1,0,1,0,1,1,0
2345,-0.727592504255099,0,0,0,1,0,0,0,0,1,0,0,0,1,0,0,0,1,1,1,1
2346,0.342311768711581,0,0,0,1,0,0,1,1,0,0,0,0,1,1,1,0,0,1,1,0
2347,1.89049711930699,1,1,1,1,1,0,0,1,1,1,0,1,1,1,0,1,1,1,1,0
2348,1.90428381622888,0,0,1,1,1,0,0,1,1,1,1,1,1,1,1,1,1,1,1,1
2349,0.960684542466668,1,1,1,1,1,0,0,1,1,1,0,1,1,1,1,0,1,1,1,1
2350,0.883957311174842,0,1,0,1,0,0,1,1,1,1,0,0,0,1,1,0,0,1,1,1
2351,-0.785296894027335,1,1,0,1,1,0,0,1,0,1,0,0,1,0,0,0,0,0,0,0
2352,-0.063804456778643,0,1,1,0,0,0,0,1,0,0,0,0,1,0,1,0,0,1,1,1
2353,-2.41710997263604,1,0,1,0,0,0,1,0,1,0,0,0,1,0,1,0,0,0,1,1
2354,0.630650984615776,1,0,1,1,0,0,0,1,1,1,0,1,0,0,1,1,1,0,1,1
2355,0.298206296286885,1,1,1,1,1,0,0,1,0,0,0,0,1,1,0,0,0,0,1,1
2356,0.206376235385602,1,1,0,1,0,0,0,1,1,0,0,0,1,1,1,1,0,0,0,0
2357,-0.782005063327962,0,0,1,0,1,0,1,1,1,1,0,0,0,0,0,0,1,0,0,1
2358,0.82726826730033,0,1,1,1,1,0,1,1,0,0,0,1,0,1,0,1,1,1,1,1
2359,-0.666800822113988,0,0,1,0,1,0,0,1,1,0,0,0,1,0,1,0,1,1,1,0
2360,0.904263135727856,1,0,1,1,1,0,0,1,1,0,0,1,0,1,0,0,0,1,0,1
2361,0.105869480346527,1,0,0,1,0,0,0,1,1,1,0,0,1,0,1,0,1,0,0,1
2362,0.437157415532591,1,1,1,1,1,0,1,1,0,0,0,1,0,1,0,0,1,1,0,1
2363,0.145166293668937,1,1,1,1,1,0,1,1,0,1,0,0,1,0,1,0,0,0,0,0
2364,-0.244512328533672,1,0,1,1,0,0,0,1,1,0,0,0,0,1,1,0,0,0,1,1
2365,0.414417914416558,1,1,0,1,0,0,1,1,1,0,0,0,0,1,0,0,1,0,1,0
2366,1.18812084184883,0,1,1,1,1,0,1,1,1,0,0,1,1,1,0,1,1,1,0,0
2367,0.367072369577646,1,1,1,1,0,0,1,1,1,1,0,0,0,0,1,0,0,1,1,0
2368,0.686245652196476,0,0,0,1,0,0,1,1,1,1,0,1,0,1,0,1,0,1,0,1
2369,-0.547233826332623,0,0,0,0,1,0,1,1,1,1,0,0,1,0,0,0,0,1,0,1
2370,1.39156901725818,1,0,0,1,0,0,0,1,1,1,0,1,0,1,1,1,1,0,0,1
2371,-1.29548056761668,0,1,0,0,1,0,1,1,1,1,0,0,1,0,1,0,1,0,0,0
2372,-1.25988046945352,0,0,0,0,1,0,0,0,0,0,0,0,0,0,0,0,0,0,1,1
2373,-0.441030042588477,0,1,1,0,1,0,0,1,1,1,0,0,0,1,1,0,0,1,1,1
2374,-0.210956872930674,0,0,1,0,1,0,1,1,0,0,0,0,1,0,1,0,1,0,0,0
2375,-0.0982132294944544,1,1,0,1,1,0,1,1,1,0,0,0,1,1,1,1,0,0,0,1
2376,-0.189986277468848,1,0,0,1,0,0,1,1,1,0,0,0,0,0,0,0,0,1,0,1
2377,-0.883627894153428,0,0,1,0,0,0,1,1,0,0,0,0,0,0,1,0,0,0,0,1
2378,-1.92972459351133,0,0,0,0,0,0,0,0,0,1,0,0,0,0,0,0,1,0,0,0
2379,0.580838659069574,0,1,1,1,0,0,0,1,1,1,0,1,0,0,1,0,0,1,1,1
2380,0.374730803358964,0,0,1,1,0,0,0,1,0,1,0,1,0,0,0,0,1,0,0,1
2381,0.0988753058496019,0,0,0,1,0,0,0,1,1,1,0,0,1,1,0,0,0,0,0,1
2382,-0.649555573816135,0,1,1,1,1,0,1,0,1,0,0,0,0,0,0,0,0,1,0,0
2383,-1.66104855949617,0,1,0,0,0,0,0,1,0,0,0,0,0,0,1,0,1,0,0,1
2384,-0.0537049917823596,1,1,1,1,1,0,1,0,0,0,0,0,0,0,1,0,0,0,1,0
2385,-2.00663095321146,0,0,0,0,0,0,1,0,1,1,0,0,0,0,0,0,0,1,1,0
2386,-0.523357829511347,1,1,1,0,1,0,0,0,0,1,0,0,0,0,1,0,0,0,0,0
2387,0.279793558692424,0,1,0,1,1,0,0,1,1,1,0,1,1,0,1,0,0,0,0,1
2388,-0.517479673218672,1,0,1,0,1,0,1,1,1,1,0,0,1,0,1,0,0,0,0,1
2389,-1.15948636922401,1,0,0,0,0,0,0,1,1,0,0,0,0,0,1,0,1,0,1,0
2390,-0.602968592504442,1,1,1,0,1,0,0,1,0,1,0,0,1,0,1,0,0,0,1,1
2391,0.740194512078935,1,0,1,1,0,0,0,1,1,0,0,1,1,1,1,0,0,1,0,0
2392,0.506800443799346,1,0,1,1,0,0,0,1,1,0,0,0,0,1,1,1,1,1,0,0
2393,0.333031421331224,1,1,0,1,1,0,0,1,1,0,0,1,0,0,1,1,0,1,0,1
2394,-1.10364320359267,0,1,0,0,1,0,0,0,0,0,0,0,1,0,1,0,0,1,0,0
2395,-0.400214160742748,0,1,0,1,0,0,0,1,0,0,0,0,1,0,0,0,0,0,0,0
2396,-1.65885679233724,0,0,1,0,0,0,0,0,0,1,0,0,1,0,0,0,0,0,0,0
2397,1.05302762776362,0,1,1,1,1,0,1,1,1,1,0,1,1,1,1,1,0,1,0,1
2398,1.17888836566892,1,0,0,1,0,0,0,1,1,1,0,1,0,1,1,1,1,1,0,1
2399,-0.20611810286811,1,1,0,1,1,0,0,1,1,0,0,0,0,0,1,0,0,0,0,1
2400,-2.23109506589312,0,0,0,0,0,0,1,0,0,0,0,0,0,0,0,0,1,0,0,0
2401,0.16674664076583,1,1,1,1,1,0,0,1,0,0,0,0,0,0,1,0,0,1,0,1
2402,2.04618861305032,1,1,0,1,1,0,1,1,1,0,0,1,0,1,0,1,1,0,1,1
2403,0.96598485328064,1,1,1,1,1,0,0,1,0,0,0,0,0,1,0,1,1,0,1,0
2404,0.567801404939885,0,1,0,1,0,0,1,1,0,1,0,0,1,1,1,1,1,1,0,0
2405,-0.949218595622539,0,1,0,0,1,0,1,1,0,1,0,0,0,0,0,0,0,0,0,0
2406,-0.0668054252980863,0,0,0,0,0,0,1,0,0,1,0,0,0,0,1,0,1,1,1,1
2407,-0.098665932871701,1,1,0,1,0,0,1,1,0,1,0,1,0,0,0,0,1,0,0,1
2408,-0.203511384910543,0,0,0,1,1,0,0,0,1,1,0,1,0,0,1,0,0,1,0,1
2409,-0.991390723787341,0,1,1,0,1,0,1,0,0,1,0,0,1,0,1,0,0,0,0,0
2410,-0.193235670548903,1,0,1,0,1,0,0,1,1,0,0,0,0,1,1,0,1,0,1,1
2411,-0.721430283656931,1,0,1,1,1,0,1,1,0,1,0,0,1,0,1,0,0,0,0,1
2412,-1.35141447188401,1,0,0,0,0,0,0,1,1,0,0,0,1,0,0,0,0,0,1,1
2413,-0.298247715326538,1,0,0,0,1,0,1,1,0,0,0,0,1,0,0,0,1,0,1,1
2414,0.484170504403223,0,1,1,1,1,0,1,1,1,0,0,1,1,0,1,0,0,1,1,0
2415,-0.911819466719013,0,1,1,1,0,0,0,0,0,0,0,0,0,0,0,0,1,0,0,1
2416,-1.14714700824153,1,1,0,1,0,0,0,0,1,0,0,0,0,0,1,0,0,0,1,0
2417,0.152810112205626,0,1,0,1,1,0,0,1,1,0,0,0,1,0,1,0,1,0,1,1
2418,0.305840549502501,1,0,0,1,0,0,0,1,1,0,0,0,0,1,1,0,1,1,1,0
2419,-2.04579865795468,1,0,0,0,0,0,0,0,0,0,0,0,0,0,1,0,1,0,0,1
2420,0.986720089612273,1,0,1,1,0,0,0,1,0,0,0,1,1,1,0,1,0,0,1,0
2421,-1.17299405487976,0,1,0,1,1,0,1,0,0,0,0,0,1,0,0,0,1,0,1,1
2422,0.549821797002786,1,0,0,1,1,0,1,1,1,0,0,0,0,1,0,1,1,0,0,1
2423,-0.217801877515873,0,1,0,1,0,0,0,1,1,1,0,1,0,0,0,0,0,0,0,1
2424,-1.11508772617026,1,0,1,0,0,0,1,1,0,1,0,0,0,0,1,0,0,0,0,1
2425,-1.28090334728065,0,0,1,0,0,0,0,0,1,0,0,0,0,0,0,0,1,1,0,0
2426,0.166890940404075,1,1,0,1,0,0,0,1,0,0,0,0,0,0,1,0,1,1,0,0
2427,-1.32788796881811,1,1,0,0,0,0,1,0,1,0,0,0,0,0,0,0,0,0,0,0
2428,1.69434467936967,1,0,1,1,1,0,1,1,0,0,0,1,1,1,1,1,1,1,1,1
2429,0.0584023245751884,0,0,0,1,1,0,1,1,1,0,0,1,1,0,0,0,1,0,0,1
2430,1.54695287952278,0,0,0,1,1,0,1,1,1,1,0,1,0,1,1,1,1,0,1,1
2431,-0.161496923110374,1,0,0,1,0,0,0,1,0,1,0,0,0,0,1,0,1,1,1,1
2432,1.70649133893237,0,1,0,1,1,0,1,1,0,1,0,1,0,1,1,1,1,0,0,1
2433,2.07188508172567,0,1,1,1,1,0,1,1,1,1,0,1,0,1,1,1,0,1,0,1
2434,-0.61830407489445,0,0,0,0,0,0,0,1,0,1,0,0,0,0,1,0,0,0,1,1
2435,1.47158176778915,1,1,1,1,0,0,0,1,0,1,0,1,1,1,1,1,0,1,1,0
2436,0.994017564895092,0,0,0,1,0,0,0,1,1,0,0,1,1,1,1,0,1,1,1,0
2437,-1.04512781692942,0,0,1,0,0,0,0,1,1,0,0,0,0,0,1,0,1,1,0,0
2438,-0.110635039972796,1,1,0,1,0,0,0,1,0,1,0,0,1,0,1,0,1,0,1,1
2439,0.709150192063655,1,1,1,1,0,0,1,1,1,0,0,1,0,1,1,1,0,0,0,1
2440,-0.0579764686425631,1,0,0,1,1,0,1,1,1,0,0,0,0,0,1,0,0,1,0,0
2441,-1.14212380454786,1,0,1,0,0,0,1,0,0,0,0,0,0,0,0,0,0,0,0,1
2442,-0.0638552178510779,0,1,0,1,0,0,0,1,1,1,0,0,1,0,1,0,1,1,0,1
2443,0.939881156475787,1,1,1,1,0,0,0,1,1,1,0,1,0,1,1,1,1,1,0,0
2444,-1.11866281410295,0,1,0,0,1,0,0,0,1,0,0,0,1,0,0,0,0,0,0,1
2445,-0.722543771165757,1,1,0,0,1,0,0,1,0,1,0,0,1,0,1,0,0,0,0,1
2446,-0.384065498928159,1,0,1,0,1,0,1,1,1,0,0,1,0,0,1,0,1,0,0,1
2447,-0.475943051362277,1,0,1,0,1,0,0,1,0,1,0,0,0,0,1,0,1,1,1,1
2448,0.994949967098695,0,1,0,1,0,0,1,1,1,0,0,0,1,1,0,0,1,1,0,0
2449,-0.982995801042013,1,1,1,1,1,0,0,1,1,0,0,0,0,0,0,0,1,1,1,1
2450,-1.29158161996722,0,1,0,0,1,0,0,1,0,0,0,0,1,0,1,0,0,0,0,0
2451,0.311788572440825,0,1,1,1,0,0,0,1,1,1,0,0,1,1,1,1,1,0,0,0
2452,-0.827770710342737,0,1,1,1,0,0,0,0,1,0,0,0,0,0,1,0,0,0,0,1
2453,0.617705938963635,1,0,0,1,1,0,0,1,0,0,0,0,0,1,0,0,1,0,0,1
2454,-0.983750401645792,0,1,0,0,0,0,1,1,0,0,0,0,0,0,0,0,0,1,1,1
2455,-0.290286142442846,1,1,1,0,0,0,1,1,0,0,0,0,1,0,0,0,1,1,0,1
2456,-0.0198911012512474,1,0,0,1,0,0,1,1,0,1,0,0,0,0,0,0,1,1,1,1
2457,-0.257587630573441,1,1,0,1,0,0,0,1,1,0,0,0,0,0,1,0,1,1,1,1
2458,0.467860047715659,1,0,0,1,0,0,0,1,1,0,0,0,1,0,0,0,0,0,0,1
2459,1.27509826751253,0,0,0,1,0,0,1,1,0,0,0,1,1,1,1,1,0,1,0,0
2460,-1.17929230812756,1,1,0,0,0,0,0,1,0,1,0,0,1,0,1,0,0,0,0,0
2461,-0.14999438636108,0,1,0,0,1,0,0,1,1,1,0,1,0,0,0,0,0,0,0,1
2462,-0.646923644607429,0,1,0,1,1,0,0,1,0,1,0,0,1,0,1,0,1,1,0,1
2463,-0.487081955086869,0,0,1,0,1,0,0,1,0,0,0,0,0,0,0,0,0,0,0,1
2464,0.457934825606347,1,0,1,1,0,0,1,1,0,0,0,1,0,0,1,0,1,0,0,1
2465,-0.0716916930318033,1,0,0,1,0,0,0,0,0,0,0,0,0,1,1,0,1,0,0,1
2466,-0.135034038438662,0,0,0,1,0,0,1,1,0,0,0,0,0,0,0,0,1,0,0,0
2467,0.595691174448339,0,1,0,1,1,0,1,1,0,0,0,0,1,0,1,1,1,0,1,1
2468,0.0717674147036836,1,0,1,1,0,0,1,1,1,1,0,1,1,1,0,1,1,1,0,0
2469,0.380846695106632,0,0,0,1,1,0,1,1,1,1,0,1,0,0,1,0,1,1,0,0
2470,-0.0511152468565425,0,0,0,1,0,0,1,1,1,0,0,0,1,0,1,0,0,1,1,1
2471,-0.857084237693741,0,0,0,1,0,0,0,1,0,1,0,0,1,0,0,0,0,0,0,1
2472,1.00706286038626,0,0,1,1,0,0,1,1,0,0,0,1,1,1,1,1,1,0,0,1
2473,0.0194976624815346,1,0,0,1,0,0,1,1,1,0,0,0,1,0,1,0,1,1,0,0
2474,-0.785694339894369,0,0,1,1,0,0,1,1,0,1,0,0,0,0,0,0,1,0,0,1
2475,-1.30193826955384,0,1,0,0,0,0,0,1,0,0,0,0,1,0,0,0,0,0,0,0
2476,-1.55704790076165,0,0,1,0,1,0,1,0,0,1,0,0,0,0,0,0,0,0,0,1
2477,-1.03030397814439,0,0,1,0,0,0,0,0,1,1,0,0,1,0,0,0,0,0,1,0
2478,-0.0599448617526566,0,1,0,1,1,0,1,1,1,1,0,0,1,0,1,0,0,1,1,0
2479,0.499833281422798,1,1,0,1,1,0,1,1,0,1,0,0,0,1,1,0,1,0,0,1
2480,-0.77940099052774,0,1,1,0,0,0,0,1,0,0,0,0,0,0,0,0,0,0,1,0
2481,-0.836846981316394,0,1,0,1,1,0,1,1,0,0,0,0,0,0,1,0,0,1,1,0
2482,-0.279153939519715,0,1,0,0,1,0,0,1,0,0,0,0,1,0,1,0,0,0,0,1
2483,0.0637668558356672,1,1,1,1,0,0,1,1,1,0,0,1,1,0,0,0,0,0,0,1
2484,-1.66001121192246,0,0,1,0,0,0,0,0,1,0,0,0,1,0,1,0,0,0,0,0
2485,-2.00909958405982,1,1,0,1,1,0,0,0,0,0,0,0,0,0,0,0,0,1,0,0
2486,-0.53181170549409,1,0,0,1,0,0,1,1,1,0,0,0,0,0,1,0,1,1,0,1
2487,2.79383102915357,0,1,0,1,1,0,0,1,0,0,1,1,1,1,1,1,1,0,0,0
2488,0.870717593697355,0,0,1,1,0,0,0,1,1,0,0,1,1,0,0,0,0,1,1,1
2489,-0.249616080889753,0,0,1,0,1,0,1,1,0,1,0,0,1,0,1,0,1,0,1,0
2490,1.216826010798,0,1,0,1,1,0,1,1,1,1,0,1,1,1,0,1,1,1,1,1
2491,1.05257967077667,0,0,1,1,1,0,0,1,1,0,0,0,1,1,0,0,0,0,0,1
2492,0.330975733080257,1,0,1,0,1,0,1,1,1,1,0,0,1,0,1,0,1,0,0,0
2493,-0.901212906936701,0,1,0,0,0,0,0,1,0,0,0,0,1,0,0,0,0,1,1,0
2494,-0.646039040630084,1,0,0,1,1,0,0,1,0,1,0,0,1,0,1,1,0,0,0,1
2495,-0.662739631862007,0,1,0,0,0,0,1,1,0,1,0,0,0,1,1,0,0,1,0,0
2496,1.4237676023653,0,0,0,1,1,0,1,1,0,1,0,1,1,1,0,1,0,0,1,1
2497,-1.34037731416627,0,1,1,0,0,0,0,0,0,1,0,0,1,0,1,0,0,0,0,0
2498,1.24971391733234,1,1,0,1,1,0,1,1,1,1,0,1,0,1,1,0,1,0,0,1
2499,-0.937224839255398,0,0,0,0,1,0,1,1,1,1,0,0,0,0,1,0,1,0,0,1
2500,-1.0573483095451,0,1,0,1,0,0,0,1,1,0,0,0,0,0,1,0,0,0,1,0
2501,-0.954167230152116,0,0,0,0,0,0,0,1,1,1,0,0,1,0,1,0,0,0,1,0
2502,-0.750654696409874,0,1,0,0,0,0,0,1,1,0,0,0,0,0,0,0,0,1,1,0
2503,1.0649571013227,0,1,1,1,0,0,1,1,1,0,0,0,1,1,1,1,1,0,0,1
2504,1.83956825454508,0,1,1,1,1,0,1,1,1,0,0,1,0,1,1,1,1,1,0,1
2505,0.860246691610224,1,0,1,1,0,0,0,1,1,1,0,0,0,1,1,1,1,1,0,0
2506,-1.54181059384325,1,0,0,1,1,0,0,0,0,1,0,0,1,0,1,0,0,0,0,0
2507,0.173776078154814,0,1,0,0,0,0,0,1,0,0,0,0,0,0,0,1,1,1,1,0
2508,-1.6099180792846,0,1,0,0,1,0,1,0,0,1,0,0,0,0,0,0,0,0,0,0
2509,-0.449177995189437,0,0,0,1,0,0,0,0,0,0,0,0,1,0,1,0,0,1,1,0
2510,0.581006939646429,1,1,0,1,0,0,0,1,0,1,0,1,1,1,1,0,0,1,0,0
2511,-0.743539036853667,0,1,0,0,1,0,1,0,0,0,0,0,1,0,1,0,1,0,0,0
2512,-0.972406299120055,0,0,0,0,0,0,0,1,0,0,0,0,1,0,0,0,0,0,1,1
2513,1.25499551961303,0,0,1,1,0,0,1,1,1,0,0,1,1,1,0,1,1,1,0,1
2514,-0.509662305550486,1,0,0,1,1,0,1,1,1,1,0,0,0,0,1,0,0,1,1,1
2515,0.979684251766628,0,0,1,1,1,0,1,1,0,0,0,1,1,1,1,1,0,0,0,0
2516,-0.350964640815453,0,0,1,0,0,0,0,1,1,1,0,0,1,0,0,0,0,1,0,0
2517,0.520560041376272,1,1,0,1,0,0,0,1,0,0,0,0,1,1,1,1,1,1,0,1
2518,-0.525030715590254,1,1,1,1,0,0,0,1,0,0,0,0,1,0,0,0,1,0,1,1
2519,-0.422326823645713,1,1,1,1,0,0,0,1,1,0,0,0,1,0,0,0,1,1,1,0
2520,0.961719600660264,0,1,0,1,1,0,0,1,0,1,0,1,1,1,1,0,0,1,0,0
2521,-0.306293142694033,0,0,1,1,1,0,1,1,1,0,0,0,0,0,0,1,1,0,0,0
2522,-1.36735090337569,0,0,1,0,0,0,1,0,1,1,0,0,0,0,0,0,1,1,1,1
2523,1.87588512901113,0,0,0,1,0,1,1,1,0,0,0,1,0,1,1,1,1,0,1,1
2524,2.14062436632365,0,1,1,1,1,1,0,1,1,1,0,1,1,1,1,1,1,0,0,1
2525,0.660113845251443,1,1,0,1,1,0,0,1,0,1,0,1,1,1,1,1,1,1,1,1
2526,-0.612505359015374,0,0,0,0,0,0,1,1,0,1,0,0,0,0,1,0,0,0,1,0
2527,-0.400616793759691,0,0,1,1,1,0,0,1,1,1,0,0,0,0,0,0,1,0,1,0
2528,0.917747735623115,0,1,0,1,1,0,1,1,0,0,0,0,1,0,0,1,0,0,1,0
2529,-2.58802768847534,0,0,1,0,0,0,1,0,1,0,0,0,0,0,0,0,0,0,1,1
2530,1.60183767287364,0,0,0,1,1,0,0,1,0,0,0,1,0,1,0,1,1,1,1,1
2531,-0.089812663687268,1,0,0,0,0,0,1,1,1,1,0,0,1,0,0,0,0,1,1,1
2532,-0.166480060156444,0,0,0,0,0,0,0,1,0,0,0,0,0,0,0,0,0,0,0,0
2533,-1.06212171754187,0,1,1,0,0,0,0,0,0,0,0,0,0,0,1,0,1,0,0,1
2534,0.465590580643549,1,0,1,1,1,0,1,1,0,0,0,0,0,0,1,0,1,1,1,0
2535,-2.53112367823981,1,0,1,0,0,0,0,0,1,0,0,0,0,0,1,0,1,0,1,1
2536,-1.38126569226177,1,0,0,1,1,0,1,0,0,1,0,0,0,0,0,0,0,1,1,0
2537,0.649597043032696,0,1,0,1,0,0,0,1,0,0,0,0,0,1,1,1,0,1,0,1
2538,1.1133474901272,1,1,1,1,1,0,1,1,1,1,0,1,1,1,0,1,0,1,0,0
2539,1.52666423489665,1,1,1,1,0,0,1,1,1,0,0,1,1,1,1,1,1,1,0,0
2540,0.729788064828751,0,0,0,1,1,0,0,1,0,1,0,0,0,1,1,1,0,1,0,1
2541,-0.377409831277661,0,1,0,1,1,0,0,1,0,0,0,0,1,0,1,0,1,0,1,1
2542,0.944306680147413,0,1,0,1,1,0,0,1,1,0,0,1,1,1,0,1,0,1,0,1
2543,-1.10658456739425,1,0,0,0,0,0,1,1,0,1,0,0,0,0,1,0,0,0,1,1
2544,0.468151273436829,0,0,0,0,1,0,1,1,0,1,0,1,1,1,1,0,0,1,0,1
2545,1.28649631325381,1,1,1,1,1,0,0,1,0,0,0,1,1,1,1,1,0,0,1,1
2546,-1.68428288566084,0,0,0,1,1,0,0,0,0,1,0,0,1,0,0,0,0,1,0,0
2547,1.20983091574643,0,1,0,1,1,0,1,1,1,1,0,1,1,0,0,1,0,1,0,1
2548,0.0438952543081981,1,1,0,0,0,0,0,1,1,0,0,0,1,1,1,0,1,1,1,0
2549,0.467669981120459,0,1,0,1,1,0,0,1,1,1,0,0,0,0,1,0,0,1,1,0
2550,-0.803566027134759,0,1,0,0,1,0,0,0,0,0,0,0,0,0,1,0,0,1,0,1
2551,2.37324099860256,1,1,0,1,1,1,1,1,1,0,0,1,0,1,0,1,1,1,0,1
2552,1.34718555371271,0,1,1,1,1,0,0,1,1,1,0,1,0,0,1,1,1,1,1,1
2553,-2.41174380433324,0,0,0,0,0,0,1,0,1,0,0,0,0,0,1,0,0,0,0,0
2554,-0.706777533366966,0,1,0,0,1,0,1,1,0,0,0,0,1,0,1,0,0,1,0,1
2555,-0.216977243633661,0,1,1,1,0,0,1,1,1,1,0,0,1,0,1,0,0,1,1,0
2556,0.698782083152617,1,1,1,1,1,0,1,1,0,1,0,1,0,1,1,1,1,1,0,0
2557,1.16270854588097,0,0,1,1,0,0,1,1,1,0,0,1,0,1,1,1,0,1,0,0
2558,-0.452234765668361,1,1,0,1,0,0,1,1,0,0,0,0,0,1,1,0,0,0,1,1
2559,-0.84410462703895,0,1,0,1,0,0,1,0,1,0,0,0,1,0,0,0,1,0,0,0
2560,-0.173485734238996,1,0,0,1,0,0,0,1,1,0,0,0,0,0,0,0,0,1,0,1
2561,-0.0768438839935597,1,0,1,1,0,0,0,1,1,0,0,1,0,0,1,0,0,1,0,0
2562,0.349885941585549,0,1,0,0,0,0,1,1,0,0,0,1,1,1,1,0,1,0,0,0
2563,0.47298968524515,1,1,0,1,0,0,0,1,1,0,0,1,1,1,1,1,0,0,0,1
2564,-1.39348922539329,0,0,1,0,1,0,1,0,1,0,0,0,0,0,1,0,0,1,0,1
2565,-0.166009588113666,1,1,1,0,0,0,1,1,0,0,0,0,0,0,0,0,1,0,0,1
2566,-0.304424308896015,0,0,0,0,1,0,0,1,1,0,0,0,0,0,1,0,0,0,1,1
2567,2.68896261899132,1,1,0,1,1,1,1,1,1,1,0,1,1,1,0,1,1,1,1,0
2568,0.535071506388942,1,1,0,1,1,0,1,1,1,1,0,0,1,1,1,1,1,1,0,1
2569,-1.08877020531812,0,0,1,0,0,0,0,1,1,1,0,0,1,0,1,0,0,0,0,1
2570,-0.493260530173169,0,1,1,1,0,0,1,1,1,0,0,0,1,0,0,0,1,0,1,1
2571,0.481314321102627,0,0,1,1,1,0,1,1,1,1,0,0,0,1,1,1,0,0,0,0
2572,0.850837931825132,0,1,0,1,0,0,0,1,1,0,0,0,1,1,1,1,0,1,1,1
2573,-0.0712665705852499,1,1,0,1,0,0,1,1,0,1,0,0,1,0,0,1,0,0,0,0
2574,-0.884862657587247,0,1,0,0,0,0,1,1,0,0,0,0,0,0,0,0,0,0,0,0
2575,0.19509837771017,0,0,1,1,1,0,0,1,1,1,0,0,0,0,0,0,1,0,0,1
2576,-0.313915099240331,1,0,0,1,1,0,1,1,0,0,0,1,0,0,1,0,1,1,1,1
2577,0.581515102594839,0,0,1,1,0,0,1,1,1,0,0,0,0,0,1,0,0,0,1,0
2578,0.294441688268078,0,0,0,1,0,0,1,1,0,0,0,0,0,1,1,0,0,0,1,1
2579,-2.04485388972004,1,0,0,0,1,0,1,0,0,0,0,0,0,0,1,0,1,0,1,0
2580,-0.0407141466686749,0,0,0,1,1,0,0,1,0,1,0,0,1,0,0,0,0,0,1,1
2581,1.46509710251619,1,0,1,1,1,0,0,1,1,1,0,1,1,1,1,1,1,1,0,1
2582,0.56813319878624,0,1,0,1,1,0,0,1,1,1,0,0,1,0,1,1,0,1,0,1
2583,-0.694931658133526,1,1,1,1,1,0,1,1,1,1,0,0,1,0,0,0,1,1,1,0
2584,0.0229328487598325,1,1,1,0,1,0,1,1,1,1,0,0,0,1,1,0,1,0,1,1
2585,0.563097340405162,0,1,1,1,0,0,0,1,1,1,0,0,0,1,1,1,0,0,0,1
2586,-0.722359023633932,1,0,1,0,1,0,0,0,1,0,0,0,0,0,0,0,0,1,0,1
2587,0.0430618428866301,1,0,1,1,1,0,0,1,0,1,0,0,0,0,1,0,0,1,0,1
2588,-1.03695669556741,0,0,0,0,0,0,0,0,1,0,0,0,0,0,0,0,0,0,0,0
2589,0.138446777395329,0,0,1,1,1,0,0,1,0,0,0,0,1,1,1,0,0,1,0,1
2590,-0.108425714087756,0,0,0,1,0,0,1,1,1,1,0,0,1,0,0,1,0,0,0,1
2591,0.908285023265413,1,0,1,1,1,0,0,1,0,0,0,0,1,1,0,0,0,0,0,0
2592,2.05222631143978,1,1,1,1,1,1,1,1,1,1,0,1,1,1,1,1,1,0,0,1
2593,-0.121906686083639,0,1,0,1,0,0,0,1,1,1,0,0,0,1,1,0,1,1,1,1
2594,0.897446198974517,1,1,1,1,1,0,0,1,1,0,0,1,1,1,0,0,0,1,1,1
2595,-1.0291262973177,0,1,0,0,0,0,0,0,1,0,0,0,0,0,1,0,0,0,1,0
2596,-0.767524989360169,1,0,0,1,1,0,0,1,1,1,0,0,0,0,1,0,0,0,0,0
2597,1.35765200252902,0,1,1,1,0,0,1,1,1,1,1,1,1,1,1,1,0,1,1,1
2598,-1.1961370779837,0,1,1,0,0,0,1,1,0,0,0,0,1,0,0,0,0,0,1,0
2599,-0.631086404535133,0,1,0,0,0,0,1,1,0,1,0,0,0,0,0,0,0,0,0,0
2600,-0.0221800801154157,1,1,1,1,0,0,0,1,0,1,0,0,1,1,0,0,0,1,1,1
2601,-0.763579834589427,1,0,0,0,1,0,0,1,1,0,0,0,1,0,1,1,0,1,0,0
2602,0.36428766985917,1,0,0,1,1,0,1,1,0,1,0,1,0,0,1,0,0,0,1,1
2603,0.53495029194864,1,0,1,1,1,0,1,1,1,0,0,0,1,0,1,1,0,0,0,0
2604,0.843757721683591,0,0,0,1,0,0,1,1,1,0,0,0,0,1,0,1,1,0,1,1
2605,1.40675864768447,0,0,0,1,1,0,1,1,1,1,0,1,1,1,1,1,0,1,0,1
2606,-0.979023603003553,0,0,0,0,0,0,1,1,0,1,0,0,1,0,0,0,0,0,0,0
2607,-0.547231046704211,0,1,1,0,1,0,1,1,1,1,0,0,0,0,1,0,0,1,1,1
2608,0.0637314201466434,1,0,1,1,0,0,0,1,1,1,0,0,0,0,0,0,0,1,0,0
2609,0.75353215862014,0,1,0,1,1,0,0,1,0,0,0,1,0,1,1,1,0,1,0,1
2610,0.41740260477117,1,0,0,1,0,0,0,1,1,1,0,0,0,0,0,0,1,1,1,1
2611,-0.145388143906541,0,1,0,1,0,0,1,1,1,1,0,0,1,0,0,0,0,1,0,0
2612,-0.314776831691087,0,1,0,1,0,0,0,1,0,1,0,0,1,0,0,0,1,0,1,1
2613,-0.73607603477075,0,0,1,0,0,0,0,1,1,0,0,0,1,0,1,0,0,1,0,0
2614,0.423526195813143,0,1,0,1,0,0,1,1,1,0,0,0,0,1,1,0,0,0,0,1
2615,0.972746167582955,0,1,1,1,0,0,1,1,1,0,0,1,0,1,0,1,1,0,1,1
2616,2.66062073018772,1,1,1,1,1,0,0,1,1,1,1,1,1,1,1,1,1,0,1,1
2617,0.443335802713087,0,1,1,1,1,0,0,1,1,0,0,0,1,1,1,0,1,1,0,1
2618,-0.901593096421182,0,0,0,0,0,0,1,1,0,0,0,0,0,0,1,0,1,1,1,0
2619,-0.372336755939912,1,1,1,1,0,0,0,1,1,0,0,0,0,0,0,0,0,0,1,1
2620,0.466902186346684,0,1,1,1,0,0,0,1,1,0,0,0,0,1,1,0,0,0,1,1
2621,-0.0641302438353733,1,1,0,1,0,0,0,1,0,0,0,0,0,0,0,0,0,0,0,1
2622,0.653605505776149,0,0,0,1,1,0,1,1,0,0,0,1,1,0,0,0,0,0,0,0
2623,-0.384774658393761,0,0,1,1,1,0,0,1,1,1,0,0,0,0,1,0,1,0,1,0
2624,-2.07007335395999,0,1,1,0,1,0,0,0,1,0,0,0,0,0,0,0,0,0,0,0
2625,-0.0711549447825006,0,0,0,1,0,0,0,0,1,0,0,0,0,1,0,0,1,0,0,0
2626,-0.0856985832775767,0,1,0,1,0,0,0,1,1,1,0,0,0,0,1,1,1,0,1,0
2627,-0.0164390540363465,1,1,0,0,0,0,0,1,0,0,0,0,1,0,0,0,0,1,1,1
2628,-0.484129016545615,0,1,1,0,0,0,1,1,0,0,0,0,0,0,1,0,0,0,0,0
2629,-1.8839697371494,0,1,1,0,1,0,0,0,0,0,0,0,0,0,1,0,0,0,0,0
2630,-0.549064624629085,0,1,0,1,1,0,1,1,0,1,0,0,0,0,1,0,1,1,0,0
2631,0.552666694997287,1,1,1,1,0,0,0,1,0,0,0,1,0,0,1,0,0,0,1,0
2632,2.2028462277813,1,1,1,1,1,0,1,1,1,0,0,1,0,1,1,1,1,1,1,1
2633,0.562458982479124,1,1,1,1,1,0,1,1,0,1,0,0,1,1,0,1,0,0,1,0
2634,1.66033027338027,1,0,0,1,0,0,1,1,1,0,0,1,1,1,0,1,1,0,0,1
2635,1.12276047475033,1,1,1,1,0,0,1,1,1,1,0,1,1,1,1,1,0,1,1,1
2636,-1.38665065252991,0,1,0,0,0,0,0,0,0,1,0,0,1,0,0,0,0,0,0,0
2637,-0.119885137752738,1,0,0,1,0,0,1,1,1,0,0,0,1,0,0,0,0,1,0,0
2638,-0.429471674874329,0,0,0,1,0,0,0,1,1,0,0,0,1,0,0,0,1,1,1,0
2639,-1.6664723133877,1,0,0,0,0,0,0,1,0,0,0,0,1,0,1,0,1,1,0,0
2640,-0.854103487337727,0,1,0,0,0,0,1,1,0,0,0,0,1,0,1,0,0,0,0,1
2641,1.66875500180175,1,0,0,1,1,0,1,1,1,1,1,1,1,1,0,1,0,0,0,1
2642,1.55643602717462,1,1,0,1,0,0,0,1,1,1,0,1,0,1,0,1,0,0,0,1
2643,-0.709568948484964,1,1,1,0,0,0,0,1,0,0,0,0,1,0,0,0,0,1,0,1
2644,-2.13337496529718,0,1,0,0,1,0,1,0,1,0,0,0,1,0,1,0,0,1,0,0
2645,2.06860040899253,1,0,1,1,0,0,1,1,0,1,0,1,1,1,1,1,1,1,1,0
2646,0.68262804856487,0,1,1,0,1,0,1,1,1,0,0,1,1,1,1,0,0,0,0,1
2647,-0.220313712877308,1,1,0,1,0,0,1,1,1,0,0,0,1,0,0,0,0,0,1,0
2648,-0.0970426975820327,0,1,1,1,0,0,0,1,1,0,0,0,0,0,1,0,1,0,0,0
2649,1.99147178349073,1,0,1,1,0,0,1,1,0,1,0,1,0,1,1,1,1,1,1,1
2650,0.877197120938605,0,1,1,1,1,0,0,1,0,1,0,1,0,1,0,0,0,1,0,1
2651,0.415323742415402,1,0,1,0,1,0,0,1,0,0,0,0,0,0,1,0,0,0,0,0
2652,0.531386776022113,0,0,1,1,0,0,0,1,1,0,0,1,1,1,1,0,1,1,0,0
2653,0.631487745108812,0,1,0,1,0,0,0,1,0,1,0,0,0,0,1,1,0,1,0,0
2654,2.35484731737373,1,1,0,1,1,0,0,1,0,0,0,1,1,1,1,1,1,0,1,1
2655,-0.180494178073933,0,1,0,1,1,0,0,1,1,1,0,0,1,0,0,0,0,0,0,0
2656,-0.292234086240917,1,0,1,1,0,0,1,1,1,1,0,0,1,0,0,0,0,0,1,0
2657,-0.0273811868087966,0,1,0,1,1,0,1,1,1,1,0,0,1,0,1,0,0,1,0,0
2658,0.311985564274751,1,0,0,1,0,0,1,1,1,1,0,0,0,1,1,0,0,1,0,1
2659,1.45027210683817,0,1,1,1,1,0,1,1,0,0,0,1,1,1,1,1,1,1,1,1
2660,-0.18545240387613,0,1,1,0,1,0,1,1,1,0,0,0,0,1,1,0,1,0,0,0
2661,-1.29708137677633,1,0,0,0,1,0,0,0,0,0,0,0,0,0,1,0,1,0,0,1
2662,-0.905422142638859,0,0,1,0,0,0,0,1,1,1,0,0,1,0,1,0,0,1,1,1
2663,-0.447725334862445,1,1,0,1,0,0,0,1,0,1,0,0,1,1,0,0,1,1,1,0
2664,-0.180787600237657,1,0,1,1,1,0,0,1,0,0,0,0,1,0,0,0,0,0,1,0
2665,0.358164935665767,0,0,1,1,1,0,1,1,0,1,0,0,0,0,1,0,1,0,1,1
2666,-0.0970409089435533,1,1,0,1,0,0,0,1,1,1,0,0,1,0,1,0,0,1,0,1
2667,0.134139408025735,1,1,1,1,1,0,0,1,0,1,0,1,0,1,1,0,0,1,0,0
2668,-0.0166926657639445,0,1,1,1,1,0,1,1,1,1,0,0,0,1,1,0,1,0,1,1
2669,-0.502122281540848,1,0,0,1,0,0,0,1,0,0,0,0,1,0,0,0,1,1,0,1
2670,-1.11350802849719,0,0,1,1,0,0,0,1,1,1,0,0,1,0,1,0,0,0,1,0
2671,-0.457695589887084,1,0,0,0,0,0,1,1,0,1,0,0,0,0,1,0,0,1,0,1
2672,-0.0989172007550106,0,1,1,1,1,0,0,1,1,0,0,0,0,0,1,0,1,0,0,0
2673,-1.20975773865364,0,1,0,0,0,0,0,1,1,0,0,0,1,0,1,0,1,0,0,0
2674,0.890045738750187,1,0,0,1,0,0,0,1,0,1,0,1,0,1,0,1,1,0,1,0
2675,0.0823480055783511,0,1,1,1,0,0,0,1,0,1,0,0,0,1,0,0,1,0,1,0
2676,1.3815400448069,1,1,1,1,0,0,1,1,0,1,0,1,1,1,1,1,0,0,0,1
2677,1.90167442869504,1,0,0,1,1,0,0,1,1,1,0,1,0,1,0,1,0,0,1,1
2678,-0.511134779198883,1,0,0,0,0,0,1,1,1,1,0,0,0,0,0,0,1,0,0,0
2679,-1.5886697991693,1,1,1,0,1,0,0,0,0,1,0,0,1,0,1,0,0,1,0,1
2680,-0.155581979303122,1,0,1,1,0,0,0,1,0,0,0,0,0,0,1,0,1,0,0,1
2681,-0.0376068828468223,1,1,1,1,1,0,0,1,1,1,0,0,0,0,1,0,1,0,0,1
2682,-0.399689887494942,1,0,0,0,1,0,1,1,1,0,0,0,0,0,0,0,1,0,0,0
2683,-3.10547397705587,0,0,0,0,0,0,0,0,1,0,0,0,1,0,1,0,0,0,0,1
2684,-0.788302419454145,0,1,0,1,1,0,0,0,1,1,0,0,0,0,1,0,0,0,1,0
2685,-0.087279406307861,0,0,0,1,0,0,1,1,0,0,0,0,1,0,1,0,1,1,0,0
2686,-0.253683090833087,1,0,0,1,1,0,0,1,1,0,0,0,1,0,1,1,1,0,1,1
2687,-0.650949187690217,0,1,1,0,1,0,0,1,1,0,0,0,0,0,1,0,1,1,1,1
2688,1.39377942733172,1,0,0,1,1,0,0,1,1,1,0,1,1,1,1,1,1,0,1,1
2689,-0.380980799265448,0,1,1,1,1,0,1,1,1,0,0,0,0,1,0,0,0,0,1,0
2690,0.340269762584647,1,0,1,1,0,0,1,1,1,1,0,0,1,1,1,0,0,0,0,1
2691,0.317101916435407,0,0,0,1,1,0,1,1,0,1,0,0,0,0,1,1,1,1,1,1
2692,-0.435614953783307,0,1,1,1,0,0,1,1,1,1,0,0,1,0,0,0,0,0,1,0
2693,-0.222292069593254,1,1,1,0,0,0,0,1,0,0,0,0,1,0,1,0,0,1,0,1
2694,-0.316993503558693,0,0,1,1,1,0,0,1,0,1,0,0,0,0,1,0,1,1,0,1
2695,0.110964234809301,1,1,0,1,1,0,0,1,0,0,0,0,0,0,0,1,0,0,0,0
2696,-0.729735656894277,0,1,0,0,1,0,1,1,1,1,0,0,1,0,1,0,0,1,0,0
2697,0.550016141765756,0,0,0,1,0,0,0,1,1,0,0,0,0,1,1,0,1,1,0,0
2698,-0.057970802588953,0,1,0,1,0,0,1,1,1,0,0,0,1,0,1,0,1,0,1,0
2699,0.843177912812881,1,1,0,1,1,0,1,1,1,0,0,1,1,0,1,1,1,0,0,1
2700,-1.06026011730426,0,0,1,0,0,0,0,0,1,1,0,0,1,0,0,0,0,0,0,1
2701,0.873382941131783,1,1,1,1,0,0,0,1,1,1,0,1,1,1,1,1,0,1,1,1
2702,0.50989411176583,0,1,1,1,0,0,1,1,1,1,0,0,1,1,1,0,1,1,1,0
2703,-1.20592638320799,1,0,1,0,1,0,1,1,0,1,0,0,1,0,1,0,0,0,1,1
2704,1.27155174002671,0,0,0,1,0,0,0,1,1,1,0,1,0,0,1,0,0,0,1,1
2705,0.995682813087728,0,1,1,1,1,0,0,1,0,0,0,1,1,1,1,1,1,0,0,1
2706,1.81072664487502,1,1,1,1,0,0,1,1,0,0,0,1,0,1,1,1,1,0,1,1
2707,-1.50504036120191,1,1,0,0,0,0,0,0,1,0,0,0,0,0,1,0,0,1,0,0
2708,0.698125681492106,0,0,0,1,1,0,0,1,1,1,0,0,1,1,0,1,0,0,0,1
2709,1.38081154956248,1,1,1,1,1,0,1,1,1,1,0,1,1,1,1,0,1,0,0,0
2710,-0.727172419124474,1,1,1,0,1,0,1,0,0,1,0,0,1,0,0,0,0,0,0,0
2711,-0.148341073777125,0,1,0,0,0,0,1,1,0,1,0,0,1,0,1,0,0,1,0,1
2712,-2.04579865795468,1,0,1,0,0,0,0,0,0,1,0,0,1,0,0,0,0,0,1,0
2713,-1.40474267086042,0,1,0,0,1,0,0,1,1,1,0,0,1,0,1,0,0,0,0,0
2714,-1.43794689574575,0,1,0,0,1,0,1,0,0,1,0,0,1,0,1,0,1,0,1,0
2715,-0.397977827970064,0,0,0,1,0,0,0,1,0,0,0,0,0,0,0,0,0,1,0,1
2716,-0.916991662608453,1,0,1,1,0,0,0,1,1,0,0,0,1,0,1,0,1,0,1,0
2717,-0.977188779203291,0,1,0,1,0,0,1,1,0,0,0,0,0,0,0,0,1,1,0,1
2718,1.15480068064775,0,1,0,1,0,0,1,1,1,1,0,1,0,1,0,0,0,1,0,0
2719,-0.0166404976404126,1,0,1,1,1,0,0,1,1,0,0,0,1,0,1,0,0,1,1,0
2720,1.99433678402805,0,1,0,1,0,1,1,1,0,1,1,1,1,1,1,1,1,1,1,1
2721,-0.0927187536239648,0,1,0,0,1,0,0,1,1,1,0,0,0,0,0,0,1,0,0,0
2722,-1.62815083055727,0,0,0,0,1,0,1,0,0,0,0,0,1,0,1,0,1,0,1,0
2723,-0.192693395921777,0,1,1,1,1,0,0,0,1,1,0,0,1,0,0,0,0,0,0,1
2724,1.34646492605093,1,1,1,1,1,0,0,1,0,1,0,1,0,1,1,1,0,0,0,1
2725,-1.11967706419045,0,1,1,0,1,0,0,0,1,0,0,0,0,0,0,0,0,0,1,0
2726,1.17292538436648,1,1,1,1,1,0,0,1,1,0,0,1,1,0,1,1,1,1,0,0
2727,-0.211398330080208,1,0,1,1,0,0,1,1,0,0,0,0,0,0,1,0,1,1,0,1
2728,0.487117797010399,1,0,0,1,1,0,0,1,1,0,0,0,0,1,0,1,0,0,0,0
2729,0.972481305599434,0,1,1,1,0,0,0,1,1,1,0,0,0,1,1,0,1,0,0,0
2730,-1.18853749777499,0,0,0,0,0,0,1,0,1,0,0,1,0,0,1,0,0,0,0,0
2731,-1.54815173870571,0,1,1,0,0,0,1,0,1,0,0,0,1,0,0,0,1,1,0,1
2732,-0.72764877895292,0,0,1,0,0,0,0,0,0,0,0,0,1,0,1,0,0,0,0,0
2733,1.28459308315518,0,1,1,1,1,0,1,1,0,1,0,1,1,1,0,1,0,0,1,0
2734,0.590557110155406,1,1,0,1,1,0,1,1,1,0,0,1,1,0,0,0,1,1,1,0
2735,1.29581243696917,1,1,1,1,1,0,1,1,0,1,0,1,0,1,1,1,1,0,0,1
2736,-0.763969335435066,1,0,1,1,0,0,0,0,1,0,0,0,0,0,1,0,1,0,1,1
2737,0.740255343874537,1,1,1,1,1,0,1,1,1,0,0,1,1,0,0,0,1,1,1,1
2738,0.301192227601106,0,0,0,1,1,0,0,1,0,0,0,0,0,1,0,0,1,0,1,1
2739,-0.740087656655095,0,1,0,0,0,0,1,1,0,0,0,0,0,0,0,0,0,0,0,1
2740,0.230502284641148,1,0,1,1,0,0,0,1,0,1,0,0,1,0,0,1,0,0,1,1
2741,0.220542131708035,1,0,0,1,0,0,0,1,1,0,0,0,1,0,0,1,1,0,1,0
2742,-0.567675484384685,1,0,0,0,0,0,1,1,0,1,0,0,1,0,1,0,0,1,1,1
2743,0.525503555066168,1,0,1,1,1,0,0,1,1,0,0,0,0,1,1,0,1,0,0,0
2744,0.987592087644064,0,0,1,1,1,0,1,1,1,0,0,1,1,1,1,0,1,1,1,0
2745,0.061884773358384,1,0,1,1,0,0,1,0,1,1,0,0,0,0,0,0,1,1,0,1
2746,-1.47481036198384,0,0,0,0,0,0,0,0,0,0,0,0,1,0,1,0,0,1,0,1
2747,-0.568180322496204,1,0,1,1,0,0,0,0,1,0,0,0,1,0,0,0,1,0,1,0
2748,-1.00245407872659,0,1,1,0,0,0,0,1,1,0,0,0,0,0,1,0,0,0,0,0
2749,0.350190921347016,1,0,0,1,1,0,0,1,1,0,0,0,1,1,1,0,0,1,1,1
2750,0.37504538844915,0,0,1,1,1,0,0,1,0,0,0,1,1,0,1,0,0,0,0,1
2751,-1.2737856965778,1,0,1,0,0,0,1,0,0,1,0,0,1,0,1,0,1,0,0,0
2752,-2.02425361393817,0,0,0,0,1,0,0,1,0,0,0,0,1,0,0,0,0,0,0,1
2753,0.309364312764628,0,1,0,1,1,0,0,1,0,1,0,0,1,0,1,0,0,1,0,1
2754,0.00664585917271395,1,0,1,1,1,0,0,1,0,0,0,1,1,0,1,0,0,1,0,1
2755,-1.30736014140001,0,0,1,0,0,0,0,1,0,1,0,0,0,0,1,0,0,0,0,1
2756,0.454799566376211,0,0,1,1,0,0,1,1,1,0,0,0,0,1,0,0,0,1,1,1
2757,0.442942448373044,1,0,0,1,0,0,0,1,1,1,0,1,0,0,0,0,1,0,0,0
2758,1.04478127985756,0,0,1,1,1,0,0,1,0,1,0,0,1,1,1,0,1,1,0,1
2759,0.584768760666155,0,1,1,1,1,0,1,1,0,1,0,0,1,1,1,0,0,1,0,1
2760,1.55780373510099,0,1,1,1,0,1,1,1,0,0,0,1,0,1,1,1,1,1,0,1
2761,0.447601082185595,0,0,1,1,0,0,0,1,0,0,0,0,0,1,1,1,0,0,0,0
2762,0.573756086281933,0,1,1,1,1,0,0,1,0,0,0,1,0,1,1,1,0,1,0,0
2763,0.0372082100431851,1,1,1,1,1,0,1,1,0,0,0,1,0,0,1,0,1,1,0,1
2764,0.460947247936722,0,1,1,1,1,0,0,0,1,1,0,1,0,1,0,1,0,0,1,0
2765,0.798303031345465,0,1,0,1,1,0,1,1,1,0,0,0,0,1,1,0,1,1,0,0
2766,-0.977192639276502,0,0,0,0,1,0,0,1,0,1,0,0,0,0,1,0,1,1,0,1
2767,-0.577291688862711,0,1,0,1,0,0,1,1,0,0,0,0,0,0,1,0,1,1,0,0
2768,-0.279110921026861,1,0,1,1,0,0,0,1,0,1,0,0,1,0,0,0,1,0,1,0
2769,0.404006210237312,0,1,1,1,0,0,1,1,1,1,0,1,0,0,1,0,0,0,1,1
2770,0.76141678052922,1,0,0,1,1,0,0,1,1,1,0,1,1,1,1,1,1,1,1,1
2771,0.218055960281287,1,0,0,1,1,0,1,1,1,0,0,1,1,1,1,0,0,0,0,1
2772,0.637850855428497,0,0,0,1,0,0,1,1,1,1,0,1,1,1,1,0,0,1,0,0
2773,-0.764453633026197,0,1,0,1,1,0,0,0,1,0,0,0,0,0,0,0,0,1,1,1
2774,-0.217540658864454,0,1,1,0,1,0,1,1,0,1,0,0,0,0,1,0,0,1,0,1
2775,-0.25621860239228,1,0,1,1,1,0,0,1,1,1,0,0,0,1,0,0,0,0,0,0
2776,-0.116047688832878,0,1,1,1,0,0,0,1,0,0,0,0,0,0,0,1,0,1,1,0
2777,-0.161183194905437,0,0,0,1,1,0,0,1,0,0,0,0,1,1,1,0,0,1,0,1
2778,-0.935704866222601,0,0,0,0,1,0,1,1,0,1,0,0,1,0,0,0,0,1,1,0
2779,0.5114216640043,1,0,0,1,0,0,1,1,1,0,0,0,0,0,1,1,0,0,1,1
2780,2.03018862484894,1,0,1,1,1,0,0,1,1,0,0,1,1,1,1,1,0,1,0,0
2781,2.02679072111766,0,1,1,1,0,0,1,1,1,1,0,1,1,1,1,1,0,1,1,1
2782,-1.89075430171221,0,0,0,0,1,0,0,0,0,0,0,0,0,0,0,0,0,0,0,1
2783,0.0872423934781306,0,0,0,1,1,0,0,1,0,0,0,0,0,1,1,0,0,1,1,0
2784,0.709857986045944,1,1,1,1,0,0,1,1,0,0,0,0,0,1,1,1,1,0,0,1
2785,-1.05620762118116,0,0,0,0,0,0,1,0,0,0,0,0,0,0,1,0,0,0,0,1
2786,-0.241719578615677,1,1,1,1,0,0,0,1,0,1,0,0,0,0,0,0,1,0,0,1
2787,0.949333109397292,0,0,1,1,1,0,1,1,0,0,0,1,0,1,1,1,0,0,0,1
2788,0.603356978906871,0,0,1,1,0,0,0,1,0,1,0,1,1,1,0,1,0,1,0,0
2789,0.119515019193256,1,0,0,1,1,0,1,1,0,1,0,1,1,0,1,0,1,0,0,1
2790,-1.31302763021223,0,0,1,0,0,0,0,1,0,0,0,0,0,0,0,0,1,0,0,0
2791,1.00379019313333,1,0,0,1,0,0,1,1,1,1,0,0,1,1,0,1,1,0,1,0
2792,0.859246409753221,1,0,1,1,1,0,0,1,1,0,0,1,0,1,1,1,1,1,1,1
2793,0.682990215139381,1,0,1,1,1,0,0,1,1,0,0,0,1,1,0,0,1,1,0,1
2794,1.44339340691987,0,1,1,1,1,0,1,1,0,1,0,1,1,1,1,1,0,1,1,0
2795,-0.294346880949172,1,0,1,1,1,0,0,1,0,1,0,0,0,0,1,0,1,1,1,0
2796,-1.04142083062029,0,1,1,0,1,0,0,1,0,1,0,0,1,0,1,0,1,0,0,1
2797,-1.0263194174886,0,0,0,0,0,0,0,1,0,1,0,0,1,0,1,0,1,1,0,0
2798,-1.38763482494623,1,1,1,0,0,0,1,0,0,1,0,0,0,0,0,0,0,0,0,1
2799,1.13811973900394,0,1,1,1,1,0,0,1,1,1,0,1,0,1,1,0,0,1,1,0
2800,0.549543220678025,0,0,1,1,1,0,0,1,0,1,0,0,0,0,1,0,0,0,0,0
2801,-0.414657272143321,0,0,1,1,0,0,1,1,1,1,0,1,0,0,1,0,1,1,0,0
2802,-0.145929411177721,0,0,1,1,1,0,1,1,1,0,0,0,1,1,1,0,0,0,1,1
2803,0.77078516463407,0,1,1,1,1,0,0,1,0,1,0,1,1,1,0,0,0,0,0,1
2804,-1.07073821873102,1,1,0,0,1,0,1,1,1,1,0,0,0,0,0,0,1,0,1,0
2805,-0.62144392825008,0,1,1,0,1,0,1,1,0,0,0,0,0,0,0,0,1,1,0,1
2806,0.216718527742724,0,1,1,1,1,0,1,1,1,1,0,0,0,1,0,0,1,1,0,0
2807,1.10370668396973,1,1,1,1,1,0,1,1,1,1,0,1,0,1,1,0,1,1,1,1
2808,-0.389671820196233,1,0,1,1,1,0,0,1,0,1,0,0,0,0,0,0,0,0,1,1
2809,0.730258781331971,0,0,0,1,1,0,1,1,1,0,0,1,1,1,1,1,1,1,0,1
2810,-1.22084650322961,0,0,1,1,0,0,0,0,1,1,0,0,1,0,0,0,0,0,1,1
2811,0.285156963242163,1,1,1,1,1,0,1,1,1,0,0,0,1,1,1,1,0,0,0,0
2812,-0.216942016004815,0,1,1,1,0,0,1,1,1,0,0,0,1,0,1,0,1,1,1,0
2813,0.67224190602772,0,1,1,1,1,0,0,1,1,1,0,1,1,0,1,1,1,0,0,0
2814,-0.374950698392736,0,1,1,1,1,0,0,1,0,1,0,0,1,0,0,0,0,0,0,0
2815,1.31417853069669,1,0,1,1,1,0,0,1,0,1,0,1,1,1,1,1,0,0,0,0
2816,0.220836063067875,0,0,1,0,0,0,1,1,0,0,0,0,1,0,1,0,1,1,0,1
2817,0.15554406023985,1,1,0,1,1,0,1,1,1,0,0,0,0,0,1,0,1,1,0,1
2818,-1.30735325293069,0,0,0,0,0,0,0,0,0,1,0,0,0,0,1,0,0,0,0,0
2819,0.651259907159503,1,1,0,1,1,0,1,1,1,0,0,1,1,0,1,1,1,1,1,1
2820,0.986720089612273,0,0,1,1,0,0,0,1,0,0,0,1,1,0,1,1,0,1,0,0
2821,-1.01257493720773,0,0,0,0,1,0,0,1,1,1,0,0,1,0,0,0,1,1,0,0
2822,0.629040358712643,1,0,1,1,0,0,0,1,0,1,0,1,1,0,1,0,1,1,1,1
2823,2.14060096450555,1,1,1,1,1,1,0,1,1,1,1,1,0,1,1,1,1,1,1,1
2824,-1.13668073123233,1,1,1,0,1,0,1,0,1,0,0,0,0,0,0,0,1,0,1,1
2825,-1.52918672400765,0,0,0,0,1,0,1,0,1,1,0,0,0,0,0,0,0,1,0,0
2826,0.863145984317469,0,0,0,1,1,0,1,1,0,1,0,1,0,1,1,1,0,1,0,0
2827,-0.590699888840425,0,1,0,0,1,0,1,0,1,0,0,0,1,0,1,0,0,1,1,1
2828,-1.07021933069058,0,1,1,0,0,0,1,0,0,0,0,0,0,0,0,0,0,0,0,0
2829,0.973854922571422,0,1,1,1,1,0,0,1,1,0,0,1,1,1,1,1,0,1,1,1
2830,-0.0111115957444139,0,0,0,1,1,0,1,1,0,1,0,1,1,0,1,0,0,1,1,1
2831,-1.54653240296838,0,0,0,0,0,0,0,0,1,0,0,0,1,0,1,0,1,1,0,1
2832,-1.15500106389406,0,0,0,0,1,0,1,1,0,1,0,0,1,0,1,0,1,1,0,0
2833,0.995483427651277,1,1,1,1,1,0,1,1,1,0,0,0,1,1,1,1,0,0,1,1
2834,-0.124057196042336,1,0,0,1,0,0,0,1,0,1,0,0,1,0,1,0,1,0,0,0
2835,0.407410744925797,0,0,1,1,0,0,1,1,1,0,0,1,1,0,0,1,1,0,0,0
2836,-0.354971015786206,1,1,0,0,1,0,0,0,0,0,0,0,1,0,0,0,1,1,1,0
2837,-1.64015524704892,1,0,0,0,0,0,0,0,1,0,0,0,0,1,1,0,0,1,1,1
2838,-0.44751812114586,1,0,1,1,0,0,0,1,1,1,0,0,1,0,1,0,0,1,1,0
2839,0.958119166605741,0,0,1,1,1,0,0,1,0,1,0,0,0,1,0,0,0,1,1,0
2840,1.27063761858679,0,1,1,1,0,0,1,1,1,1,0,1,0,1,1,1,1,1,1,1
2841,-0.695776973903461,0,0,1,1,0,0,0,1,1,0,0,1,1,0,0,0,0,0,1,1
2842,-0.940827519606475,0,0,1,1,0,0,1,1,0,1,0,0,1,0,0,0,0,0,1,0
2843,-0.380749686103046,1,0,0,1,1,0,0,1,1,0,0,0,0,0,0,1,0,0,0,1
2844,0.0821712950134248,0,1,1,1,0,0,0,1,1,1,0,0,1,0,1,1,1,0,1,1
2845,-0.333935515220715,0,0,0,0,0,0,0,1,0,1,0,0,1,0,1,0,1,0,1,0
2846,-1.68157473402762,1,1,1,0,0,0,1,1,1,0,0,0,0,0,0,0,1,1,1,1
2847,0.4119977574028,0,0,1,1,0,0,0,1,0,0,0,0,1,0,1,0,1,0,0,0
2848,0.68335546518332,0,1,1,1,0,0,0,1,1,1,0,0,0,1,1,0,1,0,0,1
2849,0.179919044944885,1,0,1,1,0,0,0,1,0,1,0,1,1,1,0,1,0,0,0,0
2850,0.559915513109718,0,0,0,1,1,0,0,1,1,1,0,0,0,1,0,0,0,0,0,0
2851,1.29773440937424,1,1,0,1,0,1,1,1,1,0,0,1,1,1,1,1,1,1,0,1
2852,1.05273949193539,0,1,0,1,1,0,1,1,0,0,0,1,1,1,0,1,1,1,1,0
2853,1.56327479887374,0,1,0,1,1,0,1,1,0,1,1,1,0,1,1,1,1,0,1,1
2854,1.65747320327356,1,0,1,1,1,0,1,1,0,0,0,1,1,1,1,1,0,1,1,0
2855,-1.30128000198343,0,1,0,0,0,0,0,0,1,0,0,0,1,0,0,0,0,0,1,0
2856,1.08188878484685,1,0,0,1,1,0,1,1,1,1,0,1,1,1,0,1,1,0,1,1
2857,-2.16665234723947,0,0,1,0,0,0,1,0,1,1,0,0,0,0,1,0,0,0,0,0
2858,-1.48943512055202,0,1,1,0,0,0,0,0,0,1,0,0,0,0,0,0,0,0,1,1
2859,-0.756904459809925,0,0,1,1,1,0,1,1,0,0,0,0,1,0,0,0,0,1,1,1
2860,1.20584889881814,1,0,0,0,0,0,1,1,0,1,0,1,1,1,1,1,0,1,1,1
2861,0.068616342373164,0,0,1,1,0,0,0,1,1,1,0,0,0,0,1,0,1,1,0,0
2862,-0.665787634446266,0,0,0,0,1,0,1,1,0,0,0,0,1,0,1,0,0,1,1,0
2863,-0.526341383584732,1,0,1,0,0,0,1,1,1,1,0,0,1,0,1,0,0,1,0,0
2864,-1.14763828728386,1,1,1,0,0,0,0,1,1,1,0,0,0,0,0,0,1,1,0,0
2865,-1.43594573619042,0,1,0,0,0,0,1,0,0,0,0,0,1,0,1,0,0,0,0,1
2866,-0.866614027545802,0,0,0,0,0,0,1,1,0,1,0,0,0,0,1,0,0,0,0,0
2867,1.5487163631815,0,1,1,1,1,0,0,1,1,1,0,1,0,1,0,1,1,1,0,1
2868,0.547111593297148,0,0,0,1,1,0,1,1,1,1,0,0,1,1,0,0,1,1,0,0
2869,-0.649898231167578,0,0,0,1,1,0,0,1,0,1,0,0,0,0,1,0,1,1,1,1
2870,1.19022513940055,1,1,0,1,0,0,0,1,0,0,0,1,1,1,1,1,0,0,1,1
2871,0.795215941747292,1,0,1,1,0,0,0,1,0,1,0,1,1,1,1,0,1,0,0,1
2872,0.159486683911079,1,0,0,0,1,0,1,1,0,1,0,1,0,1,0,0,0,1,0,1
2873,0.228298665368643,1,0,1,1,0,0,0,1,1,1,0,0,1,1,1,0,1,1,1,0
2874,-0.676383186812758,1,1,0,0,0,0,1,1,0,1,0,0,0,0,0,0,0,0,0,1
2875,1.28097706021935,1,1,0,1,0,0,0,1,0,1,0,1,1,1,1,1,0,1,1,1
2876,0.0184882632505698,1,0,1,1,1,0,1,1,1,1,0,0,1,0,0,0,1,1,1,0
2877,-0.957782186951192,0,0,0,0,1,0,0,0,0,0,0,0,1,0,0,0,1,0,0,0
2878,1.01209921116243,0,0,1,1,0,0,0,1,1,1,0,0,1,1,1,1,0,0,0,0
2879,1.52629509112938,1,0,1,1,0,0,1,1,1,1,0,1,0,1,1,1,0,0,0,0
2880,2.13146775214297,1,1,0,1,0,0,0,1,1,1,1,1,1,1,1,1,0,1,1,0
2881,1.36816034167266,0,1,0,1,0,0,1,1,1,1,0,1,1,1,1,1,0,1,0,1
2882,1.60487289136143,1,0,1,1,0,0,1,1,1,0,0,1,1,1,1,1,1,0,0,1
2883,0.252118541762538,0,1,1,1,0,0,0,1,1,0,0,0,1,1,1,0,0,1,0,0
2884,1.07392677955264,0,1,1,1,1,0,1,1,0,1,0,0,0,1,1,0,1,1,0,1
2885,1.31320680826642,1,1,1,1,0,0,0,1,1,1,0,1,0,1,1,1,0,0,1,1
2886,-0.543825002481606,1,0,0,1,0,0,1,1,0,0,0,0,0,0,0,0,1,0,0,0
2887,-0.14278744823908,0,0,0,1,0,0,0,1,0,0,0,0,0,1,1,0,0,0,0,0
2888,2.59969466253223,1,0,1,1,1,0,1,1,1,0,1,1,0,1,1,1,0,1,1,1
2889,-1.1150177469795,0,0,0,1,0,0,1,0,1,0,0,0,0,0,0,0,1,0,0,0
2890,-1.59799773210192,0,0,0,0,0,0,0,0,0,0,0,0,0,0,1,0,1,0,0,1
2891,2.354885405267,1,0,1,1,1,1,1,1,0,0,0,1,0,1,1,1,1,0,0,1
2892,-0.101651539268246,1,0,1,0,0,0,1,1,1,1,0,1,1,0,1,0,0,0,1,1
2893,-0.124431405170923,0,0,1,1,1,0,0,1,0,0,0,1,0,0,1,0,1,0,0,1
2894,0.364908779573813,0,1,1,1,1,0,0,1,1,1,0,0,0,0,1,0,0,0,1,0
2895,-1.64707708914053,0,0,0,0,0,0,0,0,1,1,0,0,0,0,1,0,1,0,0,0
2896,-0.857283025996262,0,0,0,1,0,0,0,1,0,0,0,0,1,0,0,0,0,0,0,0
2897,0.843758405899625,1,0,0,1,0,0,1,1,0,0,0,0,0,1,1,0,1,0,0,0
2898,1.15381745135954,1,1,1,1,0,0,0,1,1,1,0,1,1,1,1,1,0,0,0,1
2899,-0.336436138395965,0,0,0,0,0,0,0,1,0,0,0,0,0,0,0,0,0,0,1,0
2900,1.05372481560435,0,1,0,1,1,0,1,1,1,0,0,0,0,0,0,1,1,0,1,0
2901,0.646312218369786,0,0,0,1,1,0,0,1,1,1,0,1,0,0,1,0,1,1,1,0
2902,-0.127542347728533,0,0,0,1,1,0,0,1,0,0,0,0,0,0,1,0,0,0,1,0
2903,-0.862213207497819,0,1,1,0,0,0,1,1,1,1,0,0,0,1,1,0,0,0,1,0
2904,0.672447113180631,1,1,0,1,0,0,1,1,0,0,0,0,1,1,1,0,1,0,1,1
2905,-0.991457355461849,0,0,0,0,1,0,1,1,0,0,0,0,0,0,1,0,0,1,0,0
2906,0.0584050131271566,0,1,0,1,1,0,0,1,0,0,0,1,1,0,0,0,1,0,0,1
2907,0.243922739762236,1,1,0,1,0,0,1,1,0,1,0,0,0,0,0,1,0,1,1,0
2908,0.20693135441731,0,0,0,1,0,0,1,1,0,1,0,1,1,0,1,0,0,1,1,1
2909,-0.612652256184235,0,0,1,1,1,0,0,1,0,0,0,0,0,0,0,0,0,1,0,1
2910,0.187808059942031,0,1,1,1,0,0,0,1,0,0,0,0,1,0,1,0,0,1,0,1
2911,0.442525017816854,1,0,0,1,1,0,1,1,0,1,0,0,1,1,0,0,0,0,1,0
2912,0.493771106544657,1,0,1,1,1,0,1,1,1,0,0,0,1,1,1,0,1,1,0,0
2913,-0.44751812114586,0,0,0,0,1,0,1,1,0,0,0,0,1,0,0,0,0,0,1,0
2914,-0.663735507241609,0,0,0,1,1,0,0,1,0,0,0,0,1,0,1,0,1,1,1,1
2915,-0.292536788164136,1,0,0,0,0,0,1,1,1,1,0,0,1,0,1,0,0,1,0,1
2916,-0.763522418561399,0,1,1,1,0,0,1,1,0,0,0,0,1,0,0,0,0,0,0,0
2917,-0.669730150992914,0,0,0,1,1,0,0,1,0,0,0,0,1,0,1,0,1,0,0,0
2918,-0.161065030956793,1,0,1,0,1,0,1,1,0,0,0,0,0,0,1,0,1,1,0,1
2919,1.3462170715122,0,0,0,1,1,0,0,1,0,1,1,1,1,1,1,1,1,0,0,1
2920,-0.576970905402041,1,0,0,0,1,0,1,0,0,0,0,0,1,0,1,0,0,1,0,1
2921,-0.15314673350868,1,0,0,0,1,0,1,1,0,0,0,0,1,0,0,0,0,0,1,1
2922,-0.698366604275146,0,1,1,0,1,0,0,1,0,0,0,0,0,0,1,0,1,0,0,1
2923,-0.493458073896338,1,0,0,0,1,0,1,1,1,0,0,1,1,0,0,0,0,0,0,1
2924,0.265427120218601,1,0,1,0,0,0,0,1,0,1,0,0,0,0,0,0,1,0,0,1
2925,0.265192348105186,0,1,1,1,0,0,1,1,0,0,0,1,1,1,0,1,0,0,1,0
2926,-0.431757631111977,1,0,0,0,0,0,1,1,0,1,0,0,1,0,0,0,1,1,0,0
2927,-0.0944259878867523,1,0,0,1,1,0,1,1,1,0,0,0,1,0,1,0,0,0,0,1
2928,-0.347576420245479,1,1,1,0,0,0,0,1,0,0,0,0,0,0,1,0,1,1,1,1
2929,-1.03429251854611,1,1,0,0,0,0,1,0,1,1,0,0,0,0,0,0,1,0,0,0
2930,-0.0166429160732715,1,0,0,1,0,0,0,1,1,0,0,0,0,0,1,0,0,0,0,0
2931,1.39226560714003,1,1,1,1,1,0,0,1,1,1,0,1,1,1,0,1,1,1,0,0
2932,1.19488869006102,0,1,0,1,0,0,1,1,1,0,0,1,0,1,1,1,1,0,0,0
2933,2.08745432333895,1,1,1,1,1,0,0,1,0,0,1,1,1,1,1,1,1,1,0,1
2934,-0.634999434928983,0,1,0,1,0,0,1,0,0,0,0,0,0,0,1,0,0,1,0,0
2935,0.298466435497755,0,1,0,1,0,0,0,1,1,1,0,0,1,1,0,1,0,0,0,0
2936,-0.426277160407825,1,0,0,0,1,0,1,1,0,0,0,0,0,0,1,0,0,1,1,0
2937,0.227452752368035,1,0,0,1,1,0,1,1,0,1,0,0,0,0,1,0,1,1,0,1
2938,-0.528208017546494,1,1,1,1,0,0,0,1,1,0,0,0,0,0,0,0,0,0,0,1
2939,0.924821491343037,0,0,0,1,1,0,1,1,1,0,0,0,1,1,1,1,1,1,0,0
2940,-0.0821297087763018,1,1,0,1,1,0,1,1,0,0,0,0,0,0,1,0,1,1,1,0
2941,0.666339670756017,1,0,0,0,1,0,1,1,1,1,0,0,1,0,1,1,1,1,0,1
2942,1.65975418727271,0,1,1,1,1,0,1,1,1,1,0,1,1,1,1,1,1,1,0,1
2943,-0.789623804912011,1,0,0,1,0,0,0,0,1,0,0,0,0,0,1,0,1,0,0,1
2944,-2.0273626318816,0,1,1,0,0,0,0,0,1,0,0,0,0,0,1,0,0,0,0,1
2945,-0.333632231663518,1,0,1,1,1,0,1,0,0,1,0,0,1,0,1,0,1,1,0,1
2946,-0.698049585957983,1,1,0,0,0,0,1,1,0,0,0,0,0,0,1,0,0,1,0,1
2947,0.15554406023985,0,0,0,1,0,0,1,1,1,1,0,0,0,0,1,0,0,0,0,1
2948,-1.21598368952385,0,0,1,0,1,0,0,1,1,0,0,0,1,0,1,0,1,0,0,0
2949,0.0586945761229598,0,1,0,1,0,0,0,1,0,0,0,0,0,0,1,0,0,0,0,0
2950,1.13750255954198,1,1,0,1,1,0,1,1,1,0,0,1,1,1,0,0,0,0,1,1
2951,-0.92868308793522,0,1,1,1,1,0,0,0,1,1,0,0,1,0,0,0,1,0,1,1
2952,-0.192647249754608,0,0,0,1,0,0,0,1,0,1,0,1,1,0,0,0,1,0,0,0
2953,0.00201948322698717,0,1,1,1,0,0,1,0,0,0,0,0,0,0,0,0,0,0,0,1
2954,-0.504301258167116,1,0,0,0,1,0,0,1,1,1,0,0,1,0,0,0,0,0,0,0
2955,-1.07970836114891,0,1,1,0,1,0,0,1,1,1,0,0,0,0,0,0,1,1,0,1
2956,-0.956707890021689,1,1,1,0,0,0,0,1,0,0,0,0,1,0,0,0,0,0,0,1
2957,-0.320083317387897,0,1,1,1,1,0,0,1,0,1,0,0,1,0,0,0,0,0,1,0
2958,-0.248906254483929,1,1,1,1,1,0,0,1,0,1,0,0,0,1,1,0,0,0,1,0
2959,-2.2954979783791,1,0,0,0,1,0,0,0,0,0,0,0,0,0,1,0,1,1,0,1
2960,-1.24550187580012,0,1,0,0,1,0,0,0,1,1,0,0,0,0,1,0,1,0,0,1
2961,-0.547036496432571,1,1,0,1,1,0,1,0,1,1,0,0,1,0,0,0,1,0,0,1
2962,-0.606544630510206,0,0,1,0,1,0,1,1,1,0,0,0,1,1,1,0,0,0,0,0
2963,-0.295248572351391,1,1,0,0,1,0,0,1,0,1,0,0,1,0,1,1,0,0,0,1
2964,0.33888099112614,0,0,0,1,1,0,1,1,1,0,0,0,0,1,1,0,1,0,0,0
2965,0.979080162976931,0,1,1,1,1,0,0,1,1,1,0,1,0,1,1,1,1,0,1,1
2966,-0.137501952985894,0,0,0,1,0,0,0,1,0,1,0,0,1,0,0,0,1,1,0,0
2967,0.881571480193195,1,1,1,1,1,0,0,1,0,1,0,0,1,1,1,1,1,0,1,0
2968,-0.757285683881164,0,0,0,0,0,0,0,1,1,1,0,0,1,0,1,0,1,1,0,0
2969,0.739552494382314,1,0,0,1,0,0,0,1,1,0,0,0,1,1,1,1,0,1,1,0
2970,0.581224330971619,1,0,1,1,1,0,0,1,1,0,0,1,1,0,1,1,1,1,0,0
2971,0.239399625375592,1,0,1,1,0,0,0,1,0,0,0,0,0,1,1,1,1,0,0,0
2972,1.0797819712489,1,0,1,1,0,0,1,1,1,0,0,1,0,0,1,1,1,1,1,0
2973,1.7134162218255,0,1,0,1,0,0,1,1,0,1,0,1,0,1,1,1,1,0,1,0
2974,-1.44433106712849,0,0,0,0,1,0,0,0,1,1,0,0,1,0,0,0,0,0,0,0
2975,0.174433593133543,0,1,1,1,0,0,1,1,1,0,0,0,0,0,0,0,1,0,0,0
2976,-0.457573003464175,0,1,1,1,1,0,0,1,0,0,0,0,0,0,1,0,0,0,1,0
2977,-0.628991721424783,0,0,1,0,1,0,0,1,1,0,0,0,0,1,1,0,0,0,1,0
2978,0.699799975754906,1,0,0,1,0,0,1,1,1,0,0,0,1,1,1,0,1,1,1,1
2979,-0.0822748862341783,0,1,1,1,1,0,1,1,1,1,0,0,1,1,0,0,1,0,1,0
2980,1.77449799658978,0,0,0,1,1,0,0,1,1,0,0,1,1,1,0,1,1,1,1,1
2981,-2.47178240510496,1,0,0,0,1,0,0,0,1,0,0,0,0,0,1,0,0,1,0,1
2982,1.04867041003966,1,1,1,1,0,0,1,1,1,0,0,1,0,1,1,0,1,0,1,1
2983,-1.08855380801792,1,0,1,0,0,0,0,1,1,1,0,0,1,0,0,0,1,0,0,1
2984,1.15372885434249,0,1,0,1,0,0,1,1,1,0,0,1,1,1,1,1,0,0,1,0
2985,-1.21657622974644,1,0,1,0,1,0,0,1,0,0,0,0,0,0,0,0,0,0,0,0
2986,-0.423574373088584,1,0,1,1,0,0,1,1,0,0,0,0,1,0,1,0,1,0,0,1
2987,0.676798023189537,1,0,1,1,1,0,0,1,1,0,0,0,0,1,1,1,1,1,0,1
2988,-0.34313290655309,0,1,1,1,0,0,0,1,1,0,0,0,1,0,1,0,0,1,0,0
2989,0.0552206765105176,0,1,1,1,0,0,0,1,1,1,0,0,1,0,1,0,0,1,0,0
2990,-0.276132436600156,1,1,1,1,0,0,0,1,1,0,0,0,1,0,0,0,0,1,0,1
2991,0.491334313564874,0,0,1,1,0,0,0,1,1,1,0,0,1,1,0,0,0,0,1,1
2992,-0.486112778051591,1,0,0,1,0,0,0,1,1,1,0,0,0,0,1,0,1,1,1,0
2993,-0.9220269423686,1,1,0,1,0,0,1,1,0,0,0,0,1,0,1,0,1,1,0,1
2994,-0.760410697955591,0,0,0,1,1,0,0,1,0,0,0,0,0,0,0,0,1,0,1,1
2995,-0.522449976267035,1,1,1,0,0,0,1,1,1,0,0,0,0,0,0,0,0,1,0,0
2996,1.72458582110657,0,1,0,1,0,0,1,1,0,0,0,1,0,1,1,1,1,1,0,0
2997,-1.9794228242135,0,0,0,0,0,0,0,0,0,0,0,0,1,0,0,0,1,0,0,0
2998,0.314128774627284,0,1,1,1,1,0,0,1,0,1,0,0,0,0,0,1,1,1,1,0
2999,1.8409095647163,1,0,1,1,1,0,0,1,1,1,0,1,1,1,1,1,0,0,0,1
3000,0.551995616101883,1,1,0,1,1,0,0,1,1,0,0,1,1,0,1,1,0,1,1,1
3001,1.20959702316272,1,1,1,1,0,0,1,1,0,1,0,1,1,1,1,1,1,0,0,1
3002,0.140782253767471,1,0,1,1,1,0,0,1,1,0,0,1,0,0,0,0,1,0,0,1
3003,0.590414902220755,0,1,1,1,1,0,0,1,1,0,0,0,1,1,1,1,1,0,1,0
3004,2.16898712674184,1,1,1,1,0,0,0,1,1,0,0,1,1,1,0,1,0,1,1,0
3005,-0.295080391290902,1,1,1,1,0,0,0,1,0,0,0,0,0,0,0,0,0,1,1,0
3006,0.25733583318402,0,0,1,1,0,0,1,1,0,0,0,0,0,0,0,0,1,0,1,1
3007,-0.375648364100372,1,0,0,1,1,0,0,1,0,0,0,0,1,0,1,0,1,1,1,1
3008,1.71642533784344,1,1,1,1,1,0,1,1,1,0,0,1,1,0,1,1,0,1,0,0
3009,-0.301114644809443,0,0,1,1,1,0,0,1,1,1,0,0,0,0,1,0,0,0,0,1
3010,0.352499771970457,0,0,0,1,0,0,1,1,0,1,0,0,0,0,0,0,1,0,0,0
3011,-0.631940327543291,0,0,0,0,1,0,1,1,1,0,0,0,1,0,1,0,1,1,0,1
3012,1.43533364663876,1,1,0,1,1,0,0,1,0,0,0,1,0,1,1,1,1,1,0,0
3013,-0.515035731703307,0,1,1,0,1,0,1,1,1,0,0,0,0,1,0,0,0,0,1,0
3014,-0.954334231021458,1,0,0,0,0,0,1,1,1,1,0,0,0,0,1,0,1,1,0,1
3015,0.229688524968787,0,1,0,1,0,0,1,1,0,1,0,0,0,0,1,0,0,0,0,0
3016,0.60339262237521,1,1,0,1,1,0,1,1,0,1,0,1,1,0,1,0,0,1,0,0
3017,1.19988776325803,0,0,0,1,0,0,1,1,1,1,0,1,1,1,1,1,1,0,1,1
3018,-1.17863495392005,0,0,0,0,1,0,0,0,1,0,0,0,0,0,0,0,0,0,1,0
3019,1.02520984918546,0,0,1,1,0,0,0,1,1,1,0,1,1,1,1,1,0,1,1,1
3020,-1.12290062106671,0,0,0,0,0,0,0,1,0,1,0,0,0,0,1,0,1,0,0,1
3021,0.347532146232107,0,0,0,1,1,0,0,1,0,1,0,0,1,0,0,0,1,1,0,1
3022,1.78774032333089,1,1,1,1,0,0,1,1,0,1,1,1,1,1,1,1,0,1,1,1
3023,0.909056969833119,0,1,1,1,0,0,1,1,1,0,0,1,0,1,1,0,1,0,0,1
3024,-0.785360140540104,0,0,1,0,1,0,0,1,1,1,0,0,1,0,1,0,1,1,0,0
3025,-0.455302907917938,1,0,0,0,0,0,1,1,0,1,0,0,0,0,1,0,1,1,1,1
3026,-0.0164792196656309,0,0,1,1,0,0,1,1,1,0,0,0,0,0,1,0,1,0,0,1
3027,-0.18972424475943,0,1,0,1,1,0,1,1,1,0,0,0,1,0,1,0,1,0,1,1
3028,-0.702581813372999,0,1,0,0,1,0,0,1,0,0,0,0,0,0,0,0,0,1,0,0
3029,-0.424367738817424,1,0,0,1,1,0,1,1,1,1,0,0,1,0,1,0,1,0,0,0
3030,0.491041254718393,1,1,0,1,0,0,0,1,1,1,0,1,1,0,1,0,1,1,0,1
3031,0.342446271611896,1,0,0,1,0,0,1,1,1,1,0,0,1,1,0,0,0,0,0,1
3032,-0.593321991053975,0,1,0,1,1,0,1,1,0,1,0,0,1,0,0,0,0,0,0,1
3033,0.850321977055559,0,0,1,1,1,0,0,1,0,0,0,0,1,0,0,1,0,1,0,1
3034,0.246221628508113,0,1,0,1,1,0,0,1,1,0,0,0,1,1,1,0,1,1,0,1
3035,-0.694892334828888,1,0,0,0,0,0,1,0,0,0,0,0,0,0,1,0,1,0,1,0
3036,-0.429311177672712,1,0,0,0,1,0,1,1,1,0,0,0,0,0,1,0,1,1,0,0
3037,0.185201526509194,0,0,1,1,0,0,0,1,0,1,0,0,0,0,1,0,0,1,1,0
3038,2.76853124706002,0,0,1,1,0,1,1,1,1,0,1,1,1,1,1,1,0,1,1,1
3039,0.180433474835496,1,1,1,1,0,0,1,1,1,0,0,0,0,0,0,0,0,0,0,0
3040,-0.511745664622596,1,0,0,1,1,0,0,1,1,0,0,0,1,0,1,0,0,0,0,0
3041,1.08452937735087,1,0,1,1,0,1,0,1,0,0,0,1,0,0,1,0,0,0,1,0
3042,0.62034603360765,1,1,0,1,1,0,0,1,1,1,0,1,1,1,0,1,1,1,0,0
3043,-1.11321137138838,1,1,0,0,1,0,1,1,0,0,0,0,0,0,1,0,1,0,1,0
3044,-0.116407000339298,0,1,0,1,1,0,1,1,0,0,0,0,1,0,1,0,1,1,1,0
3045,-0.400035788095352,1,0,1,1,1,0,0,1,0,0,0,0,1,1,1,0,1,0,0,1
3046,-1.91452890120937,0,1,0,0,0,0,0,0,1,0,0,0,0,0,0,0,0,0,0,1
3047,1.20928603746003,0,1,0,1,0,0,1,1,0,1,0,1,1,1,0,1,1,0,0,0
3048,0.322908862883201,1,0,1,1,1,0,0,1,0,0,0,1,1,0,0,1,0,1,0,0
3049,-0.814964421782521,0,0,0,0,1,0,1,1,0,0,0,0,0,0,1,0,1,1,1,0
3050,0.241203317976464,1,0,1,1,0,0,0,1,0,0,0,0,0,1,1,0,1,0,0,1
3051,-0.18082668414296,0,0,0,1,1,0,1,1,0,0,0,0,0,0,1,0,0,0,1,0
3052,2.02905471480463,0,1,1,1,1,1,1,1,1,1,0,1,1,1,1,1,0,0,0,1
3053,-1.0851713734785,0,1,0,0,0,0,0,0,0,0,0,0,1,0,0,0,0,1,0,0
3054,0.617556866227978,0,0,1,1,1,0,1,1,0,0,0,0,0,0,1,0,0,0,1,1
3055,0.47328161936575,0,1,1,1,0,0,0,1,1,1,0,0,0,0,0,0,1,0,1,1
3056,1.12246077298306,1,0,1,1,0,0,1,1,1,1,0,1,1,1,1,1,0,1,1,0
3057,-0.556162012415027,1,1,0,1,0,0,1,1,0,1,0,0,1,0,1,0,0,1,0,0
3058,-0.0846694625395961,1,0,1,1,0,0,0,1,1,0,0,1,1,0,0,0,0,1,0,1
3059,-0.810762960695632,0,1,1,1,1,0,1,1,1,0,0,0,0,0,0,0,0,0,1,0
3060,0.201106061347674,0,0,1,0,0,0,0,1,1,0,0,0,0,0,0,0,0,1,0,1
3061,0.0896543352839376,1,0,0,1,1,0,1,1,1,0,0,0,1,1,1,0,1,0,0,1
3062,1.03807571307958,0,0,1,1,1,0,1,1,1,1,0,1,1,1,1,1,1,0,0,1
3063,0.0738314307335071,1,1,1,1,0,0,0,1,1,0,0,0,0,1,1,1,0,1,0,1
3064,0.0509149593073403,0,0,0,1,0,0,0,1,0,0,0,0,0,0,0,0,1,0,0,0
3065,0.890045738750187,1,0,0,1,1,0,1,1,1,1,0,1,0,1,1,0,1,1,0,0
3066,-0.486477886381287,1,1,1,1,0,0,0,1,0,0,0,0,0,0,0,0,1,1,0,0
3067,-2.17501739513817,1,0,1,0,0,0,0,0,0,0,0,0,1,0,0,0,1,1,0,0
3068,0.813846211583493,1,1,1,1,1,0,0,1,0,0,0,1,1,1,1,1,0,0,1,0
3069,-1.21085644631746,0,1,1,0,1,0,0,1,1,0,0,0,0,0,1,0,1,1,0,1
3070,-1.64978680543809,0,1,0,0,0,0,1,0,0,0,0,0,1,0,0,0,0,0,0,1
3071,0.916453721056415,0,1,1,1,1,0,0,1,0,0,0,1,1,1,1,0,1,1,1,0
3072,1.64058478235439,1,1,1,1,1,0,1,1,1,0,0,1,0,1,0,1,0,0,0,1
3073,-1.30828884967266,0,0,0,0,0,0,1,1,1,0,0,0,0,0,0,0,0,1,1,1
3074,-0.519544892325832,0,0,0,0,0,0,1,1,0,0,0,0,1,0,1,0,0,1,0,1
3075,-0.976041644509492,0,1,0,0,0,0,0,1,1,1,0,0,1,0,0,0,1,0,1,0
3076,-1.64914004634029,1,1,1,0,0,0,0,1,0,0,0,0,1,0,1,0,0,0,0,0
3077,-0.31388203510445,1,1,0,1,0,0,0,1,1,0,0,0,1,0,0,0,1,0,1,0
3078,1.09386904923201,0,1,1,1,1,0,1,1,0,1,0,1,1,1,1,1,0,1,1,0
3079,-0.0554718447193617,1,0,1,1,1,0,0,1,1,0,0,0,1,0,1,0,1,1,0,1
3080,1.11177973397925,0,1,0,1,1,0,1,1,1,0,0,1,1,1,0,1,1,0,1,0
3081,0.989991250518465,1,1,0,1,1,0,0,1,0,1,0,0,1,1,0,1,0,1,0,1
3082,1.40726307951417,0,1,1,1,0,0,1,1,0,0,0,1,1,1,1,1,0,1,1,1
3083,1.00669138689329,1,1,1,1,1,0,1,1,1,1,0,1,0,1,0,1,1,1,0,0
3084,0.694636436172445,0,0,0,1,0,0,0,1,0,0,0,1,1,1,1,1,1,0,0,1
3085,0.320343720165836,0,1,0,1,1,0,0,1,0,1,0,1,1,0,1,0,0,0,1,1
3086,0.140895912033007,1,1,0,1,1,0,1,1,0,1,0,0,1,1,0,0,0,0,0,1
3087,-0.840429242502495,1,1,0,0,1,0,1,1,1,1,0,0,0,0,0,0,0,1,0,0
3088,-0.840555362298504,1,0,0,0,1,0,0,1,0,0,0,0,1,0,1,0,0,1,0,1
3089,-0.615323680287666,1,1,1,1,0,0,0,1,0,0,0,0,1,0,0,0,1,0,0,1
3090,-0.511950556702523,0,0,1,1,0,0,1,1,1,0,0,0,0,0,1,0,1,0,1,0
3091,-0.583982589832509,1,1,0,1,1,0,1,1,1,0,0,1,0,0,1,0,1,0,0,1
3092,-2.0316323835292,0,0,0,0,0,0,1,0,0,1,0,0,1,0,0,0,0,0,1,1
3093,0.950353977802505,1,1,1,1,1,0,0,1,0,1,0,0,1,1,1,1,1,0,1,1
3094,0.810995942081654,0,1,1,1,1,0,0,1,0,0,0,0,1,1,1,0,1,0,0,1
3095,-0.650145254629776,0,1,1,0,1,0,1,1,0,0,0,0,0,0,0,0,1,0,0,0
3096,-0.0320455454616613,1,1,1,1,0,0,1,1,0,1,0,0,0,0,0,0,0,1,1,1
3097,0.365328253503938,1,1,0,1,1,0,0,1,1,0,0,0,1,1,1,1,1,0,0,1
3098,-0.785132919275263,0,0,0,0,0,0,1,1,0,1,0,0,0,0,1,0,0,1,0,1
3099,-0.973910901078767,1,0,1,0,0,0,0,1,1,0,0,0,1,0,0,0,0,0,1,1
3100,-1.33987064713135,0,1,1,0,0,0,1,0,1,1,0,0,0,0,0,0,0,0,0,1
3101,-0.208571048353037,1,1,1,1,1,0,1,1,1,0,0,0,1,1,1,0,1,0,1,0
3102,0.729549527170482,0,1,0,1,0,0,0,1,0,1,0,0,1,0,1,0,0,0,1,1
3103,-0.869786379711613,1,0,0,0,0,0,0,1,0,1,0,0,0,0,0,0,1,0,0,1
3104,-0.909112316107103,1,1,0,1,0,0,0,0,1,0,0,0,0,0,1,0,0,1,0,1
3105,-0.700539851545479,0,1,0,0,0,0,0,1,1,1,0,0,0,0,0,0,1,0,0,0
3106,0.666342623899521,0,1,1,1,1,0,0,1,1,0,0,0,1,0,0,1,1,1,1,0
3107,-0.49883144019411,1,1,1,0,0,0,0,1,0,0,0,0,1,0,0,0,0,0,1,1
3108,-0.596367893960075,1,0,0,1,1,0,0,1,1,1,0,0,0,0,1,0,1,1,1,0
3109,-0.291826996594822,0,0,0,1,0,0,1,1,1,0,0,0,0,0,0,0,1,1,0,1
3110,0.896351050946429,1,1,1,1,0,0,1,1,0,0,0,1,0,1,1,1,0,0,1,0
3111,-0.273702785853386,1,0,1,0,0,0,0,1,0,0,0,0,1,0,1,0,0,1,0,1
3112,0.635038365778721,1,1,0,1,0,0,1,1,1,0,0,0,1,0,0,0,0,1,1,1
3113,-0.257828642742701,1,0,0,0,0,0,0,1,1,1,0,0,0,0,1,0,1,1,1,1
3114,-1.0426141246034,1,0,0,1,0,0,1,1,1,0,0,0,0,0,1,0,1,0,0,1
3115,0.4817773291843,1,1,1,1,0,0,1,1,1,1,0,0,0,0,0,0,1,1,1,1
3116,1.58334187790025,1,1,0,1,1,0,1,1,0,0,0,1,0,1,1,1,0,1,1,0
3117,1.29176277457198,1,1,0,1,0,0,0,1,1,1,0,1,1,1,1,1,1,0,0,1
3118,0.0693039343814578,0,0,0,1,1,0,1,1,1,0,0,0,0,0,1,0,1,1,0,1
3119,0.916167056750517,1,1,1,1,0,0,0,1,0,0,0,0,0,1,0,1,0,1,0,1
3120,-0.285077701036176,1,0,0,0,0,0,0,1,0,1,0,0,0,0,0,1,0,0,0,0
3121,1.243541403117,1,0,0,1,0,0,0,1,1,1,0,1,1,1,1,1,1,0,1,1
3122,-1.72745648998393,1,1,0,0,0,0,0,0,0,1,0,0,1,0,1,0,0,1,0,1
3123,0.0717310822114342,1,0,0,1,1,0,1,1,0,0,0,1,0,0,1,0,0,1,0,1
3124,0.549214104639308,0,1,0,1,0,0,0,1,1,0,0,0,0,1,1,1,1,1,1,0
3125,0.169612356874155,1,0,0,1,1,0,0,1,0,1,0,0,0,0,1,0,0,0,0,1
3126,0.336061964566999,1,1,0,1,0,0,1,1,0,0,0,1,0,1,0,0,1,0,0,1
3127,0.781957164664736,1,1,0,1,0,0,0,1,0,0,1,1,0,1,1,1,0,1,0,0
3128,-1.30316707330134,0,0,0,1,1,0,1,1,0,1,0,0,1,0,0,0,1,0,0,1
3129,-1.3981359605321,1,1,0,0,1,0,0,0,1,1,0,0,0,0,1,0,0,1,1,0
3130,-0.514892467329263,1,0,0,1,1,0,1,1,0,0,0,0,0,0,0,0,0,1,0,1
3131,-0.211109292919954,0,0,0,0,1,0,1,0,0,0,0,0,1,0,1,0,0,1,1,0
3132,-0.671676215578205,1,0,0,0,0,0,1,1,1,0,0,0,0,0,0,0,0,1,1,1
3133,-1.18878168100309,0,1,1,1,0,0,0,1,0,0,0,0,1,0,0,0,1,1,0,1
3134,-1.1775884783329,0,0,0,0,1,0,0,1,0,1,0,0,0,0,0,0,0,0,0,0
3135,-0.550201837698121,0,1,0,1,0,0,1,1,1,1,0,0,1,0,0,0,0,0,0,1
3136,-1.04123434465524,0,0,1,1,1,0,0,0,0,0,0,0,0,0,0,0,0,1,1,0
3137,0.398013752966894,0,1,1,1,1,0,0,1,0,0,0,0,0,1,1,1,1,1,1,1
3138,0.338538914347146,1,1,0,1,1,0,0,1,0,0,0,0,0,1,1,0,0,1,0,1
3139,0.0616326417319975,1,1,1,1,1,0,0,1,1,0,0,0,0,0,0,0,0,1,0,0
3140,-0.751295985340148,1,1,1,1,0,0,0,1,1,1,0,0,1,0,1,0,0,1,1,1
3141,1.23929534800002,0,1,0,1,0,0,0,1,1,0,0,1,1,0,1,1,1,1,0,1
3142,-0.603665026210535,1,0,1,0,1,0,1,0,1,0,0,0,0,0,0,0,0,1,0,1
3143,0.187442796742583,0,0,1,1,0,0,0,1,0,0,0,0,0,0,1,1,1,0,0,1
3144,-1.11441208203585,1,0,0,0,0,0,1,1,1,1,0,0,0,0,0,0,1,0,1,0
3145,1.46593665337359,0,0,1,1,1,0,1,1,0,1,0,1,0,1,0,1,1,0,0,0
3146,-0.821676101384268,0,0,1,0,1,0,0,0,0,1,0,0,1,0,1,0,1,1,1,0
3147,-0.699850172356438,1,0,1,0,0,0,1,1,0,1,0,1,0,0,1,0,0,1,0,1
3148,2.47427351900873,1,0,0,1,0,1,0,1,1,1,1,1,0,1,1,1,1,1,0,1
3149,1.11913782418549,1,0,1,1,1,0,1,1,1,0,0,0,0,0,1,0,0,1,0,1
3150,-0.18983959509893,0,0,0,1,0,0,0,1,0,0,0,0,0,0,1,0,0,0,0,0
3151,-0.161905878882364,0,1,0,1,0,0,0,1,1,0,0,0,1,1,1,0,0,0,0,0
3152,-0.958181809224348,1,1,1,0,0,0,1,1,0,0,0,0,0,0,0,0,0,1,0,0
3153,1.32106302354492,0,1,0,1,1,0,1,1,1,0,0,0,1,1,1,1,0,0,1,1
3154,1.34477380036466,1,1,0,1,1,0,1,1,1,1,0,0,1,1,0,1,1,1,0,0
3155,1.6373685942492,1,0,1,1,0,0,0,1,1,1,1,1,1,1,1,1,0,0,0,0
3156,-1.16420939182154,1,1,1,0,0,0,1,1,1,1,0,0,0,0,1,0,0,1,0,1
3157,0.389800667723972,1,1,0,1,1,0,1,1,1,1,0,0,0,1,0,0,0,0,1,1
3158,0.0955315740832217,1,0,1,1,1,0,1,1,1,1,0,0,0,1,1,0,0,1,1,0
3159,-1.31311775384681,1,0,0,0,0,0,1,0,0,0,0,0,1,0,1,0,1,1,0,0
3160,-0.0372505611620583,1,0,1,1,1,0,1,1,1,1,0,0,1,0,0,0,0,1,1,0
3161,1.83724346403244,0,0,1,1,1,0,0,1,0,1,0,1,1,1,1,1,0,1,1,0
3162,0.726636504839753,0,1,1,1,0,0,0,1,0,0,0,1,0,1,1,1,1,1,0,1
3163,2.01244286830659,1,1,0,1,1,0,0,1,1,0,0,1,1,1,1,1,1,1,0,1
3164,0.103774786988399,0,0,0,1,0,0,1,1,1,1,0,0,1,0,0,0,1,1,1,1
3165,1.35335334928453,1,0,1,1,0,0,1,1,1,0,0,1,0,1,0,1,0,1,1,0
3166,-0.321136232296754,0,1,0,1,1,0,1,1,0,0,0,0,0,0,1,0,0,0,0,0
3167,0.480999978446721,0,1,1,1,0,0,0,1,0,0,0,0,0,0,1,1,1,1,1,1
3168,-0.180388679820251,0,1,1,0,1,0,0,1,0,0,0,0,0,0,0,0,0,0,0,0
3169,-0.901639943010391,1,1,0,1,1,0,1,1,0,0,0,0,1,0,1,0,0,0,0,0
3170,-0.52899915858505,1,1,1,1,0,0,1,1,0,0,0,0,0,0,0,0,0,0,0,1
3171,-1.41285262844595,1,0,0,0,0,0,0,0,1,1,0,0,0,0,0,0,1,1,0,0
3172,-1.11112396335319,0,0,0,0,0,0,1,0,0,0,0,0,0,0,0,0,0,0,1,1
3173,-0.339464622286716,0,0,0,1,1,0,0,1,1,0,0,0,1,0,1,0,1,0,0,1
3174,-0.999585634505688,1,0,1,0,0,0,1,0,0,0,0,0,1,0,0,0,1,0,0,1
3175,1.3472857792751,0,1,1,1,1,0,1,1,1,1,0,1,0,1,1,1,1,0,0,0
3176,1.62128561081163,0,1,1,1,0,0,1,1,0,1,0,1,1,1,1,1,1,0,0,1
3177,0.957670722345733,0,0,0,1,0,0,1,1,0,1,0,0,1,1,1,1,1,0,1,1
3178,0.0348881145572766,1,1,0,1,1,0,1,1,1,0,0,0,0,0,0,1,1,0,0,0
3179,-0.193236309922464,0,1,1,1,1,0,0,1,1,1,0,1,0,0,1,1,1,1,1,1
3180,0.760996608000646,1,0,0,1,0,0,0,1,1,1,0,0,0,1,0,1,1,1,0,1
3181,0.620482093977721,0,1,1,1,1,1,1,1,0,0,0,0,1,0,1,0,0,0,0,1
3182,1.96831314718846,1,1,1,1,0,0,0,1,0,1,0,1,1,1,1,1,1,0,1,1
3183,0.490563669996287,0,0,0,1,0,0,1,1,0,0,0,0,0,1,0,0,1,0,1,1
3184,-0.699849345679346,1,1,0,1,0,0,0,0,0,1,0,0,0,0,1,0,1,0,0,0
3185,0.49873087798359,0,0,1,1,0,0,1,1,0,0,0,0,1,1,1,1,1,0,1,1
3186,0.709897022213783,1,1,1,1,0,0,1,1,1,1,0,0,0,0,0,1,1,1,0,0
3187,-1.99172815700866,0,1,1,0,0,0,1,0,0,0,0,0,1,0,0,0,0,0,0,0
3188,-1.74706896751984,0,1,0,0,1,0,0,1,1,0,0,0,1,0,0,0,0,1,0,0
3189,-0.148045908253668,1,1,1,0,0,0,0,0,0,0,0,0,0,0,0,1,0,1,1,0
3190,-1.08087799877394,1,0,0,0,0,0,1,0,1,0,0,0,1,0,0,0,0,1,0,0
3191,-0.51457500568226,0,1,0,1,1,0,0,1,0,0,0,0,1,0,0,0,1,1,1,0
3192,1.42357358022497,0,0,1,1,1,0,1,1,1,1,0,1,1,1,1,1,0,0,0,1
3193,0.621182513865377,1,1,0,1,0,0,1,1,1,1,0,0,0,1,0,0,0,1,0,0
3194,1.6927780278657,1,1,0,1,0,0,1,1,1,1,0,1,1,1,1,1,1,0,0,1
3195,-0.0537272825479911,1,0,0,1,1,0,1,1,1,0,0,0,1,0,1,1,0,0,0,0
3196,-0.216280839161882,1,0,1,0,1,0,0,1,0,1,0,0,1,0,1,1,0,1,1,1
3197,1.00705888736998,1,1,1,1,0,0,0,1,1,1,0,0,1,1,1,1,1,0,0,0
3198,0.163587501223936,1,0,0,1,0,0,1,1,1,1,0,1,1,1,1,1,1,1,1,1
3199,-0.0191287102356194,0,1,1,0,1,0,0,1,0,0,0,1,0,0,1,0,0,1,0,0
3200,-0.544448572092253,0,0,0,1,0,0,0,1,1,0,0,0,1,0,1,1,0,1,0,1
3201,-0.683454443701419,1,0,0,1,1,0,1,0,1,0,0,0,1,0,0,0,1,1,0,0
3202,1.19497340081498,0,0,1,1,1,0,1,1,0,1,0,1,1,1,1,1,0,0,0,1
3203,1.08966367032495,1,0,0,1,0,0,0,1,0,1,0,0,0,1,1,1,1,1,1,0
3204,-0.703857708154776,1,1,0,1,1,0,0,1,1,0,0,0,1,0,0,0,0,1,1,0
3205,-0.774719362485409,0,0,0,0,1,0,0,0,0,0,0,0,0,0,0,0,1,0,0,0
3206,-0.0503001625792061,0,0,1,0,0,0,1,1,1,0,0,0,1,0,0,0,0,0,1,0
3207,-0.422321917173239,0,0,0,1,1,0,0,1,1,0,0,0,0,0,1,0,1,0,0,0
3208,-0.108471295202995,0,0,1,1,0,0,1,1,0,0,0,0,1,1,1,1,0,0,1,1
3209,0.190456577481382,1,0,0,1,0,0,0,1,1,0,0,0,1,0,0,0,1,1,0,1
3210,0.480865990504815,0,0,0,1,0,0,1,1,1,0,0,1,1,1,1,0,1,0,1,1
3211,0.163921541965331,1,1,0,0,0,0,0,1,1,0,0,1,0,0,1,0,1,0,0,0
3212,2.04985297016392,1,1,1,1,1,0,1,1,0,1,0,1,1,1,1,1,1,1,1,1
3213,0.11926692893264,0,1,0,1,0,0,0,1,1,0,0,0,1,0,1,0,1,1,1,0
3214,-0.916563426189113,0,0,0,1,1,0,1,1,0,0,0,0,0,0,1,0,0,1,0,0
3215,-0.490487733290228,1,0,0,1,1,0,0,0,0,0,0,0,1,0,1,0,1,0,0,1
3216,0.143409187800464,1,1,0,0,1,0,0,1,0,1,0,0,1,0,0,0,0,0,0,0
3217,-0.921805847950262,0,1,0,0,0,0,1,1,0,0,0,0,0,0,0,0,1,1,1,1
3218,-0.0190965702569837,1,0,0,1,0,0,0,1,0,0,0,1,0,1,1,0,1,1,1,1
3219,-0.177855169798811,0,0,0,0,0,0,0,1,1,1,0,0,0,0,0,1,1,0,0,0
3220,-1.72733760629496,0,1,0,0,0,0,0,0,0,0,0,0,0,0,1,0,0,1,0,1
3221,-0.937038402616096,1,0,0,0,1,0,1,1,0,0,0,0,1,0,0,0,0,0,0,0
3222,0.272725925394474,1,0,1,1,1,0,1,1,0,0,0,0,1,0,0,0,1,1,1,1
3223,0.322874169300038,0,0,0,1,1,0,0,1,0,1,0,0,1,1,1,0,1,0,1,0
3224,0.224726575436302,1,1,1,1,1,0,1,0,0,1,0,1,0,1,0,0,0,0,1,1
3225,-0.453117290921184,0,1,0,1,1,0,0,1,1,0,0,0,0,0,0,0,0,1,0,1
3226,-1.45629804337703,0,0,1,0,0,0,0,0,0,1,0,0,0,0,0,0,1,0,1,0
3227,0.627898694285491,1,1,0,1,0,0,0,1,0,0,0,1,0,1,0,1,0,1,0,0
3228,-0.284566349648009,1,1,0,1,1,0,1,1,0,0,0,0,1,0,1,0,1,0,1,1
3229,-1.20151660403878,1,1,1,0,0,0,0,0,1,0,0,0,0,0,0,0,1,0,1,0
3230,-1.27010121226783,0,0,1,0,1,0,1,0,1,0,0,0,1,0,1,0,0,0,0,0
3231,1.81499031743305,1,1,0,1,1,0,1,1,0,1,0,1,1,1,1,1,1,1,0,1
3232,-0.311299491785793,0,0,1,1,0,0,0,0,0,0,0,0,1,0,0,0,0,0,0,1
3233,0.166369350185112,0,0,0,1,0,0,0,1,0,1,0,0,1,0,1,1,1,0,1,0
3234,-1.60092412897975,1,1,1,0,1,0,1,1,0,1,0,0,0,0,0,0,1,0,0,1
3235,-0.70573161341822,0,0,0,1,1,0,1,1,1,1,0,0,0,0,0,0,0,1,0,0
3236,-0.327844404205799,0,1,0,0,0,0,0,1,1,1,0,0,0,0,0,1,0,1,0,1
3237,0.394812667615748,0,0,0,1,1,0,0,1,1,1,0,1,0,0,1,0,0,1,1,0
3238,1.51109506116449,0,1,0,1,0,0,1,1,0,1,0,0,0,1,1,1,0,1,1,0
3239,-1.06942653189923,1,1,0,0,0,0,1,1,0,1,0,0,1,0,0,0,1,0,1,0
3240,0.38460300455334,1,1,1,1,1,0,0,1,0,0,0,1,1,1,1,1,1,0,1,0
3241,-0.345699727371937,1,1,1,0,1,0,1,1,1,0,0,0,0,0,1,0,0,0,1,1
3242,0.246075648138463,1,1,1,1,0,0,0,1,0,1,0,0,0,0,1,0,0,0,0,1
3243,-0.810538684945655,0,1,0,0,0,0,0,1,0,0,0,0,0,0,1,1,0,0,1,0
3244,0.771161274128414,0,0,1,1,1,0,0,1,0,0,0,0,0,1,0,0,1,0,1,0
3245,-0.615492948954518,0,0,0,0,0,0,1,0,1,0,0,0,1,0,1,0,1,1,0,0
3246,0.301637236007703,1,1,1,1,0,0,0,1,1,1,0,1,0,1,1,0,1,1,1,0
3247,0.81841321247272,1,0,1,1,0,0,0,1,1,0,0,0,0,1,0,1,0,0,1,1
3248,1.30871213708695,1,1,1,1,0,0,0,1,1,0,0,1,0,1,1,0,0,0,1,1
3249,0.449227232482271,0,0,1,1,1,0,1,1,1,1,0,1,0,1,0,0,1,0,1,0
3250,0.472716069407936,1,0,0,1,0,0,1,1,1,0,0,0,1,0,1,1,0,0,0,0
3251,-0.281957679667854,0,0,0,1,1,0,1,1,0,0,0,0,1,0,0,0,1,0,0,1
3252,0.496154749113336,0,0,0,1,0,0,0,1,0,0,0,0,1,0,1,0,0,0,1,0
3253,0.925455030890796,1,1,0,1,0,0,0,1,1,1,0,0,0,1,0,1,0,0,1,1
3254,0.72727638529419,1,1,1,1,1,0,1,1,0,0,0,1,0,1,0,0,1,1,0,1
3255,-0.2607788613445,1,0,0,1,1,0,0,1,0,0,0,0,0,0,0,0,0,0,1,1
3256,0.239022632849798,1,0,0,1,1,0,0,1,0,1,0,0,0,0,1,1,1,1,0,0
3257,-0.925322870334776,0,1,1,0,1,0,0,0,0,1,0,0,1,0,1,0,1,1,0,0
3258,-1.62964762994028,0,1,0,0,1,0,0,0,1,0,0,0,1,0,1,0,0,0,0,1
3259,-0.251478370312999,0,0,0,0,0,0,0,1,1,0,0,0,0,0,0,0,1,0,0,0
3260,-0.833676598677079,1,0,0,0,1,0,1,0,0,0,0,0,0,0,1,0,1,0,0,0
3261,0.573540610486189,0,1,0,1,1,0,0,1,1,0,0,0,0,1,0,1,1,1,1,1
3262,0.355046187321574,1,0,0,0,1,0,0,1,0,0,0,0,1,0,1,0,1,1,0,0
3263,-0.432916146545537,1,1,1,0,1,0,0,1,0,1,0,0,1,0,1,0,0,1,0,0
3264,-0.517521082769724,0,1,1,1,0,0,0,1,1,0,0,0,0,0,1,0,0,1,1,0
3265,0.18541544941094,0,0,1,1,0,0,1,1,0,1,0,0,1,1,0,0,1,0,1,1
3266,0.824788311367681,0,1,1,1,1,0,1,1,1,0,0,1,0,0,1,1,1,0,0,0
3267,1.17222872586068,0,1,0,1,0,0,1,1,1,0,0,1,1,1,0,1,0,1,1,0
3268,0.702523363802762,1,1,0,1,0,0,1,1,0,0,0,1,0,1,1,0,0,1,1,1
3269,-0.0763372513339723,1,1,0,1,0,0,0,1,0,1,0,0,1,0,0,0,0,1,1,1
3270,0.0303755002065382,1,0,0,1,0,0,0,1,1,1,0,1,0,0,0,0,0,1,1,1
3271,0.509713184484725,1,1,0,1,1,0,1,1,0,1,0,1,0,0,1,1,0,0,1,1
3272,-2.06551200082615,0,0,1,0,0,0,0,0,1,0,0,0,1,0,0,0,1,0,1,1
3273,0.270364178478783,0,1,1,1,0,0,0,1,0,0,0,1,0,0,0,0,0,0,1,1
3274,-0.19002044565191,1,0,1,1,0,0,0,1,0,1,0,0,1,0,1,0,1,0,0,0
3275,0.555882929206935,0,0,0,1,0,0,0,1,1,0,0,1,1,0,1,1,0,1,1,1
3276,-0.0857411171605513,1,0,0,1,0,0,0,1,0,1,0,0,0,0,1,0,1,1,1,1
3277,0.339266544436,0,1,1,1,0,0,0,1,0,1,0,1,1,1,1,0,0,1,0,1
3278,-1.07334763051642,0,1,0,0,0,0,0,0,1,0,0,0,1,0,1,0,0,0,0,1
3279,0.211433615415943,0,1,1,1,1,0,0,1,1,1,0,0,0,0,0,0,0,0,0,1
3280,-0.24128552847969,1,1,0,1,0,0,1,1,0,0,0,0,1,0,0,0,1,0,1,1
3281,0.0928982774221282,0,1,0,0,1,0,0,1,1,1,0,0,1,1,1,0,1,0,0,1
3282,0.212022769855057,0,1,0,1,0,0,0,1,1,1,0,0,1,0,0,1,0,1,0,0
3283,-0.940002542021393,1,0,0,0,1,0,0,1,0,0,0,0,0,0,1,0,0,0,0,1
3284,0.12401729292015,0,1,1,1,1,0,0,1,1,0,0,0,1,1,0,0,1,1,1,1
3285,1.90584712955231,1,1,1,1,1,1,1,1,1,1,1,1,1,1,1,1,1,0,0,0
3286,1.26051738642001,1,1,1,1,1,0,1,1,1,0,0,1,0,1,0,1,0,0,1,0
3287,0.180749787391584,1,0,0,1,1,0,1,1,0,1,0,0,0,1,1,0,0,0,0,0
3288,0.640270983316338,0,0,1,1,1,0,0,1,0,1,0,0,0,1,0,0,0,0,1,1
3289,0.900302330537973,1,1,0,1,1,0,1,1,1,0,0,1,0,1,1,0,0,1,1,0
3290,-1.58303334576723,1,0,1,0,1,0,1,0,1,0,0,0,0,0,1,0,0,0,1,0
3291,1.65690193300702,0,0,1,1,0,0,0,1,0,1,0,1,0,1,0,1,1,0,1,0
3292,-0.457577971609367,0,1,0,1,0,0,0,1,1,0,0,0,0,0,1,0,1,0,0,1
3293,-1.77548926141065,1,1,0,0,1,0,0,0,0,0,0,0,0,0,1,0,1,1,1,0
3294,1.07462324679136,1,1,1,1,1,0,1,1,0,1,0,1,0,1,0,0,0,1,1,1
3295,-0.173651882347611,1,0,1,1,1,0,0,1,0,1,0,0,0,0,1,0,0,0,0,0
3296,0.265978938673787,0,1,0,1,0,0,1,1,1,1,0,1,1,0,1,0,0,1,1,1
3297,1.81424839715019,1,0,0,1,1,0,0,1,1,0,0,1,0,0,1,1,0,1,1,1
3298,1.25442596174676,1,1,0,1,0,0,1,1,1,1,0,1,0,1,1,1,1,0,0,1
3299,-1.52827459498481,0,0,1,0,0,0,0,0,0,0,0,0,0,0,0,0,1,0,1,0
3300,-0.608488515861318,0,0,0,0,0,0,1,1,1,1,0,0,0,0,0,0,1,0,0,1
3301,2.01084841789685,1,1,1,1,1,0,0,1,0,0,0,1,0,1,1,1,1,1,1,1
3302,-1.39435225062677,1,0,0,0,0,0,1,1,0,1,0,0,1,0,0,0,1,0,1,0
3303,-0.0760443759328151,0,0,1,1,0,0,0,1,1,0,0,0,1,0,1,0,1,0,0,1
3304,-1.3994364762985,0,1,1,0,1,0,1,0,0,0,0,0,1,0,1,0,0,0,0,0
3305,0.672497817524036,0,1,0,1,0,0,1,1,1,0,0,0,1,0,0,1,1,1,1,1
3306,1.71411964769377,0,0,1,1,0,0,1,1,0,1,0,1,1,1,0,1,0,1,1,1
3307,0.618357799297198,0,1,0,1,0,0,0,1,0,0,0,0,1,0,1,1,1,1,0,1
3308,-0.282373899527212,1,1,0,0,1,0,0,1,1,1,0,0,0,0,0,0,0,1,0,0
3309,-2.54073902899345,0,0,1,0,0,0,1,0,0,0,0,0,0,0,0,0,0,1,0,0
3310,0.218165430167123,0,1,1,1,1,0,1,1,1,0,0,0,0,1,0,1,1,0,0,1
3311,-1.45203186220049,1,0,1,0,0,0,0,0,0,1,0,0,1,0,0,0,0,0,1,0
3312,0.0971187100893958,1,0,0,1,1,0,0,1,1,1,0,0,0,0,1,0,0,1,0,0
3313,-1.04198131222911,0,1,1,1,0,0,0,1,0,0,0,0,1,0,1,0,1,1,0,1
3314,-0.400261296698837,0,0,0,1,0,0,0,1,0,0,0,0,1,0,1,0,1,0,0,1
3315,0.639772343510648,0,1,1,1,0,0,1,1,0,1,0,1,0,1,1,0,1,0,0,0
3316,-0.803562707847609,0,0,1,1,1,0,1,0,1,0,0,0,0,0,1,0,0,0,0,0
3317,-1.82393690444749,0,1,0,0,0,0,0,0,1,1,0,0,1,0,1,0,0,0,0,1
3318,-1.81479548768006,0,0,0,0,0,0,1,0,0,0,0,0,0,0,0,0,1,1,0,1
3319,0.338366103834317,0,1,0,1,0,0,0,1,1,0,0,0,1,0,0,0,1,1,1,1
3320,0.70636845127941,1,0,0,1,0,0,1,1,1,0,0,1,1,1,1,0,1,1,0,1
3321,-0.81054662457738,0,1,0,0,1,0,0,1,1,0,0,0,0,0,1,0,0,0,1,0
3322,-0.206997024847918,0,0,1,1,0,0,1,1,0,0,0,1,0,0,0,0,1,1,0,1
3323,-1.29195898978466,0,1,1,0,0,0,1,1,1,0,0,0,0,0,1,0,1,0,0,1
3324,0.105974816868492,1,1,0,1,1,0,0,1,1,0,0,0,1,0,0,0,1,0,1,0
3325,0.220687277679486,0,1,0,1,0,0,0,1,0,1,0,0,1,1,1,1,1,0,0,0
3326,0.814418419598393,1,1,0,1,1,0,0,1,1,0,0,1,1,1,1,1,1,1,1,0
3327,0.900237933012675,0,1,1,1,1,0,0,1,0,0,0,1,1,1,1,0,1,1,0,0
3328,1.70352476584041,0,1,0,1,1,0,1,1,1,1,0,1,0,1,1,1,1,1,0,0
3329,0.949027460934554,0,1,1,1,0,0,0,1,1,1,0,1,1,0,1,1,0,1,0,1
3330,1.22100566851092,1,1,1,1,1,0,1,1,1,1,0,1,1,1,0,1,1,0,0,1
3331,0.560251103356344,1,1,1,1,0,0,1,1,0,0,0,1,1,1,0,1,1,1,0,1
3332,1.59099382692428,0,1,0,1,1,0,1,1,0,0,0,1,0,1,1,1,1,1,1,0
3333,3.25019234657086,0,0,0,1,0,1,1,1,1,0,1,1,1,1,1,1,1,1,0,0
3334,1.35284945653282,1,1,1,1,1,0,0,1,1,1,0,1,0,1,1,1,1,1,1,0
3335,0.650008601778307,1,1,1,1,0,0,0,1,1,0,0,0,1,1,1,0,0,0,1,1
3336,0.108880112275282,1,1,0,1,0,0,1,1,0,1,0,1,1,1,0,0,0,0,0,0
3337,0.884951986841369,0,0,1,1,0,0,0,1,0,0,0,0,1,1,1,0,0,0,1,1
3338,1.87414949524811,1,1,1,1,1,0,1,1,1,0,0,1,1,1,0,1,1,1,1,1
3339,0.63472150518005,1,0,0,1,0,0,0,1,1,0,0,0,1,1,1,1,1,0,1,1
3340,0.897441575386166,1,1,0,1,0,0,0,1,0,1,0,1,1,0,0,1,0,0,0,0
3341,0.66246855795103,1,0,0,1,1,0,1,1,1,0,0,1,1,1,1,0,1,1,1,1
3342,0.00417156333107795,1,0,0,1,1,0,1,1,1,1,0,0,0,0,1,1,1,1,0,0
3343,0.0663744098271102,0,0,0,0,1,0,0,1,1,0,0,0,0,0,1,0,0,1,1,1
3344,-1.04167001319048,1,0,0,0,1,0,0,1,1,1,0,0,0,0,1,0,0,0,1,1
3345,-0.171757067520398,1,1,0,1,1,0,1,1,1,0,0,0,1,0,1,0,0,1,0,1
3346,0.00213968324629592,0,1,1,1,0,0,0,1,0,1,0,0,1,1,0,0,1,0,1,1
3347,-1.29708137677633,0,0,0,0,0,0,1,0,0,0,0,0,0,0,1,0,1,0,1,1
3348,-0.792841780928226,0,1,0,1,0,0,1,1,1,0,0,0,0,0,1,0,1,1,1,1
3349,1.24908779785189,1,0,0,1,0,0,1,1,0,0,0,1,1,1,1,1,1,1,1,1
3350,0.239581160277562,0,1,1,1,1,0,1,1,1,1,0,0,1,0,1,0,1,1,0,1
3351,-0.510270522788496,1,1,0,1,1,0,0,1,0,0,0,0,0,0,1,0,1,0,0,1
3352,1.99278861438473,1,1,1,1,1,0,0,1,0,1,1,1,1,1,1,1,1,0,0,1
3353,0.478541667176996,1,1,1,1,1,0,1,1,1,1,0,0,0,1,1,1,0,0,1,0
3354,1.60537277064972,1,1,1,1,0,0,0,1,0,1,0,1,1,1,1,1,0,0,0,0
3355,-0.911814317469519,0,1,0,1,1,0,0,1,1,0,0,0,0,0,1,0,0,1,0,0
3356,-2.59768110002683,0,1,1,0,0,0,1,0,0,0,0,0,1,0,0,0,0,0,0,0
3357,-1.61150057802703,0,0,0,0,1,0,0,0,0,1,0,0,0,0,0,0,1,0,1,1
3358,0.389273350194263,1,1,0,1,1,0,1,1,1,1,0,1,1,1,1,0,1,1,0,1
3359,-0.016159136761005,0,0,0,0,0,0,0,1,1,0,0,0,1,0,0,0,1,1,1,0
3360,0.932829336218566,0,1,0,1,1,0,0,1,1,1,0,0,1,1,1,1,0,1,0,1
3361,1.24503024371302,0,1,1,1,0,1,0,1,1,1,0,1,1,1,1,1,0,1,0,0
3362,0.785587221734163,1,1,0,1,0,0,1,1,0,1,0,1,1,1,1,1,0,1,1,1
3363,-0.26096358932269,0,1,0,1,0,0,1,1,1,0,0,1,0,0,1,0,0,1,0,1
3364,-0.370506608386011,1,1,1,0,1,0,0,1,1,0,0,0,0,0,0,0,1,0,1,1
3365,0.314348612950408,1,0,0,1,1,0,0,1,0,0,0,0,0,0,0,0,1,1,1,0
3366,0.546655403820239,0,1,0,1,1,0,0,1,1,1,0,1,1,1,1,0,1,1,0,1
3367,1.52061264772778,1,1,0,1,0,0,0,1,1,0,0,1,1,1,1,1,0,0,0,1
3368,0.106521458603262,1,1,1,1,0,0,0,1,0,0,0,0,0,0,1,0,0,0,1,0
3369,0.735847806765793,0,1,1,1,1,0,0,1,1,0,0,1,0,1,1,1,0,0,1,0
3370,2.80398523021504,1,1,1,1,1,0,0,1,0,1,1,1,1,1,1,1,1,0,1,1
3371,0.243750702945666,0,1,1,1,1,0,0,1,1,0,0,0,0,0,0,0,1,1,0,1
3372,-0.0484149377660044,0,0,0,1,1,0,1,1,0,1,0,0,1,0,1,0,1,0,0,0
3373,-0.113053002033958,0,0,0,1,1,0,0,1,0,1,0,0,0,0,1,0,0,1,1,0
3374,0.426499961249074,0,0,0,0,0,0,1,1,0,1,0,0,0,0,1,0,0,1,0,1
3375,0.0302556519661359,0,1,0,1,0,0,1,1,1,1,0,0,0,1,1,0,1,0,0,0
3376,1.10748364463039,1,1,1,1,1,0,0,1,1,0,0,1,1,1,1,1,0,0,0,0
3377,0.362398096848058,0,0,0,1,0,0,0,1,1,0,0,0,1,1,1,0,1,0,0,1
3378,1.23905411886885,1,1,1,1,0,0,1,1,1,0,0,1,1,1,1,1,0,1,1,0
3379,0.0828895964534284,1,1,0,1,1,0,0,1,1,1,0,0,0,0,0,0,0,0,1,1
3380,-0.571555515962896,0,0,1,1,1,0,0,1,1,0,0,0,0,0,0,0,1,0,1,0
3381,0.634497931714692,0,0,0,1,1,0,1,1,1,0,0,1,1,1,1,0,0,0,1,0
3382,-1.76499671102452,1,0,0,0,0,0,0,0,0,0,0,0,1,0,0,0,0,0,0,1
3383,-0.889134008328282,0,0,1,0,0,0,1,1,0,0,0,0,1,0,1,0,1,1,0,0
3384,-0.0249733448364692,1,0,0,1,0,0,0,1,1,0,0,0,1,0,0,0,1,0,0,1
3385,-0.192521340086405,1,0,0,0,1,0,0,1,1,1,0,0,0,0,1,0,0,1,1,1
3386,-0.121499298481264,0,0,0,1,1,0,0,1,1,1,0,0,0,1,1,0,0,0,1,1
3387,1.69276807381889,0,0,1,1,0,0,1,1,1,1,0,1,1,1,1,1,1,1,1,0
3388,-1.09025440354937,0,1,0,1,0,0,0,1,1,1,0,0,0,0,1,0,1,0,0,1
3389,0.386627005627883,0,1,0,1,1,0,0,1,1,1,0,0,0,1,0,0,0,0,1,1
3390,-1.95250023793222,0,1,1,0,0,0,0,0,1,0,0,0,1,0,0,0,0,0,0,1
3391,-0.201538458502422,1,0,0,1,0,0,0,1,0,0,0,0,0,0,1,1,0,0,0,1
3392,0.27527728836656,1,1,1,0,0,0,1,1,1,1,0,1,0,0,1,0,1,0,0,1
3393,-1.01304819940364,0,0,0,1,0,0,1,1,1,1,0,0,0,0,1,0,0,1,1,1
3394,0.473353301411917,0,0,0,1,0,0,1,1,1,1,0,1,0,1,1,1,0,0,0,0
3395,1.96734194261198,0,1,1,1,0,0,0,1,0,1,0,1,1,1,0,1,1,0,0,0
3396,1.73660783638924,1,1,0,1,1,0,1,1,1,0,1,1,1,1,1,1,1,0,1,1
3397,1.36670081675988,1,1,1,1,0,0,0,1,0,0,0,1,0,1,1,1,1,1,0,0
3398,-0.487025936070053,1,0,1,1,0,0,1,1,1,0,0,0,1,0,0,0,1,1,1,0
3399,-0.292387747015009,0,0,1,1,0,0,1,1,0,1,0,0,1,0,1,0,1,0,0,0
3400,-0.0184126964766493,1,1,0,1,0,0,0,1,0,1,0,0,1,0,1,0,0,0,0,0
3401,1.62334608195932,1,0,1,1,1,0,0,1,0,0,1,0,0,1,1,1,1,1,0,1
3402,-0.0737493307295393,1,0,0,1,0,0,1,1,1,0,0,0,0,0,0,0,1,0,0,1
3403,1.54157815776381,0,0,0,1,1,0,0,1,0,1,0,1,0,1,1,1,0,1,1,0
3404,-1.2342744291968,1,0,0,1,0,0,1,1,1,1,0,0,1,0,0,0,1,0,0,1
3405,0.0587330854657566,1,0,1,1,1,0,1,1,1,0,0,0,0,0,0,0,1,1,0,1
3406,0.692564225825631,1,1,1,0,1,0,1,1,1,0,0,1,1,1,1,1,0,0,0,1
3407,1.29176277457198,1,1,0,1,1,0,0,1,0,1,0,1,1,1,1,1,1,1,1,0
3408,1.59903799193649,0,1,0,1,1,0,1,1,1,1,1,1,1,1,0,1,0,0,0,1
3409,-1.62916426861528,0,0,0,0,0,0,0,0,1,0,0,0,1,0,0,0,0,0,0,1
3410,-0.671880715411374,0,1,1,1,0,0,0,1,1,1,0,0,0,0,1,0,1,0,0,0
3411,1.22530088270518,1,1,1,1,1,0,1,1,0,1,0,1,1,1,1,1,1,0,1,1
3412,-1.07093369113578,0,1,1,0,1,0,1,1,1,0,0,0,1,0,1,0,0,1,0,0
3413,0.430138786274222,1,0,1,1,1,0,0,1,1,1,0,1,0,0,0,1,1,1,0,0
3414,-1.59889691355417,0,1,1,0,0,0,1,0,1,0,0,0,0,0,1,0,0,0,1,1
3415,-0.0902160685893918,0,1,0,1,1,0,1,1,1,0,0,0,1,1,1,0,1,0,1,0
3416,0.921741173778708,1,0,0,1,1,0,1,1,0,0,0,1,1,1,0,1,0,0,0,1
3417,1.54695863644268,0,1,1,1,1,0,1,1,1,1,0,1,1,1,0,1,0,0,1,0
3418,0.404436349394862,0,0,1,1,0,0,1,1,0,0,0,0,0,1,1,1,1,0,0,1
3419,0.177229376131812,0,0,0,1,0,0,0,1,1,1,0,1,0,1,1,1,1,0,1,1
3420,-0.73083055599088,0,1,1,0,1,0,0,1,0,1,0,1,1,0,0,0,0,1,0,1
3421,1.48149592382541,0,1,1,1,0,1,1,1,1,0,0,1,0,1,1,1,0,0,0,1
3422,1.12837880874518,0,1,0,1,1,0,1,1,0,1,0,1,0,1,1,1,0,0,0,1
3423,-0.56186866078951,0,1,0,1,0,0,0,1,0,0,0,0,1,0,0,0,1,1,0,1
3424,-0.706090798596522,0,0,0,0,0,0,1,1,1,1,0,0,1,0,1,1,0,0,0,0
3425,0.429546434475382,0,0,0,1,0,0,1,1,1,0,0,1,1,1,1,1,1,0,0,0
3426,1.19663181003902,1,0,1,1,1,0,0,1,1,1,0,1,1,1,1,1,0,0,1,0
3427,-0.703267913588128,1,0,0,0,0,0,1,1,0,0,0,0,0,0,1,0,1,0,1,0
3428,2.35666663579161,1,1,1,1,0,0,1,1,1,1,1,1,1,1,1,1,0,1,0,0
3429,0.689472598517671,1,1,1,1,1,0,0,1,1,0,0,1,1,1,0,1,0,0,0,0
3430,-0.431752749020942,1,0,0,0,1,0,1,1,0,1,0,0,1,0,1,0,0,0,1,0
3431,-0.61761196293876,1,1,0,1,1,0,0,1,0,0,0,0,0,0,0,0,0,0,0,0
3432,-0.355501862543436,1,1,1,0,0,0,1,1,0,1,0,0,0,0,1,0,0,0,1,1
3433,-0.647067803669888,0,1,1,1,0,0,0,1,1,1,0,0,0,0,0,0,1,1,1,0
3434,-1.39177301899038,0,0,0,0,0,0,0,1,0,0,0,0,1,0,1,0,0,0,0,1
3435,1.32808866200996,1,1,1,1,0,0,1,1,0,1,0,1,1,1,1,0,0,0,0,0
3436,0.47526168408415,0,0,0,1,0,0,1,1,1,1,0,0,1,1,1,1,1,1,1,1
3437,0.16674664076583,0,0,1,1,0,0,1,1,1,0,0,0,1,0,1,0,0,0,0,0
3438,0.556032423835993,1,0,1,1,0,0,1,1,1,0,0,1,1,1,1,0,0,1,1,0
3439,-0.282113377161123,1,0,1,1,0,0,0,1,1,1,0,0,1,0,1,1,1,1,1,1
3440,-0.0799463921654639,1,0,0,1,0,0,1,1,1,1,0,1,1,0,0,0,0,0,0,1
3441,-1.48112290282998,0,1,1,0,0,0,0,0,1,1,0,0,0,0,0,0,0,0,0,1
3442,-0.943519130818926,1,0,0,0,1,0,1,1,0,0,0,0,1,0,1,0,1,0,1,1
3443,0.25762395041757,1,1,0,1,1,0,1,1,1,0,0,0,1,1,0,0,1,0,1,1
3444,0.612412598961688,0,0,0,1,0,0,1,1,1,1,0,1,1,1,1,0,1,0,1,1
3445,1.24854536942423,1,1,1,1,0,0,0,1,1,1,0,1,0,1,1,0,0,0,1,1
3446,1.63106684350123,1,1,1,1,1,0,0,1,1,1,0,1,0,1,0,1,1,0,1,1
3447,0.449227232482271,1,1,0,1,0,0,1,1,1,0,0,1,0,1,1,1,0,0,1,0
3448,1.96364730531287,1,0,1,1,0,1,1,1,0,1,0,1,1,1,1,1,1,0,0,1
3449,0.860013625989205,0,1,1,1,0,0,0,1,1,0,0,1,0,1,0,1,1,0,1,0
3450,1.27437574670814,1,0,1,1,0,0,0,1,0,1,0,1,1,1,1,1,1,1,1,0
3451,-0.152436606640908,0,0,1,1,0,0,0,1,1,1,0,0,0,0,1,0,0,0,0,1
3452,0.97353433912471,1,0,1,1,0,0,0,1,0,1,0,1,1,0,0,1,1,0,1,1
3453,-0.0321877717561684,0,1,1,1,0,0,0,1,1,0,0,0,1,1,1,0,0,0,0,1
3454,0.403813029888729,0,0,0,1,0,0,1,1,0,0,0,1,0,1,1,0,0,1,1,1
3455,-1.1080976045565,1,0,1,0,0,0,0,1,0,1,0,0,0,0,0,0,0,1,0,1
3456,0.570631378045016,0,1,1,1,1,0,0,1,0,1,0,0,1,0,1,0,1,0,1,1
3457,-0.903718413792249,1,1,0,0,0,0,0,1,1,1,0,0,1,0,1,0,1,1,0,0
3458,-1.50327785147537,0,0,1,0,0,0,1,0,1,1,0,0,1,0,0,0,0,0,0,0
3459,-1.10651389808746,1,0,0,0,1,0,1,1,1,1,0,0,1,0,0,0,0,0,0,1
3460,-1.22025785967733,1,1,0,0,0,0,0,0,0,0,0,0,0,0,1,0,0,0,1,0
3461,0.148580662864092,0,1,0,1,1,0,0,1,0,0,0,0,0,0,1,0,0,1,1,1
3462,-0.0665968728132108,1,0,0,1,0,0,1,1,0,0,0,0,0,0,0,0,1,1,1,0
3463,0.113988034910553,0,0,1,1,0,0,1,1,0,0,0,0,1,1,1,0,0,1,0,0
3464,-0.0121017690195612,1,0,0,1,1,0,0,1,0,1,0,0,0,0,1,0,1,0,0,1
3465,-1.23913879750924,0,0,1,0,0,0,0,1,1,0,0,0,0,0,1,0,1,1,1,0
3466,0.423526195813143,0,1,0,1,0,0,0,1,1,1,0,1,1,1,0,0,1,0,1,0
3467,-1.22139701576232,1,1,0,0,0,0,1,1,0,1,0,0,1,0,1,0,0,0,0,0
3468,0.182185543455021,0,1,1,1,0,0,0,1,1,0,0,1,1,1,0,0,1,1,0,0
3469,0.692924222508211,0,1,1,1,1,0,1,1,1,1,0,0,1,1,1,0,1,0,0,1
3470,0.799486130375366,1,0,0,1,0,0,0,1,1,1,0,0,1,0,1,1,1,1,0,0
3471,0.828681989258106,0,1,1,1,1,0,1,1,0,1,0,0,0,1,0,0,1,0,1,1
3472,-0.254235642659819,1,1,1,0,0,0,1,1,0,0,0,0,0,0,0,0,0,1,1,1
3473,0.383979238409438,1,0,1,1,1,0,0,1,0,0,0,1,0,0,0,1,0,1,0,1
3474,-0.562416741876241,0,1,0,0,1,0,1,1,0,0,0,0,0,0,0,0,1,0,0,1
3475,-1.06977515521984,0,1,1,0,0,0,1,0,0,0,0,0,0,0,1,0,0,0,1,1
3476,-1.29007858942128,1,0,0,0,1,0,1,0,0,0,0,0,0,0,1,0,0,0,1,1
3477,0.584563971906174,0,1,1,1,1,0,0,1,1,0,0,1,1,1,1,1,1,0,0,0
3478,-0.355009404163373,1,1,0,1,0,0,1,1,0,0,0,0,1,0,1,0,0,1,0,1
3479,-0.556117563986368,1,1,1,0,1,0,1,1,0,1,0,0,0,0,0,0,1,1,1,1
3480,-0.949467486269666,0,0,0,0,1,0,1,1,0,0,0,0,1,0,1,0,0,0,1,0
3481,1.83878687578825,1,1,0,1,1,0,1,1,0,0,0,1,1,1,1,1,1,1,0,1
3482,0.52314628970003,1,1,1,1,1,0,0,1,0,1,0,1,0,1,0,0,0,0,0,0
3483,0.833505443701514,0,1,0,1,1,0,1,1,1,0,0,1,1,0,1,0,1,1,1,1
3484,-0.663548855705059,1,1,0,1,0,0,0,0,0,0,0,0,0,0,1,0,0,0,0,0
3485,0.195800054845293,0,0,1,0,1,0,0,0,0,0,0,0,0,0,1,0,0,0,0,0
3486,0.0797064096966247,0,1,1,1,0,0,1,1,0,1,0,0,1,0,0,1,1,0,1,0
3487,-0.432384822850963,0,0,0,1,0,0,1,1,0,1,0,0,0,0,1,0,1,0,0,1
3488,-0.526209105310357,0,0,0,1,0,0,0,1,1,0,0,0,1,0,1,0,0,0,1,1
3489,-1.11113227605129,1,1,0,1,0,0,0,0,0,1,0,0,0,0,0,0,1,0,0,1
3490,0.525732061051624,1,1,0,1,0,0,0,1,0,1,0,0,1,1,1,0,0,1,1,1
3491,0.406792955933259,1,1,0,1,0,0,1,1,1,0,0,0,0,0,1,0,0,1,0,0
3492,0.215990739677399,0,0,0,1,0,0,1,1,1,1,0,0,1,1,1,0,0,0,0,0
3493,0.457325171453317,1,0,1,1,1,0,0,1,1,0,0,1,0,1,0,1,1,1,1,1
3494,-0.219909458665489,1,0,0,0,0,0,0,1,1,1,0,0,0,0,0,0,0,0,0,1
3495,1.7023143957491,0,0,0,1,0,0,0,1,1,1,0,1,0,1,0,1,1,1,1,1
3496,-1.00634812800355,1,0,0,1,0,0,1,0,0,0,0,0,1,0,0,0,0,0,0,0
3497,0.683557088851805,0,1,1,1,1,0,1,1,0,0,0,1,0,1,0,0,0,0,1,0
3498,1.26577517461913,0,1,1,1,0,0,1,1,0,1,0,1,1,1,1,1,1,0,1,0
3499,-0.866438373169783,0,1,0,0,1,0,1,1,1,0,0,0,1,0,0,0,0,0,0,0
3500,-0.78234590094479,0,1,0,0,0,0,0,1,0,0,0,0,0,0,0,0,1,0,1,0
3501,-0.547205191140272,0,0,0,0,1,0,0,1,0,0,0,0,1,0,1,0,0,0,0,0
3502,0.481821056400351,0,0,1,1,1,0,0,1,1,1,0,0,0,1,1,0,0,0,0,0
3503,1.19132541855625,1,0,0,1,1,0,1,1,1,0,0,0,1,1,1,1,0,1,0,1
3504,-0.538472565945415,0,0,1,1,1,0,0,1,1,1,0,0,1,0,0,0,0,0,1,1
3505,0.650772185854114,1,0,0,1,1,0,0,1,1,1,0,1,1,1,1,0,1,1,0,1
3506,-0.164208607333488,0,1,0,0,0,0,0,1,1,0,0,0,1,0,0,0,1,0,0,0
3507,-0.41209726629418,0,0,0,1,1,0,1,1,1,0,1,0,1,0,0,0,1,0,0,1
3508,0.0206713561084172,0,0,0,0,0,0,1,1,1,0,0,1,1,0,1,0,0,0,1,1
3509,-0.0592565714557234,1,1,1,1,0,0,1,1,0,0,0,0,1,0,1,1,0,1,0,0
3510,1.73863407395526,1,0,1,1,0,0,1,1,0,1,0,1,0,1,0,1,0,1,0,1
3511,0.369854343913404,1,1,0,1,0,0,1,1,0,0,0,0,1,1,1,1,0,0,0,0
3512,-3.25711734201649,0,0,0,0,0,0,0,0,0,0,0,0,0,0,0,0,0,0,1,0
3513,0.0690679443719918,1,1,0,1,0,0,0,1,0,0,0,0,0,1,0,0,0,1,1,1
3514,-1.34014541021072,0,1,0,0,0,0,0,1,1,1,0,0,0,0,0,0,0,0,0,0
3515,0.187812119700497,1,0,0,1,0,0,1,1,1,0,0,0,0,0,1,0,1,0,0,0
3516,-0.289386821354696,1,0,0,0,0,0,0,1,0,0,0,0,1,0,1,0,0,1,1,1
3517,1.5384060979091,1,1,0,1,1,0,0,1,1,1,0,1,1,1,1,1,0,1,0,0
3518,-0.150384642513755,0,0,0,0,1,0,1,1,1,0,0,0,1,1,0,0,1,0,0,1
3519,-0.358696976292266,0,1,0,0,0,0,0,1,0,1,0,0,1,0,0,0,0,0,1,0
3520,-0.0722411671594809,0,0,1,1,1,0,0,1,0,1,0,0,1,0,1,0,1,1,0,1
3521,0.0438957372548483,1,1,0,1,0,0,1,1,0,0,0,0,1,0,1,0,0,0,0,0
3522,-0.400566405641591,1,0,1,0,0,0,0,1,0,0,0,0,1,0,0,0,1,0,1,1
3523,-0.773788146039761,0,1,1,0,0,0,1,1,1,0,0,0,1,0,1,0,0,1,0,0
3524,-1.45831181780102,1,0,0,0,0,0,1,0,1,0,0,0,1,0,1,0,1,1,0,0
3525,0.429749709843004,0,1,1,1,1,0,1,1,1,0,0,0,1,0,1,1,0,1,0,1
3526,-0.43711728105433,1,1,0,0,0,0,0,1,0,0,0,0,0,0,1,0,1,1,0,1
3527,1.32936331513445,1,1,1,1,0,0,1,1,0,1,0,1,1,1,0,1,1,1,0,1
3528,-0.0855739807674027,0,0,1,1,1,0,1,1,0,1,0,0,0,0,0,0,1,1,0,0
3529,0.743436285003072,0,1,1,1,1,0,1,1,0,0,0,1,1,0,1,0,1,1,1,0
3530,0.328780416823796,1,1,0,1,0,0,1,1,0,0,0,0,1,0,1,0,0,1,0,0
3531,-0.627977156372749,0,0,0,1,0,0,0,1,1,0,0,0,1,0,1,0,0,0,1,1
3532,-0.659357146706782,0,1,1,1,0,0,1,1,0,0,0,0,1,1,1,0,0,0,0,0
3533,1.85164051162169,1,1,0,1,1,0,1,1,1,0,0,1,1,0,1,1,1,1,0,0
3534,-0.706783124423044,1,1,1,0,0,0,1,1,0,0,0,0,0,0,0,0,0,1,1,1
3535,-0.770170730480086,1,1,0,1,1,0,0,1,0,0,0,0,1,0,1,0,1,1,1,0
3536,0.654277989639586,1,1,1,1,0,0,0,1,0,1,0,1,0,1,1,1,1,0,0,1
3537,0.904332620034378,1,1,1,1,0,0,1,1,1,0,0,1,0,0,1,1,1,1,0,0
3538,0.355770124919543,1,1,0,1,0,0,1,1,0,1,0,1,0,1,1,1,1,0,0,1
3539,-0.201540889188247,1,0,0,0,0,0,1,1,0,1,0,0,0,0,1,0,1,0,0,0
3540,1.13709733001376,1,1,0,1,1,0,0,1,1,1,0,1,1,1,1,0,1,1,1,0
3541,-0.907638906543318,0,1,0,0,1,0,0,1,1,1,0,0,0,0,1,0,1,1,0,0
3542,-1.72345607453732,0,1,0,0,0,0,0,0,0,0,0,0,0,0,1,0,0,0,0,1
3543,-1.5054875886153,0,0,0,0,0,0,0,0,1,0,0,0,1,0,0,0,1,0,1,1
3544,1.06123882525563,1,0,1,1,0,0,1,1,1,1,0,1,0,1,0,1,0,0,1,1
3545,0.795222254357765,1,1,1,1,1,0,1,1,0,0,0,1,1,1,1,1,1,1,0,1
3546,-0.516936797648367,0,0,1,0,1,0,1,1,0,0,0,0,1,0,0,0,1,0,0,0
3547,-1.31478034604206,0,0,1,0,1,0,1,0,1,0,0,0,0,0,1,1,0,0,0,0
3548,0.235404059800028,0,0,0,1,0,0,1,1,1,0,0,0,1,1,1,0,1,1,1,0
3549,-0.939304576011892,1,1,0,1,1,0,0,0,0,0,0,0,0,0,1,0,0,0,0,0
3550,1.18728958874591,0,0,1,1,1,0,1,1,1,0,0,1,1,1,1,1,1,1,0,1
3551,-1.36613372936995,0,1,1,0,0,0,0,0,1,0,0,0,1,0,1,0,1,1,0,0
3552,0.586618770094466,0,0,0,1,1,0,0,1,0,0,0,0,0,0,1,1,0,1,1,1
3553,-0.517108660807335,0,0,1,1,1,0,1,0,1,0,0,0,0,0,1,0,0,1,0,0
3554,2.2986115065581,0,1,0,1,0,0,0,1,0,1,0,1,1,1,1,1,1,0,0,0
3555,0.301459071884823,0,1,0,0,0,0,1,1,1,1,0,0,1,0,0,0,1,1,1,1
3556,1.0708042437989,0,1,0,1,1,0,0,1,1,0,0,1,0,1,0,1,1,1,1,0
3557,0.496315322462682,1,1,0,1,1,0,1,1,0,1,0,0,0,1,1,0,0,0,0,1
3558,-2.53101379401777,0,0,0,0,1,0,0,0,1,0,0,0,0,0,1,0,0,1,0,1
3559,1.11545737657486,0,0,0,1,0,0,1,1,0,1,0,1,1,1,1,1,0,0,1,0
3560,0.552411550783196,1,1,0,1,0,0,0,1,1,0,0,0,1,0,0,0,0,0,0,0
3561,-0.254858929517879,0,1,1,1,0,0,0,1,0,0,0,0,0,0,0,0,0,1,0,0
3562,-0.194807391322533,0,0,0,1,1,0,0,1,1,1,0,0,1,0,1,0,1,0,0,0
3563,-1.08981201860205,0,1,1,0,1,0,0,1,0,1,0,0,0,0,1,0,0,1,0,1
3564,0.602752717795771,1,0,1,1,1,0,0,1,1,1,0,1,1,1,1,1,1,0,0,1
3565,0.770725168948844,0,1,0,1,1,0,1,1,1,1,0,0,1,1,1,1,0,0,1,0
3566,-0.148046541712957,1,0,1,1,1,0,0,1,0,0,0,0,1,0,0,0,1,0,0,1
3567,2.36844335207499,1,0,0,1,0,0,1,1,1,0,1,1,1,1,1,1,0,1,0,1
3568,-0.161061554634905,1,1,1,0,0,0,0,1,0,1,0,0,0,0,0,0,0,1,1,1
3569,-0.0479139127374267,1,0,1,1,1,0,0,1,0,0,0,0,1,0,0,0,1,0,1,1
3570,-0.0761927433162536,0,0,1,1,1,0,0,1,1,1,0,0,0,1,1,0,1,0,1,0
3571,0.0531137168017771,1,1,1,1,0,0,1,1,0,0,0,0,0,0,1,0,0,0,0,1
3572,-0.149955863556191,0,0,0,1,1,0,0,1,0,0,0,1,0,0,0,0,1,0,1,1
3573,-0.426405317964072,1,0,1,0,1,0,1,0,0,1,0,0,0,0,1,0,0,1,0,1
3574,-0.113251935787513,1,1,1,1,0,0,0,1,1,1,0,0,1,0,0,0,0,0,1,0
3575,0.367618148032584,0,1,0,1,1,0,0,1,0,1,0,1,1,1,1,0,1,0,1,1
3576,-1.78739464085409,0,1,1,0,1,0,0,0,1,0,0,0,0,0,0,0,0,1,1,0
3577,0.556880374411729,1,0,1,1,0,0,1,1,1,1,0,1,1,1,1,0,0,0,0,0
3578,0.766554583450348,0,0,1,1,0,0,1,1,0,1,0,1,0,0,1,0,1,0,0,1
3579,0.593189682585155,1,1,1,1,1,0,0,1,0,0,0,0,0,0,1,0,1,0,0,1
3580,-1.18414019166343,1,1,1,0,0,0,1,0,0,0,0,1,1,0,0,0,1,1,1,1
3581,0.587125259495213,1,1,1,1,1,0,1,1,1,0,0,0,1,1,1,0,0,1,0,1
3582,0.1589010431317,1,1,0,1,0,0,0,1,1,0,0,1,1,0,1,0,1,0,0,0
3583,-0.686012977104337,1,0,0,0,0,0,1,1,1,0,0,0,0,1,0,0,1,0,0,0
3584,-1.73753495135213,1,1,0,0,0,0,1,0,0,0,0,0,0,0,1,0,0,1,0,0
3585,0.897016104699082,1,1,0,1,1,0,1,1,0,1,1,1,1,1,1,1,0,0,0,0
3586,-0.743539799472303,1,1,1,1,1,0,1,0,1,0,0,0,1,0,1,0,0,1,1,0
3587,0.119101924318742,1,0,1,1,0,0,0,1,1,1,0,0,0,1,1,1,1,1,1,1
3588,-1.07093737972459,1,1,0,0,0,0,0,1,0,0,0,0,0,0,0,0,1,0,0,0
3589,0.00129009979254745,0,0,0,1,0,0,1,1,1,1,0,0,0,0,1,0,0,1,0,1
3590,-1.19537782561901,0,1,1,0,0,0,1,1,1,0,0,0,1,0,1,0,0,1,0,1
3591,-0.90542830153538,0,0,0,0,1,0,0,0,1,1,0,0,0,0,1,0,0,0,0,0
3592,0.94902060789863,0,1,1,1,0,0,1,1,0,0,0,1,1,1,0,1,1,1,0,1
3593,0.742496355609966,1,1,1,1,0,0,1,1,1,0,0,1,1,1,1,1,0,1,0,1
3594,1.54748672726205,1,0,1,1,1,0,0,1,0,1,0,1,1,1,1,1,1,1,1,1
3595,-1.08182362744266,0,0,1,0,1,0,1,0,1,0,0,0,1,1,0,0,0,0,0,0
3596,1.40028014937917,1,1,1,1,1,0,1,1,1,1,0,1,1,1,0,1,0,1,0,0
3597,1.69502325523207,1,1,1,1,1,0,0,1,1,0,0,1,1,1,1,1,1,0,0,1
3598,-0.513967943781427,1,1,0,1,1,0,1,1,1,0,0,0,0,0,0,0,0,0,0,0
3599,0.195217718094428,1,1,0,1,0,0,1,1,0,1,0,1,0,1,0,0,0,0,0,0
3600,-0.620395993531157,0,0,0,0,1,0,1,1,1,1,0,0,1,0,0,0,1,1,0,1
3601,-0.313922294200487,0,1,1,1,0,0,0,1,0,0,0,0,0,0,1,0,1,0,1,0
3602,-0.0712596619202475,1,0,1,1,1,0,1,1,1,0,0,0,0,1,1,0,0,0,0,1
3603,-0.353587388866836,0,1,1,1,1,0,0,1,1,1,0,0,0,0,0,0,0,1,0,1
3604,-0.336581818478445,0,1,0,1,0,0,1,0,0,1,0,0,1,0,1,0,1,0,0,1
3605,-0.209114447443347,1,0,0,1,1,0,1,1,1,0,0,0,1,0,1,1,1,0,0,0
3606,0.737113189124037,0,1,0,1,0,0,1,1,1,0,0,1,1,1,0,1,0,0,1,1
3607,-0.373188862585683,0,1,0,1,0,0,1,1,0,0,0,0,1,0,0,0,0,1,0,1
3608,-0.108556516906017,0,0,0,1,1,0,0,1,1,0,0,0,0,0,1,0,1,1,0,0
3609,-0.498829337568365,1,0,0,1,0,0,1,1,0,0,0,0,0,0,1,0,1,0,0,1
3610,-0.0847167545785452,0,0,0,1,0,0,0,1,0,0,0,0,1,0,1,0,1,0,0,1
3611,0.785473107100229,0,0,0,1,0,0,1,1,0,1,0,1,1,0,0,1,0,1,0,1
3612,1.04357342466285,1,1,0,1,1,0,0,1,1,1,0,1,1,1,0,1,0,0,0,1
3613,-0.510773226655148,1,0,0,0,0,0,0,1,0,1,0,0,1,0,0,1,0,1,0,0
3614,0.810494484974944,0,1,1,1,0,0,1,1,0,0,0,0,1,1,1,1,1,1,0,1
3615,0.590170110047285,1,0,1,1,0,0,0,1,1,0,0,0,1,1,0,0,0,0,0,1
3616,0.854578073325769,0,1,0,1,0,0,1,1,0,1,0,0,1,0,1,0,0,1,0,0
3617,-0.614314547809139,0,0,0,0,0,0,1,1,1,1,0,0,1,0,1,0,1,0,0,0
3618,0.316693581159132,1,1,0,1,0,0,1,1,1,0,0,0,1,1,1,0,1,1,1,1
3619,-1.64018115456541,1,0,1,0,0,0,0,1,1,0,0,0,1,0,1,0,1,1,0,1
3620,1.78987410354891,0,1,1,1,1,0,0,1,1,1,0,1,0,1,0,1,1,0,1,1
3621,1.22153939397655,1,1,0,1,1,0,1,1,1,1,0,1,1,0,0,1,1,0,0,0
3622,-1.68342397858402,1,0,0,0,0,0,1,0,0,1,0,0,0,0,0,0,1,0,1,0
3623,1.27091507055819,0,1,0,1,1,0,1,1,1,0,0,1,1,1,1,1,1,0,0,0
3624,0.679404195628642,1,0,1,1,0,0,1,1,1,1,0,1,1,1,1,0,1,1,0,0
3625,1.57366396120794,0,1,0,1,1,0,0,1,1,1,0,1,1,1,0,1,1,1,1,0
3626,0.601773152517952,0,0,1,1,1,0,1,1,1,1,0,1,0,1,1,0,0,1,1,1
3627,-0.501796727213691,1,1,1,1,0,0,0,1,1,1,0,1,0,0,1,0,1,1,0,0
3628,-0.511302255237362,1,1,1,1,1,0,1,1,0,0,0,0,0,0,1,0,0,0,1,0
3629,-1.21993904132218,0,1,1,0,0,0,0,1,0,0,0,0,0,0,0,0,1,1,0,1
3630,0.124139144794724,0,1,1,0,1,0,0,1,0,0,0,0,0,0,1,0,0,1,1,0
3631,-0.225793119965258,0,0,0,1,0,0,1,1,1,1,0,0,1,0,0,0,1,1,0,1
3632,1.22678479652003,1,0,1,1,0,0,0,1,0,0,0,1,0,1,1,1,0,1,0,0
3633,-0.272855761140234,1,0,0,0,1,0,1,1,0,0,0,0,0,0,0,0,0,1,0,0
3634,-0.921853102115467,0,0,0,0,0,0,0,1,0,0,0,0,1,0,0,0,1,0,0,0
3635,0.576759939913446,0,1,0,1,1,0,1,1,1,1,0,0,1,0,0,1,1,1,1,1
3636,-2.42257842166071,1,0,0,0,0,0,0,0,1,0,0,0,0,0,0,0,0,1,0,0
3637,-0.556804805787522,1,0,0,0,1,0,1,1,0,0,0,0,1,0,0,0,0,0,0,1
3638,-0.180498781329263,0,0,1,1,0,0,0,1,0,0,0,0,1,0,1,0,1,0,1,0
3639,-0.355579584561501,1,1,1,1,0,0,1,1,1,0,0,0,1,0,0,0,1,1,0,0
3640,-0.134760335009502,1,0,1,1,1,0,0,1,0,1,0,0,0,0,0,0,0,0,1,0
3641,0.58768601454429,1,0,0,1,0,0,1,1,0,0,0,0,0,1,0,1,1,1,0,1
3642,0.584763454800971,0,1,0,1,0,0,0,1,1,1,0,0,0,1,1,0,0,1,1,0
3643,-0.0673128756718342,1,0,0,1,0,0,1,1,0,0,0,0,0,0,1,1,0,0,1,0
3644,0.543407539233482,1,1,1,1,0,0,1,1,0,0,0,0,0,0,0,0,1,1,0,1
3645,0.00966555341726844,0,1,0,1,0,0,1,1,0,0,0,0,0,0,1,0,0,1,0,0
3646,-1.21011757851718,0,1,0,0,0,0,1,1,0,1,0,0,0,0,0,0,0,1,0,0
3647,-1.65148376282648,1,0,1,0,0,0,1,0,0,1,0,0,0,0,1,0,0,0,1,0
3648,-0.870151416957372,0,1,1,1,0,0,0,1,1,1,0,0,0,0,1,0,0,0,0,0
3649,0.460670280353775,0,0,1,0,0,0,0,1,0,1,0,0,0,0,0,1,0,1,1,1
3650,-0.0227555221848782,0,1,1,0,1,0,1,0,0,0,0,1,0,0,1,0,0,0,0,1
3651,0.853628573336807,0,0,1,1,1,0,1,1,1,0,0,1,0,1,1,1,1,1,0,0
3652,-0.220465298996472,1,1,1,0,1,0,0,1,0,0,0,0,0,0,0,0,0,0,0,0
3653,-1.06942089868735,0,1,0,0,1,0,0,0,0,0,0,0,0,0,0,0,0,0,1,0
3654,-0.768005005503202,1,0,1,1,0,0,0,1,1,1,0,0,0,0,0,0,1,1,1,0
3655,0.217667208991698,0,1,0,1,0,0,1,1,0,0,0,0,0,0,1,0,1,0,0,1
3656,-0.48373785706499,0,1,1,1,1,0,0,1,1,1,0,0,1,0,0,0,0,1,0,0
3657,-1.23318603547328,1,0,0,0,1,0,1,0,0,0,0,0,1,0,1,0,1,0,0,1
3658,1.06197421123499,1,0,0,1,1,0,1,1,1,0,0,1,0,1,0,0,0,1,1,0
3659,-0.986316329029994,1,1,0,0,0,0,0,1,0,0,0,0,1,0,0,0,0,0,1,1
3660,1.68457647883023,1,0,1,1,0,1,1,1,0,1,0,1,0,1,1,1,1,0,0,1
3661,0.469671225940465,1,0,0,1,0,0,0,1,0,1,0,0,1,0,0,0,0,0,1,1
3662,1.2840312360857,0,0,1,1,0,0,0,1,1,0,0,1,1,0,1,1,1,0,1,1
3663,1.53994346356088,0,0,0,1,0,0,1,1,0,1,0,1,0,1,1,1,1,0,1,1
3664,-0.190686010469152,1,1,1,1,0,0,1,1,0,1,0,0,0,1,1,0,0,0,0,0
3665,1.43724618660782,1,0,1,1,0,0,1,1,0,1,0,1,0,1,1,1,0,1,0,0
3666,-0.603616562717407,1,1,1,0,0,0,0,1,1,1,0,0,1,0,1,0,0,0,1,1
3667,-0.703723947705154,0,1,1,1,1,0,0,1,1,0,0,0,1,0,1,0,0,1,0,0
3668,0.163551043418084,1,1,0,0,0,0,0,1,1,1,0,0,0,0,1,0,0,1,1,1
3669,0.34544399739842,0,0,1,0,1,0,1,1,0,0,0,1,0,1,1,1,1,0,1,1
3670,1.15479752455852,1,1,0,1,1,0,1,1,1,0,0,1,0,1,0,1,1,1,0,0
3671,0.540962101889134,0,1,1,1,0,0,1,1,1,0,0,0,1,1,1,0,0,1,1,0
3672,-1.6483382994367,0,0,1,0,0,0,0,0,0,0,0,0,0,0,0,0,0,0,0,0
3673,-0.660673032827617,0,0,1,0,1,0,0,1,0,1,0,0,0,0,1,0,0,1,1,1
3674,1.30173537077827,0,1,1,1,1,0,1,1,0,0,0,1,1,0,0,1,1,1,1,1
3675,0.260481066291727,1,1,0,1,0,0,1,1,1,0,0,0,1,0,0,0,1,0,1,1
3676,-0.220318909005923,0,1,0,1,1,0,1,1,1,1,0,0,1,0,1,0,1,0,1,0
3677,0.698134482825288,0,1,1,1,0,0,1,1,1,0,0,0,0,0,1,0,0,0,1,1
3678,1.09360617182864,1,0,1,1,1,0,0,1,0,0,0,1,1,1,0,1,1,1,0,1
3679,2.37256532576649,0,0,1,1,1,1,1,1,1,0,1,1,0,1,1,1,0,0,1,1
3680,0.466729162141857,1,1,0,1,1,0,1,1,1,1,0,0,0,0,1,0,0,1,0,1
3681,-1.11960530119525,0,1,1,0,0,0,0,0,0,1,0,0,1,0,1,0,0,1,0,0
3682,-0.407278060262008,0,0,0,1,1,0,0,1,1,1,0,0,0,0,0,0,1,0,1,1
3683,1.58854579959802,0,0,1,1,0,0,1,1,1,1,0,1,1,1,1,1,0,1,0,1
3684,0.689680386344493,1,0,1,1,0,0,0,1,0,1,0,1,1,1,1,0,0,0,0,1
3685,0.612409738558058,0,0,1,1,1,0,0,1,0,0,0,0,1,0,0,1,0,0,0,1
3686,-0.0715919855270689,1,0,1,1,0,0,0,1,1,0,0,0,1,0,0,0,0,0,1,1
3687,0.292720707768812,1,0,1,0,0,0,0,1,1,0,0,0,1,0,0,0,1,0,1,1
3688,-0.36946157978056,0,1,1,1,0,0,1,1,0,1,0,0,0,0,0,0,0,0,0,0
3689,-0.60639675028617,1,0,0,0,1,0,0,1,0,1,0,0,1,0,0,0,0,1,0,0
3690,0.609259203809404,0,1,1,1,1,0,1,1,1,1,0,0,1,1,1,0,1,1,1,0
3691,-1.06464757689618,1,0,0,1,0,0,0,1,0,1,0,0,1,0,0,0,0,0,1,1
3692,-0.686017853529102,1,1,0,0,1,0,0,1,0,0,0,0,0,0,1,0,0,0,0,0
3693,-0.417174763058342,0,0,1,1,1,0,0,1,1,1,0,0,0,1,0,0,0,0,0,1
3694,0.982521412734725,1,0,0,1,1,0,1,1,0,1,0,1,0,1,1,1,1,1,1,1
3695,-1.11185909087667,1,0,1,0,1,0,1,1,1,0,0,0,1,0,1,0,0,0,1,0
3696,0.699958994122584,1,0,1,1,0,0,1,1,1,0,0,1,0,1,0,0,0,0,0,0
3697,0.171431119355708,1,1,1,1,0,0,1,1,1,0,0,0,1,0,1,0,0,0,1,1
3698,-0.452594914299064,1,1,0,1,1,0,0,1,0,1,0,0,0,0,0,0,0,1,0,0
3699,0.110843760724824,1,0,1,1,0,0,0,1,0,0,0,0,0,1,0,0,1,0,0,1
3700,-0.631396455725141,1,1,0,0,0,0,0,1,1,1,0,0,0,0,1,0,1,1,0,1
3701,-2.36011322612569,0,1,0,0,0,0,1,0,1,1,0,0,1,0,1,0,0,0,0,0
3702,2.36605520354043,1,0,1,1,0,0,0,1,1,0,0,1,1,1,1,1,1,1,0,1
3703,0.782878005943733,1,0,0,1,1,0,0,1,0,0,0,1,1,1,1,0,0,1,1,0
3704,0.0430642253102778,0,0,1,1,0,0,1,1,1,1,0,0,1,0,1,0,1,0,0,0
3705,-1.10233199198173,0,0,1,0,1,0,0,1,0,0,0,0,0,0,1,0,1,0,0,1
3706,1.76362189790934,0,1,1,1,0,0,0,1,0,1,0,1,1,1,1,1,1,1,1,1
3707,0.763256744064599,1,0,0,1,0,0,1,1,0,0,0,0,0,0,1,1,0,1,1,1
3708,0.544591830477579,1,1,0,1,0,0,1,1,1,1,0,1,0,1,0,1,0,0,1,0
3709,-0.390288298748506,1,1,0,1,1,0,1,1,0,1,0,0,0,1,1,1,1,0,1,1
3710,-0.233305064727976,1,1,0,1,0,0,1,1,0,0,0,0,1,0,0,0,0,1,0,1
3711,-1.70217651187518,1,1,0,0,0,0,0,0,0,1,0,0,0,0,0,0,0,1,1,0
3712,1.32858202082566,1,1,0,1,1,0,1,1,1,0,0,1,0,1,1,1,1,1,0,0
3713,0.098875860189763,0,1,1,1,0,0,0,1,1,0,0,1,1,0,1,0,1,1,1,0
3714,-0.682724302107047,1,1,0,0,1,0,1,0,0,0,0,0,1,0,0,0,1,0,1,0
3715,0.987333096109741,0,1,0,1,0,0,1,1,0,1,0,1,0,0,0,0,1,0,0,0
3716,-0.227204364489699,0,0,0,0,0,0,0,0,1,1,0,0,1,0,1,0,0,1,1,1
3717,-1.05716565370526,1,0,0,0,0,0,0,1,0,0,0,0,1,0,0,0,0,0,0,0
3718,-0.581602048524862,1,0,0,1,1,0,0,0,1,0,0,0,1,0,0,0,1,0,0,0
3719,0.287870051074197,0,0,1,1,0,0,0,1,1,0,0,0,0,0,1,0,1,1,0,0
3720,0.247001506593632,0,1,0,1,1,0,0,1,0,0,0,0,1,0,0,1,0,0,1,1
3721,0.140052899830254,0,0,1,1,1,0,0,1,1,0,0,0,0,1,1,1,0,1,0,1
3722,0.306379619627834,0,1,0,1,0,0,1,1,1,0,0,1,1,0,1,0,1,1,0,1
3723,0.384109905012023,0,1,1,1,1,0,1,1,1,0,0,0,0,1,1,0,0,1,0,1
3724,1.02472478741268,1,1,0,1,1,0,1,1,1,1,0,0,1,1,1,0,1,1,1,0
3725,-0.187224548817258,0,1,1,1,0,0,0,1,1,1,0,0,0,0,0,1,0,1,0,0
3726,-0.292656446694856,0,1,1,1,0,0,1,1,1,0,0,0,1,0,0,0,0,1,1,0
3727,0.479060361126501,1,1,0,1,1,0,1,1,1,0,0,1,0,1,0,0,0,0,1,0
3728,-2.28759781686759,0,0,1,0,0,0,0,0,0,0,0,0,1,0,0,0,0,1,0,1
3729,-0.311152607534484,0,1,0,0,0,0,1,1,1,0,0,0,1,0,1,0,0,0,0,0
3730,0.320039241338054,1,0,1,1,0,0,0,1,1,0,0,0,0,0,0,0,1,1,0,1
3731,-0.36193476457764,0,0,1,0,0,0,0,1,1,0,0,0,0,0,0,0,0,0,0,1
3732,1.27000457061144,1,1,1,1,1,0,0,1,1,0,0,1,1,1,0,1,1,1,1,1
3733,0.144986418493556,0,1,0,1,1,0,1,1,1,0,0,0,0,0,1,0,0,0,0,0
3734,-0.208573162696806,0,1,0,1,0,0,0,1,1,1,0,0,0,0,1,0,1,0,1,1
3735,1.45640463129737,1,1,0,1,1,0,0,1,1,0,0,1,1,1,1,1,0,0,0,1
3736,-0.470311007178803,1,0,1,0,0,0,1,0,1,0,0,0,1,0,1,0,1,0,1,0
3737,0.166623863689877,0,0,1,1,0,0,0,1,0,1,0,0,0,0,1,0,1,0,0,0
3738,-0.915509405623022,1,1,1,1,1,0,0,1,0,0,0,0,0,0,1,0,1,0,1,0
3739,0.014151247662985,0,1,1,1,1,0,1,1,0,0,0,0,1,1,1,0,0,0,1,1
3740,-0.0230052007753842,0,1,0,1,1,0,0,1,0,1,0,0,1,0,1,1,1,0,1,1
3741,0.020384426143598,0,0,1,1,0,0,0,1,0,0,0,0,1,0,1,0,0,0,1,1
3742,0.598202002609415,1,1,1,1,1,0,0,1,0,1,0,0,1,1,1,1,1,1,0,1
3743,-0.544489728336943,1,0,1,1,1,0,1,1,1,1,0,0,0,0,0,0,0,0,0,1
3744,0.0896029740887306,0,1,1,1,1,0,1,1,1,1,0,1,0,0,0,0,1,1,1,1
3745,0.457455354210056,1,1,1,1,1,0,1,1,1,0,0,0,0,1,1,0,1,0,0,0
3746,0.173939610093797,0,1,0,1,1,0,1,1,0,0,0,0,0,0,0,0,0,0,1,0
3747,-1.03454717551501,1,0,0,0,1,0,0,0,0,0,0,0,1,0,1,0,0,0,0,1
3748,-0.510834600216559,0,0,1,1,0,0,0,0,0,1,0,0,0,0,1,0,0,0,1,0
3749,1.76121488776928,0,0,1,1,1,0,0,1,0,1,0,1,1,1,1,1,1,1,1,1
3750,1.98351527616955,0,0,0,1,0,0,1,1,1,0,1,1,1,1,1,0,0,0,1,1
3751,-0.912556867805712,1,0,0,0,0,0,0,1,0,0,0,0,1,0,0,0,0,1,0,0
3752,0.164414309050919,0,0,0,1,1,0,0,1,1,0,0,0,0,0,1,0,1,1,1,0
3753,-0.531008594450466,1,1,1,1,1,0,0,1,1,1,0,0,1,0,0,0,1,0,0,0
3754,-1.60392268044755,1,1,0,0,0,0,1,0,1,1,0,0,0,0,1,0,1,0,0,0
3755,0.301462221456763,0,1,1,1,0,0,0,1,0,0,0,1,1,0,0,1,1,0,0,1
3756,0.131373585951747,0,0,0,0,1,0,0,1,1,0,0,0,0,1,1,0,1,1,1,1
3757,0.395511363504993,0,0,0,1,0,0,1,1,0,0,0,0,0,0,0,0,0,1,0,1
3758,-0.686333524311141,0,1,1,0,1,0,1,1,1,0,0,0,1,0,0,0,1,0,0,1
3759,2.06460913558644,1,1,0,1,0,0,1,1,1,0,1,1,1,1,1,1,1,1,1,1
3760,0.437206575309959,1,0,1,1,0,0,0,1,0,0,0,0,0,1,1,1,1,0,1,0
3761,0.491334313564874,0,0,0,1,0,0,1,1,0,0,0,0,0,0,0,1,0,0,1,0
3762,1.59186564088362,1,0,0,1,0,0,0,1,0,1,0,1,0,1,1,1,0,0,0,1
3763,-0.147919582537822,1,0,1,1,0,0,1,1,0,0,0,0,1,0,1,0,0,1,0,0
3764,0.0715099533038848,0,1,0,1,0,0,1,1,0,1,0,0,1,0,0,0,0,0,1,0
3765,0.338534660975282,0,0,0,1,0,0,0,1,1,0,0,0,0,0,0,0,1,1,0,1
3766,0.498870513136473,0,0,0,1,1,0,1,1,0,1,0,1,0,1,1,1,0,0,0,1
3767,1.35122094471439,1,0,1,1,0,0,1,1,1,1,0,0,1,1,1,1,1,0,0,1
3768,0.796111954840888,0,1,1,1,1,0,1,1,1,1,0,0,1,1,0,0,1,0,0,1
3769,0.0430686136232952,0,1,1,1,1,0,0,1,1,1,0,0,0,1,1,0,1,0,0,1
3770,0.0116065214901113,1,1,0,1,1,0,0,1,1,1,0,0,1,0,0,0,0,0,0,1
3771,0.19298213262288,0,0,1,1,1,0,1,1,0,1,0,0,1,0,0,0,0,1,0,1
3772,-1.01689134580314,0,1,1,1,0,0,0,1,1,1,0,0,1,0,0,0,0,1,0,0
3773,-2.28513512510826,0,0,1,0,0,0,0,0,0,1,0,0,0,0,0,0,1,0,1,0
3774,0.774279679889019,1,0,1,1,1,0,1,1,0,0,0,0,1,1,1,1,0,0,0,0
3775,-0.387087189352576,1,0,1,1,0,0,1,1,0,0,0,0,0,0,0,0,1,1,0,0
3776,1.21436849766188,1,1,0,1,1,0,0,1,1,1,0,1,1,0,0,1,1,1,0,0
3777,0.843184310118096,0,0,0,1,1,0,0,1,0,0,0,1,0,1,1,0,1,0,0,0
3778,-0.51409637538441,0,0,0,1,1,0,0,1,0,0,0,0,1,0,1,1,1,0,0,0
3779,-1.27970764235311,0,0,1,0,0,0,1,1,0,0,0,0,1,0,0,0,0,0,0,0
3780,1.3675399408394,1,1,0,1,0,0,0,1,0,1,0,1,0,1,1,1,1,1,1,1
3781,-0.137381497538881,0,0,0,1,1,0,1,1,0,0,0,0,0,0,1,0,0,0,0,0
3782,0.656945513057705,0,0,1,1,1,0,1,1,1,0,0,1,1,0,0,0,1,1,0,1
3783,1.09438182750295,1,1,0,1,0,0,0,1,1,1,1,1,0,0,0,1,1,1,0,0
3784,-0.715249211685205,1,1,0,1,1,0,1,1,0,0,0,0,1,0,0,0,0,1,0,1
3785,-0.330927139029479,0,1,1,1,1,0,1,1,1,0,0,0,1,0,1,0,1,0,0,1
3786,-0.311600609762731,1,1,1,1,0,0,1,1,1,1,0,0,0,0,1,0,0,0,0,1
3787,0.676484579139658,1,0,0,1,0,0,1,1,0,1,0,1,0,1,1,1,0,1,0,0
3788,0.987307043317163,1,0,1,1,0,0,0,1,1,1,0,1,1,1,0,1,0,1,1,1
3789,-0.718510139462715,0,1,0,0,1,0,0,1,1,0,0,0,0,0,1,0,0,0,1,0
3790,-2.13026351012881,0,1,0,0,1,0,1,0,1,0,0,0,1,0,1,0,0,0,0,0
3791,0.843787786883816,0,1,0,1,0,0,0,1,1,0,0,1,1,1,0,1,1,0,0,1
3792,-0.968383340823585,1,1,0,1,1,0,0,0,1,1,0,0,0,0,1,0,0,0,0,1
3793,0.842771621176755,0,0,0,1,1,0,0,1,1,1,0,0,1,1,0,1,0,0,0,0
3794,0.400479616691643,1,0,1,1,1,0,1,1,1,1,0,0,0,1,1,0,0,0,1,0
3795,-0.0763346510810248,0,1,0,1,1,0,1,1,1,1,0,0,0,0,1,0,0,0,1,0
3796,1.20524510747528,0,1,0,1,1,0,1,1,0,0,0,1,0,1,1,1,0,1,1,0
3797,2.4343879540009,0,1,1,1,0,0,1,1,1,1,0,1,1,1,1,1,1,1,0,1
3798,-0.466513879936933,1,0,0,1,0,0,1,1,0,1,0,0,0,1,1,0,0,0,0,0
3799,0.880536470184381,1,1,1,1,1,0,1,1,1,0,0,1,1,1,1,0,1,0,1,1
3800,-0.742866776663885,0,1,1,1,1,0,1,0,1,0,0,0,1,0,0,0,1,0,1,1
3801,-0.686020894492267,0,1,1,0,0,0,0,0,0,1,0,0,0,0,0,0,0,1,0,1
3802,1.8506737477283,1,1,0,1,0,0,0,1,0,1,0,1,1,1,1,1,1,1,1,0
3803,0.608959275293271,0,1,0,1,1,0,1,1,0,1,0,1,1,0,1,0,1,0,0,0
3804,1.00641029118377,1,1,0,1,0,0,1,1,1,1,0,1,1,1,0,1,1,0,1,1
3805,-1.57464887886738,0,0,0,0,0,0,1,0,0,1,0,0,1,0,0,0,1,0,1,1
3806,-0.0413621883967365,0,1,1,1,1,0,0,1,1,0,0,0,0,0,1,0,0,1,0,0
3807,-0.510640879023025,0,0,0,0,0,0,1,1,0,1,0,0,1,0,1,0,0,0,0,1
3808,-0.136841772140306,1,0,1,0,0,0,1,1,0,0,0,1,1,1,0,0,0,1,1,1
3809,-1.60339709874361,0,0,1,0,1,0,0,0,1,0,0,0,1,0,0,0,1,0,1,0
3810,-2.02518580678453,1,0,1,0,0,0,1,0,0,1,0,0,0,0,1,0,0,1,1,0
3811,-1.47292814888327,1,0,0,0,0,0,0,0,0,0,0,0,1,0,0,0,0,0,0,0
3812,0.711848680523118,0,1,1,1,0,0,0,1,1,0,0,1,1,1,1,1,1,1,0,1
3813,0.7740900950233,1,1,0,1,0,0,0,1,0,1,0,0,0,1,0,1,0,1,1,1
3814,1.47317134004947,1,1,1,1,0,0,1,1,1,1,0,1,1,1,1,1,1,0,1,0
3815,0.364633242071395,0,0,0,1,1,0,0,1,1,0,0,0,0,1,1,0,0,0,0,1
3816,-0.323430355510301,0,0,0,1,0,0,0,1,1,1,0,0,0,0,1,0,1,0,0,0
3817,-0.908716398460034,0,0,1,0,1,0,0,1,1,0,0,0,1,0,0,0,1,0,1,1
3818,1.2855847538794,0,0,0,1,1,0,0,1,1,1,1,1,1,1,1,1,1,1,0,1
3819,0.646791534804836,0,0,0,1,0,0,0,1,1,0,0,0,1,0,0,1,1,0,0,1
3820,-0.601667488769209,0,0,1,0,1,0,0,0,1,1,0,0,1,0,1,0,0,0,1,0
3821,0.0246909812011139,0,0,0,1,1,0,0,1,0,1,0,0,0,1,1,0,1,0,0,1
3822,-0.169121968580392,0,1,0,1,0,0,1,0,1,0,0,0,1,0,1,0,1,1,1,1
3823,0.602153873423733,1,1,1,1,1,0,0,1,1,0,0,1,1,1,1,1,1,1,0,0
3824,1.25554214509938,1,1,0,1,0,0,0,1,1,0,0,0,0,1,0,1,1,0,1,1
3825,-2.17156884609645,0,1,1,0,0,0,1,0,0,0,0,0,0,0,0,0,0,0,0,0
3826,-0.785642132070194,0,0,1,1,1,0,1,1,0,1,0,0,0,0,0,0,0,1,0,0
3827,-1.30203092282686,1,0,1,0,0,0,0,0,0,1,0,0,0,0,1,0,0,1,0,0
3828,-1.76451355545368,0,0,0,0,0,0,0,0,1,0,0,0,0,0,1,0,1,0,0,1
3829,1.17222872586068,1,0,0,1,0,0,1,1,0,0,0,1,1,1,1,1,1,1,1,1
3830,1.23928569944537,1,0,1,1,1,0,0,1,0,0,0,0,0,1,1,1,0,1,1,1
3831,-0.609304018265677,0,1,1,1,0,0,0,0,0,1,0,0,0,0,0,0,1,0,1,0
3832,-0.0898574279787006,1,0,0,0,1,0,0,1,1,0,0,0,0,0,1,0,1,0,0,0
3833,-0.131554038579397,1,0,0,0,1,0,1,1,0,1,0,0,0,0,1,0,0,1,0,1
3834,-2.22450186348642,0,0,1,0,0,0,0,0,1,1,0,0,0,0,1,0,0,0,1,0
3835,-0.708736308388831,1,1,0,0,1,0,0,1,1,1,0,0,0,0,0,0,1,0,0,1
3836,0.949333846540003,1,0,1,1,1,0,1,1,0,1,0,0,0,0,1,0,0,0,0,1
3837,0.920922226259218,1,1,0,1,1,0,0,1,0,0,0,0,0,1,1,1,0,0,0,0
3838,-1.43514189770452,1,0,0,0,1,0,1,0,1,0,0,0,0,0,0,0,0,0,1,0
3839,-0.850946593086813,1,0,1,1,1,0,1,0,1,0,0,0,0,0,0,0,1,0,0,0
3840,-1.05167634611335,0,0,1,1,0,0,0,1,0,0,0,0,0,0,1,0,0,0,1,1
3841,-0.304460249161763,1,1,1,1,1,0,0,1,1,0,0,1,1,0,0,0,0,0,0,1
3842,-1.15803872717807,0,1,0,0,0,0,1,0,1,1,0,0,1,0,1,0,0,1,0,0
3843,0.654056067396557,0,1,0,1,1,0,0,1,0,1,0,1,0,1,0,0,1,1,0,0
3844,-0.66001694630579,1,0,1,1,0,0,0,1,0,0,0,0,0,0,0,0,0,0,0,0
3845,-0.798248994767272,1,0,0,0,0,0,1,1,1,1,0,0,0,0,0,0,0,1,1,0
3846,-0.490522050154468,0,0,1,0,0,0,0,1,0,0,0,0,0,0,1,0,0,0,0,1
3847,-0.435024464473086,1,1,0,0,0,0,0,1,1,1,0,0,0,0,1,0,0,0,1,1
3848,-1.06110484920435,0,0,1,1,0,0,1,1,1,1,0,0,1,0,0,0,0,0,0,0
3849,-0.486717924054982,0,1,1,0,1,0,0,1,0,0,0,0,1,0,0,0,0,1,1,0
3850,0.00145321226716739,0,1,1,0,0,0,0,1,1,1,0,0,1,0,0,0,0,1,0,1
3851,0.311677161721317,0,1,0,1,0,0,1,1,0,1,0,1,1,0,0,0,1,1,0,0
3852,-0.507058027402296,0,1,0,0,1,0,1,1,1,0,0,0,0,0,0,0,1,0,0,0
3853,-1.64961378166752,1,0,0,0,1,0,1,0,0,1,0,0,0,0,1,0,0,0,0,0
3854,-0.0636917697741317,0,0,1,1,0,0,1,1,1,1,0,0,1,0,1,0,0,0,0,0
3855,-0.279834719331725,1,0,1,0,1,0,0,1,1,1,0,0,1,0,0,0,0,1,1,0
3856,-0.258129615728925,0,1,0,0,0,0,1,1,0,1,0,0,1,0,1,0,0,1,0,1
3857,-0.20417451700299,1,0,0,0,0,0,1,1,1,0,0,0,1,1,1,0,0,0,0,0
3858,0.335559705372189,1,1,0,1,0,0,0,1,1,0,0,1,0,1,1,0,1,0,1,0
3859,0.679407178115563,1,1,1,1,0,0,1,1,1,0,0,1,0,1,1,1,0,0,0,1
3860,-1.94891158534401,0,0,1,0,0,0,1,0,0,0,0,0,0,0,1,0,1,0,0,1
3861,-0.535936605613106,0,0,1,1,0,0,0,0,0,0,0,0,0,0,1,0,0,0,1,0
3862,-0.50209443898095,0,0,1,0,0,0,1,0,0,1,0,0,1,0,1,0,1,0,1,0
3863,0.420639737754074,0,1,0,1,1,0,1,1,0,0,0,0,1,0,0,0,1,0,1,0
3864,-0.13385159751615,0,1,1,0,0,0,1,1,0,1,0,0,0,0,0,0,1,1,1,0
3865,-0.462832719918933,0,0,0,1,1,0,0,1,1,0,0,0,0,0,1,0,1,1,0,0
3866,-1.24898736252443,0,1,0,0,0,0,0,0,1,0,0,0,0,0,0,0,1,0,0,1
3867,1.34728131741935,0,0,1,1,0,0,1,1,1,0,0,1,0,1,1,1,0,0,0,0
3868,-1.25987058869442,0,0,1,1,0,0,0,0,0,0,0,0,0,0,0,0,1,0,0,0
3869,1.60486430456575,0,1,1,1,1,0,0,1,1,1,0,1,0,1,0,1,1,0,0,0
3870,0.249575533021083,0,0,0,1,1,0,1,1,0,0,0,0,0,0,1,0,0,1,1,0
3871,0.470720479285277,1,1,0,1,1,0,0,1,1,0,0,0,0,0,0,0,1,0,0,1
3872,0.357815737534582,0,1,1,1,1,0,0,1,0,0,0,0,1,1,1,1,1,1,1,1
3873,0.878040359858155,0,1,0,1,1,0,0,1,1,0,0,1,1,1,1,1,1,1,0,0
3874,0.565577723318594,0,0,1,1,1,0,1,1,0,0,0,0,0,0,1,0,1,1,1,1
3875,1.18400149951896,1,0,1,1,1,0,0,1,0,1,0,1,0,1,0,1,1,0,1,1
3876,-0.230615656185389,0,0,1,1,1,0,0,1,1,0,0,0,1,0,1,0,0,1,1,0
3877,-0.584512091992604,1,0,0,1,0,0,0,1,0,0,0,0,0,0,1,0,1,1,1,0
3878,0.298376909054637,0,0,1,1,1,0,0,1,0,0,0,0,0,1,0,1,1,0,1,1
3879,-0.159029908168124,1,1,0,0,1,0,1,1,0,0,0,0,1,0,0,0,1,0,0,0
3880,0.280036744629536,0,0,0,1,1,0,1,1,0,1,0,1,1,0,1,0,1,0,0,1
3881,-0.501635672158416,0,1,0,0,1,0,1,1,1,0,0,0,0,0,0,0,1,1,1,1
3882,1.2710036262015,1,1,1,1,0,0,1,1,1,0,0,1,1,1,1,1,1,0,1,1
3883,-0.210917544760427,0,1,1,1,0,0,0,1,0,0,0,0,0,0,1,0,1,1,1,0
3884,1.27090817210825,0,1,0,1,0,0,1,1,1,1,0,1,1,1,0,1,1,1,0,0
3885,-0.0459565182413152,1,0,1,1,0,0,0,1,0,1,0,0,1,0,0,0,0,1,0,0
3886,0.254112727803848,1,0,0,1,1,0,1,1,1,0,0,1,1,0,0,1,1,1,0,1
3887,-1.04142083062029,0,0,1,1,0,0,0,0,0,0,0,0,0,0,1,0,1,0,0,1
3888,-0.270182057618733,0,0,0,1,0,0,0,1,1,0,0,0,1,0,1,0,0,0,1,1
3889,-0.407141799270273,1,0,0,1,1,0,0,0,0,0,0,0,1,0,1,0,1,1,0,1
3890,0.38906289517428,0,1,1,1,0,0,0,1,0,1,0,1,1,1,1,0,1,1,0,1
3891,-0.370509181897571,1,0,0,1,0,0,0,1,0,0,0,0,0,0,1,0,0,1,1,0
3892,0.340267557435793,1,0,0,1,0,0,0,1,1,1,0,1,0,0,1,0,0,0,1,0
3893,1.91426951457744,0,0,0,1,0,0,1,1,1,0,1,1,1,1,1,1,1,0,0,1
3894,-0.896459990833099,1,0,1,0,0,0,1,0,1,1,0,0,1,0,0,0,0,0,0,0
3895,-1.7124898225923,1,0,0,0,1,0,1,0,1,1,0,0,0,0,1,0,0,0,1,0
3896,1.08168297312012,0,0,1,1,0,1,1,1,0,1,0,1,0,1,1,1,0,1,1,1
3897,0.331319256604195,1,0,0,1,0,0,1,1,1,0,0,1,1,1,1,0,1,0,1,1
3898,0.369547696384035,1,0,0,1,0,0,0,1,0,1,0,0,1,0,1,1,0,0,0,1
3899,-0.640490452428725,1,0,0,0,1,0,0,1,0,1,0,0,1,0,0,0,0,1,0,0
3900,2.81250701301272,0,1,0,1,1,1,1,1,0,1,1,1,1,1,1,1,0,0,1,1
3901,0.164302981062596,0,1,1,1,1,0,0,0,0,0,0,1,1,1,1,1,1,1,1,1
3902,-0.317332888092058,1,1,1,1,1,0,0,1,1,0,0,0,0,0,0,0,0,0,0,0
3903,-0.0166388143050241,0,0,0,1,1,0,1,1,1,0,0,0,1,0,0,0,0,1,0,0
3904,-0.703867310828367,0,1,0,1,0,0,0,0,0,0,0,0,1,0,1,0,1,1,0,0
3905,-1.03332110661178,0,0,1,0,0,0,0,1,1,0,0,0,1,0,1,0,1,0,1,1
3906,0.0981758312041195,1,1,0,1,1,0,1,1,0,0,0,0,0,0,1,0,0,1,1,1
3907,-0.0371031746344956,0,0,0,1,0,0,0,1,1,0,0,0,0,1,0,0,0,0,0,1
3908,-0.0256195153892296,0,0,0,1,0,0,0,1,1,0,0,0,0,0,1,0,0,1,0,0
3909,-0.110452111839917,0,0,0,1,0,0,0,1,0,0,0,0,0,0,1,1,0,0,1,1
3910,-1.29522436812347,1,1,0,0,0,0,1,1,0,0,0,0,0,0,1,0,0,0,0,0
3911,0.491367571565278,1,1,1,1,0,0,1,1,1,1,0,1,1,1,1,1,0,1,1,0
3912,-0.907362152218921,0,0,1,0,0,0,0,1,1,0,0,0,1,0,0,0,1,1,0,1
3913,-1.39300493941555,1,0,1,0,0,0,0,0,1,0,0,0,1,0,1,0,0,0,0,1
3914,-0.0985496553181256,0,0,1,1,1,0,1,1,0,0,0,0,1,0,1,1,1,0,0,1
3915,-0.463796884012285,0,0,0,1,0,0,1,1,1,0,0,0,1,0,0,0,1,0,0,0
3916,0.499332853143456,1,1,1,1,0,0,1,1,0,0,0,1,0,1,0,1,1,0,0,0
3917,-1.30127866039954,1,1,0,0,0,0,1,0,0,0,0,0,0,0,0,0,1,0,0,0
3918,-1.93605567595661,0,1,1,0,0,0,0,0,1,0,0,0,0,0,1,0,0,0,0,0
3919,0.450173626520977,1,0,0,1,0,0,0,1,0,1,0,1,1,0,0,0,0,0,0,0
3920,0.840652420265216,1,1,1,1,0,0,1,1,1,1,0,1,0,0,0,1,1,1,1,0
3921,-0.874038875732693,0,0,0,0,0,0,1,0,0,0,0,0,1,0,1,0,0,0,1,0
3922,-0.147463483746081,1,0,0,1,0,0,1,1,0,1,0,0,1,1,0,0,0,0,0,1
3923,-0.457374429603485,0,1,0,0,1,0,0,1,1,1,0,0,1,0,0,0,1,0,1,0
3924,1.11463859542345,0,1,1,1,1,0,0,1,1,1,0,1,0,1,0,1,1,0,0,1
3925,-0.0622035262614689,1,0,0,1,1,0,0,1,0,1,0,0,1,0,1,0,0,1,1,1
3926,-0.801974446774003,0,1,1,1,0,0,1,1,1,0,0,0,1,0,1,0,0,0,1,0
3927,2.25343586327615,1,1,1,1,1,1,1,1,0,0,1,1,0,1,0,1,1,0,1,0
3928,1.10763590894286,1,0,0,1,1,0,0,1,0,1,0,1,1,1,0,1,1,0,0,0
3929,-1.3337968777376,0,0,1,0,1,0,1,0,0,0,0,0,0,0,1,0,0,1,0,1
3930,1.85074849042555,0,1,0,1,0,0,1,1,0,0,0,1,1,1,1,1,1,1,0,0
3931,-0.746417682575139,0,0,0,1,0,0,0,0,0,0,0,0,0,0,0,0,1,0,1,1
3932,1.38537075519523,1,1,1,1,1,0,1,1,1,0,0,1,0,1,1,1,0,1,0,1
3933,1.38155793392428,0,0,0,1,0,0,1,1,0,0,0,1,0,1,0,1,1,1,1,0
3934,1.57132896112374,1,1,1,1,1,1,1,1,1,1,0,1,1,1,1,1,1,1,0,0
3935,1.13647108267709,0,0,1,1,0,0,0,1,1,0,0,1,1,1,1,1,1,0,0,0
3936,-0.624066178900347,1,0,1,0,0,0,0,1,1,0,0,0,0,0,1,0,1,1,0,1
3937,-1.3035402113278,1,0,0,1,0,0,0,1,1,0,0,0,1,0,1,0,0,0,0,0
3938,-0.308929879894058,1,1,1,0,0,0,0,1,1,1,0,0,0,0,1,0,0,0,1,1
3939,0.282624639775311,1,0,1,1,1,0,0,1,1,0,0,0,1,0,1,1,0,0,0,0
3940,0.0981775829195976,1,1,0,1,1,0,1,1,1,0,0,1,0,0,0,0,0,0,0,1
3941,-0.437072320632569,1,0,0,0,0,0,1,1,0,1,0,0,0,0,1,0,1,1,0,0
3942,0.877187047501349,1,0,1,1,1,0,1,1,0,1,0,1,1,0,1,1,0,0,1,1
3943,-0.718295022500293,0,1,1,0,0,0,0,0,0,0,0,0,0,0,0,0,1,1,0,1
3944,-0.651308857223778,1,1,0,0,1,0,1,1,0,0,0,0,1,0,0,0,0,1,0,0
3945,-1.66047393794611,0,0,1,0,0,0,0,1,0,0,0,0,1,0,0,0,0,0,0,0
3946,-0.802922450464929,1,1,1,0,1,0,0,0,1,0,0,0,0,0,0,0,1,1,1,1
3947,-0.0742370579058075,0,1,1,1,1,0,0,1,0,0,0,0,1,1,1,0,0,0,0,1
3948,0.0347733466246034,0,1,0,1,0,0,0,1,1,1,0,1,1,0,1,0,1,1,0,0
3949,-1.37952049320696,0,0,0,0,0,0,0,1,0,0,0,0,1,0,1,0,0,0,1,1
3950,1.41243255816529,0,1,1,1,0,0,0,1,0,0,0,1,1,1,1,1,1,0,0,1
3951,0.825255836495016,1,1,1,1,0,0,0,1,1,0,0,0,1,0,0,0,1,1,1,0
3952,-0.13852316072129,0,0,1,1,1,0,0,1,0,0,0,0,1,0,1,0,1,0,0,1
3953,0.267840671470301,1,0,1,1,0,0,1,1,0,1,0,0,0,1,1,1,0,0,1,0
3954,0.573673840931072,1,1,0,1,0,0,1,1,1,1,0,1,0,0,0,0,0,0,1,0
3955,-1.3085535370406,0,1,1,0,1,0,1,0,0,1,0,0,1,0,1,0,0,1,0,0
3956,-1.76702411342158,0,1,0,0,1,0,1,0,0,0,0,0,0,0,1,0,0,1,0,0
3957,0.171286218370932,0,1,1,0,1,0,0,1,0,1,0,0,0,0,0,1,0,1,0,1
3958,0.176085489982011,1,1,1,1,0,0,0,1,1,1,0,0,1,0,1,0,1,0,1,0
3959,0.27066612139136,1,0,1,1,0,0,0,1,1,0,0,0,1,0,0,0,0,0,1,1
3960,-0.227211439011028,0,1,1,0,0,0,0,1,1,1,0,0,1,0,1,0,1,0,1,1
3961,0.656277603967162,0,0,1,1,0,0,1,1,1,1,0,0,1,1,0,1,1,0,1,0
3962,-0.61810361232053,1,1,1,1,1,0,1,1,1,0,0,0,1,0,0,0,1,0,0,0
3963,-0.957153288973318,0,1,0,1,0,0,1,1,1,0,0,0,0,0,0,0,0,1,0,1
3964,0.00894893281271994,1,0,1,1,0,0,0,1,1,1,0,0,1,1,1,0,0,1,1,0
3965,0.0857714225212847,0,1,0,1,1,0,0,1,1,0,0,0,0,0,1,0,0,1,1,0
3966,1.72317163296454,1,1,0,1,0,1,0,1,1,0,0,1,1,1,0,1,1,0,1,1
3967,-1.17906134906454,1,1,0,0,1,0,0,1,1,0,0,0,0,0,0,0,0,1,0,0
3968,0.824568634232985,1,0,1,1,0,0,0,1,0,1,0,1,1,1,1,1,0,0,1,0
3969,-0.657393917675502,0,0,0,0,1,0,0,1,0,0,0,0,0,0,1,0,1,0,1,1
3970,0.977779116309669,1,1,1,1,1,0,0,1,1,0,0,1,1,1,0,1,1,1,1,0
3971,0.292874548031911,1,1,0,1,0,0,0,1,0,1,0,1,0,0,1,1,1,1,0,1
3972,1.26123865673113,1,0,0,1,1,0,0,1,1,0,0,1,1,1,0,1,0,1,1,1
3973,0.788799394712428,0,0,1,1,1,0,1,1,1,0,0,0,1,1,1,0,1,0,0,1
3974,1.74723879460735,0,1,0,1,1,0,0,1,1,0,0,1,0,1,1,1,0,0,1,0
3975,-0.128966455358468,1,0,1,1,1,0,1,1,0,0,0,0,0,0,1,0,0,1,0,1
3976,0.943458343964313,1,0,0,1,0,0,1,1,0,0,0,1,1,1,1,0,1,1,1,0
3977,1.65120824830802,1,1,0,1,1,0,1,1,0,1,0,1,0,1,1,1,1,1,0,1
3978,1.36523182787349,0,1,1,1,1,0,1,1,1,1,0,1,1,1,1,1,0,1,0,1
3979,-1.40038634845714,0,0,0,0,1,0,0,1,0,0,0,0,1,0,0,0,1,0,0,1
3980,-1.2377337075784,0,0,0,0,1,0,0,1,1,0,0,0,0,0,0,0,0,0,0,0
3981,-1.04260996673172,0,1,0,0,0,0,0,0,1,0,0,0,1,0,0,0,0,0,0,0
3982,0.0166069938194132,0,0,0,1,0,0,1,1,0,0,0,0,0,0,1,0,1,1,0,0
3983,-0.178016448290992,1,0,1,1,1,0,0,1,1,1,0,0,1,0,0,0,1,0,0,0
3984,0.308496051358461,0,1,1,1,0,0,1,1,0,0,0,1,1,1,1,0,1,0,0,0
3985,0.84008472581542,0,1,1,1,0,0,0,1,1,0,0,1,0,0,1,1,0,1,0,0
3986,-0.727005990290182,0,1,0,0,0,0,1,1,0,0,0,0,1,0,0,0,0,1,0,0
3987,-0.336584739777679,0,1,0,1,0,0,1,1,1,0,0,0,0,0,1,0,0,1,1,1
3988,-0.140131043420253,0,0,0,0,0,0,0,1,1,0,0,0,0,0,1,0,0,1,0,1
3989,0.429512922633728,1,0,0,1,1,0,1,1,1,1,0,1,1,1,0,0,1,0,1,1
3990,0.595826684089502,0,1,0,1,1,0,0,1,0,1,0,0,1,1,0,0,1,0,1,0
3991,-0.589490102249841,0,0,0,1,1,0,1,1,1,0,0,0,0,0,0,0,1,0,1,0
3992,-0.937046133159031,1,0,1,0,0,0,1,1,0,1,0,0,1,0,0,0,0,0,1,1
3993,0.251112027873313,1,1,1,1,1,0,0,1,0,0,0,0,1,0,1,0,0,1,0,0
3994,1.37940558607668,1,1,0,1,1,0,0,1,0,0,0,1,1,1,1,1,0,0,0,1
3995,0.0830348173301324,1,0,0,1,1,0,1,1,1,0,0,1,0,1,0,0,0,0,0,1
3996,-1.79840067512551,0,1,1,0,1,0,1,0,1,1,0,0,1,0,0,0,1,0,0,0
3997,-1.15409981887614,0,0,1,0,0,0,0,0,0,0,0,0,1,0,1,0,0,0,0,0
3998,0.201943824217278,1,1,0,1,1,0,0,1,0,0,0,0,0,1,1,0,1,0,1,1
3999,-0.273193223892438,0,0,1,1,1,0,0,1,0,1,0,0,1,0,1,0,0,1,0,0
4000,2.13373740667606,1,1,0,1,0,0,0,1,1,0,0,1,1,1,1,1,1,0,0,0
4001,0.180747374255196,1,1,0,1,0,0,1,0,0,0,0,0,0,0,0,0,0,0,1,1
4002,0.846798652078733,0,0,1,1,1,0,0,1,1,1,0,1,0,1,1,1,0,0,1,1
4003,0.36968179110953,1,1,0,1,1,0,0,1,0,1,0,0,1,1,1,1,0,1,0,1
4004,0.869723967261651,1,1,1,1,1,0,0,1,0,0,0,1,0,1,0,1,1,0,0,1
4005,-0.817280947437897,0,0,0,1,1,0,1,1,0,0,0,1,1,0,1,0,0,1,0,1
4006,-1.01638860467628,0,0,0,1,0,0,1,0,1,0,0,0,0,0,0,0,1,0,0,0
4007,-1.42298784998879,0,0,1,0,1,0,0,1,0,0,0,0,0,0,0,0,0,1,0,1
4008,-0.767560087953784,1,0,0,1,0,0,0,1,1,1,0,0,0,1,0,0,0,0,0,0
4009,0.270364178478783,0,1,1,1,1,0,0,1,1,1,0,1,1,0,1,0,1,0,0,0
4010,0.313498944556653,1,1,1,1,1,0,0,1,1,1,0,0,1,0,1,0,1,1,1,0
4011,-2.6746500831125,0,0,1,0,0,0,0,0,0,0,0,0,0,0,1,0,1,0,0,0
4012,-1.71375365322869,0,0,0,0,1,0,0,0,0,0,0,0,1,0,0,0,1,0,0,1
4013,0.380318941299519,0,0,1,1,0,0,1,1,0,0,0,1,0,1,1,1,1,1,1,1
4014,0.48163724524624,1,1,1,1,1,0,0,1,1,1,0,0,1,1,1,0,0,1,0,1
4015,1.09891343932948,0,1,0,1,1,0,1,1,0,1,0,1,1,1,0,1,1,0,1,0
4016,-0.903906584407266,0,0,1,0,1,0,0,1,0,1,0,1,1,0,0,0,0,0,1,0
4017,-2.33091894622648,0,1,0,0,0,0,1,0,1,0,0,0,1,0,0,0,0,0,0,1
4018,0.398218675743366,0,0,1,1,1,0,1,1,1,0,0,0,1,1,0,1,1,1,0,1
4019,1.35701907664048,1,0,1,1,1,0,1,1,1,0,0,0,1,1,1,1,0,1,0,1
4020,1.05352002121228,0,1,1,1,0,0,0,1,0,0,0,1,0,1,1,1,1,0,0,1
4021,1.58845838816795,1,1,1,1,0,0,1,1,1,1,0,1,1,1,0,1,0,1,0,1
4022,3.28233591283988,0,1,1,1,1,1,1,1,0,0,1,1,1,1,0,1,0,1,0,0
4023,0.991056581206914,0,1,0,1,0,0,1,1,0,0,0,0,1,1,1,1,1,0,1,0
4024,-1.22032305184095,0,1,0,0,0,0,0,1,0,1,0,0,1,0,1,0,0,0,0,0
4025,1.13219511845367,1,1,0,1,0,0,0,1,1,0,0,0,0,1,1,1,1,0,0,1
4026,-0.881255167212619,1,1,0,0,0,0,0,1,1,1,0,0,1,0,0,0,0,1,1,0
4027,0.64920266664828,1,1,0,1,1,0,0,1,1,0,0,1,0,1,1,1,1,0,1,1
4028,0.740413115118578,0,1,0,1,0,0,0,1,1,0,0,1,0,1,0,1,1,1,0,1
4029,-1.22169209291978,0,1,0,0,0,0,0,0,1,0,0,0,1,0,1,0,0,0,0,1
4030,1.45086133316916,1,1,1,1,1,0,0,1,1,0,0,1,0,1,0,1,1,0,0,1
4031,2.41634966979583,1,0,1,1,1,0,1,1,1,1,1,1,1,1,1,1,0,1,0,0
4032,1.85075733030704,0,0,1,1,1,0,1,1,1,0,0,1,1,1,1,1,1,1,1,1
4033,2.01455337494716,1,1,0,1,1,1,1,1,1,1,1,1,0,1,1,1,1,1,1,0
4034,0.915395298703786,1,1,0,1,0,0,1,1,1,0,0,1,1,1,1,1,1,0,1,1
4035,-0.126746213652091,0,0,1,1,0,0,0,0,0,0,0,0,0,0,1,1,0,0,0,0
4036,-1.43714254817485,0,0,1,0,0,0,1,0,0,0,0,0,1,0,1,0,1,0,1,1
4037,-1.27119407570174,0,0,1,0,1,0,0,1,0,0,0,0,0,0,0,0,0,0,0,0
4038,-0.00640271745666267,0,0,1,0,1,0,0,1,0,1,0,0,0,0,0,0,0,0,0,1
4039,-0.450394053601007,0,0,0,0,0,0,0,1,0,0,0,0,1,0,1,0,0,0,1,1
4040,-0.199325608579026,1,0,1,1,0,0,1,1,0,0,0,0,1,0,1,0,0,0,0,0
4041,-0.136476889064968,0,0,1,1,0,0,1,1,1,0,0,0,0,1,1,0,0,1,0,1
4042,1.36632672403936,1,1,1,1,1,0,0,1,1,0,0,1,1,1,0,1,1,1,0,0
4043,0.298939097569305,0,0,0,1,1,0,0,1,1,1,0,0,1,0,0,0,0,0,0,1
4044,-0.423570098060732,1,0,0,1,0,0,0,1,0,1,0,0,1,1,0,0,0,0,0,0
4045,-0.799538314210915,0,0,0,1,0,0,1,1,1,0,0,0,0,0,0,0,0,1,0,0
4046,-0.688905125402569,0,1,1,0,0,0,0,1,0,0,0,0,1,0,1,0,0,0,0,0
4047,0.27527728836656,1,0,1,1,1,0,0,1,0,0,0,1,0,0,0,0,0,1,1,1
4048,-0.978165797517476,0,0,0,0,0,0,0,0,1,1,0,0,1,0,1,0,0,0,0,0
4049,-0.499750628317972,1,1,0,0,0,0,0,1,1,1,0,0,0,0,1,0,1,1,0,1
4050,1.41199024238893,1,0,1,1,0,0,0,1,0,1,0,1,1,1,1,1,1,0,1,1
4051,-0.333676911952706,0,1,1,0,0,0,1,1,1,0,0,0,0,0,1,0,0,0,1,1
4052,0.29863739489733,1,1,0,1,0,0,1,1,0,1,0,0,1,0,0,0,1,1,1,0
4053,0.954043696150125,1,1,1,1,0,0,0,1,0,0,0,0,1,0,0,1,1,0,0,1
4054,-0.427168803683506,0,1,0,0,0,0,1,1,0,1,0,0,1,0,1,0,0,1,1,1
4055,-0.813800285893029,1,0,1,0,1,0,0,1,0,0,0,0,1,0,1,0,1,1,1,1
4056,0.694776529875611,1,0,0,1,0,0,1,1,1,1,0,0,1,1,1,1,0,0,0,1
4057,-0.298246860239349,1,0,0,1,0,0,0,1,0,1,0,0,0,0,1,0,1,1,1,0
4058,0.973392995455084,1,1,1,1,0,0,1,1,1,0,0,1,1,1,1,1,0,0,1,0
4059,-0.0588078018319082,0,1,0,1,1,0,1,0,1,0,0,0,1,0,1,1,0,0,0,0
4060,-2.41202067600353,0,0,1,0,0,0,0,0,0,1,0,0,0,0,0,0,0,0,0,1
4061,1.084854536023,1,0,0,1,0,0,0,1,1,1,0,1,0,0,1,0,0,1,1,1
4062,0.294610781145895,1,0,0,1,0,0,0,1,1,1,0,0,1,0,0,1,0,1,1,1
4063,-0.0590900762998821,0,1,1,1,0,0,0,1,0,1,0,1,1,0,0,0,0,0,1,1
4064,-0.246042231556257,0,0,1,1,0,0,0,1,0,0,0,0,0,0,1,0,0,1,1,1
4065,1.68131082579897,1,1,1,1,0,0,0,1,1,1,0,0,1,1,1,1,1,1,0,1
4066,1.02906722275937,1,0,1,1,1,0,0,1,1,1,0,1,0,1,1,1,1,1,0,1
4067,-1.09505520264507,1,1,0,1,0,0,0,1,1,0,0,0,0,0,1,0,0,0,0,1
4068,-1.07335063544271,0,1,0,0,0,0,0,0,0,1,0,0,0,0,1,0,1,0,0,0
4069,0.683194773918286,1,0,1,1,0,0,1,1,0,0,0,0,1,1,1,1,1,1,1,1
4070,0.208652928628021,0,0,0,1,0,0,0,1,0,1,0,0,1,0,0,0,1,1,1,0
4071,-0.31391981315926,0,1,1,1,1,0,0,1,0,0,0,0,0,0,1,0,0,1,0,1
4072,-0.375694041694567,0,1,0,1,0,0,1,1,1,1,0,0,0,0,1,0,0,1,1,1
4073,0.827707343391317,0,1,1,1,1,0,1,1,0,0,0,1,1,1,0,0,0,0,0,0
4074,0.837429052427205,0,0,0,1,0,0,0,1,0,0,0,1,1,1,1,1,0,1,0,0
4075,0.745923102840332,0,0,1,1,0,0,0,1,0,0,0,1,0,1,1,0,0,0,0,1
4076,0.0642206492309973,0,1,1,1,1,0,0,1,0,1,0,0,1,0,1,0,0,1,1,1
4077,1.13288538739872,0,0,0,1,0,0,0,1,1,0,0,0,0,1,0,1,1,0,1,1
4078,-1.01313031702423,0,1,0,0,0,0,0,0,1,1,0,0,1,0,0,0,0,0,0,1
4079,-2.10723385641608,0,1,1,0,0,0,0,0,0,1,0,0,0,0,0,0,0,1,0,0
4080,-1.27922555718895,1,0,0,0,1,0,1,1,1,1,0,0,0,0,0,0,0,0,1,1
4081,0.496397849676403,0,0,0,1,1,0,0,1,1,1,0,1,0,1,1,1,0,0,0,1
4082,-0.164006446268466,0,1,1,1,1,0,0,1,1,0,0,0,1,1,1,0,1,0,0,0
4083,-0.656327535906437,0,1,0,0,0,0,0,1,0,1,0,0,1,0,1,0,1,1,0,1
4084,1.18378918746541,0,1,0,1,0,0,0,1,0,1,0,1,0,1,1,1,1,0,1,1
4085,-0.243627804923763,1,0,0,1,0,0,0,1,0,1,0,0,0,1,0,0,1,0,0,0
4086,-1.45202303497835,1,1,1,0,1,0,1,0,0,0,0,0,0,0,0,0,0,0,0,0
4087,0.73316898395733,1,0,0,1,1,0,1,1,0,1,0,1,0,1,0,0,1,1,0,1
4088,1.28650653745915,0,0,0,1,1,0,1,1,0,0,0,1,0,1,1,1,1,0,0,1
4089,0.241494030898857,1,0,1,1,0,0,1,1,1,1,0,1,1,0,1,0,0,0,0,1
4090,-1.65088258779567,1,1,1,0,0,0,0,0,1,0,0,0,0,0,1,0,0,1,0,0
4091,-0.375650910283132,1,1,1,1,1,0,0,1,0,1,0,0,1,0,1,0,1,0,0,0
4092,-0.452755218730125,1,0,0,1,0,0,0,1,1,1,0,0,1,0,1,0,0,1,0,0
4093,1.71643366686136,1,1,1,1,1,0,0,1,1,0,0,1,1,1,1,1,0,1,0,0
4094,0.145705531514269,1,1,0,1,0,0,0,1,0,0,0,1,1,0,1,0,0,1,0,1
4095,-0.601272560671045,1,0,1,0,0,0,1,1,0,0,0,0,0,0,1,1,0,1,1,1
4096,1.12337599146235,1,0,0,1,0,0,0,1,0,0,0,1,1,1,1,1,1,0,1,1
4097,-0.0855766619157294,1,1,0,1,1,0,1,1,0,0,0,0,1,0,1,0,0,0,0,0
4098,-0.32556347798736,1,1,0,1,1,0,0,1,1,1,0,0,1,0,0,0,0,0,0,0
4099,0.0900529332336115,1,0,0,1,0,0,0,1,0,0,0,0,0,0,0,0,0,0,0,1
4100,0.166416983059735,0,1,1,1,1,0,1,1,0,0,0,0,1,0,0,0,1,1,1,0
4101,0.203587884183296,0,0,0,1,0,0,1,1,1,1,0,0,0,0,0,0,1,1,0,0
4102,0.659912513730541,0,1,1,1,0,0,0,1,1,0,0,1,1,1,0,1,0,1,0,1
4103,-1.8125988607976,0,0,0,1,0,0,0,0,0,1,0,0,1,0,1,0,1,0,0,1
4104,0.13004107319906,1,0,1,1,1,0,0,1,1,1,0,1,1,0,1,0,1,0,1,0
4105,1.47459957479819,0,1,1,1,0,0,1,1,1,1,0,1,1,1,1,0,1,1,1,0
4106,-0.440266375996017,0,0,1,0,0,0,0,1,1,0,0,0,0,0,1,0,1,0,1,0
4107,0.0165706347623282,0,1,1,1,1,0,1,1,1,0,0,0,1,0,1,0,0,0,0,0
4108,2.22548273981053,1,1,0,1,0,0,1,1,1,1,0,1,0,1,1,1,1,1,1,0
4109,-1.53008456022007,0,1,1,0,0,0,0,0,1,0,0,0,0,0,0,0,0,0,1,1
4110,1.1138715909183,1,0,1,1,0,0,1,1,1,0,0,0,0,1,1,0,1,1,0,1
4111,-0.258556448995808,1,0,0,1,0,0,0,1,0,0,0,0,0,0,1,0,1,1,1,1
4112,-1.17904664063725,0,0,0,0,0,0,0,1,0,1,0,0,0,0,1,0,1,1,0,0
4113,0.4227252508518,1,0,1,1,1,0,1,1,0,1,0,0,1,0,0,0,1,1,0,0
4114,1.27987152171797,1,1,1,1,0,0,1,1,1,1,0,1,1,1,1,0,0,0,1,0
4115,-1.1597284649643,1,1,0,0,0,0,0,1,1,0,0,0,0,0,1,0,1,1,0,0
4116,1.23929082933821,1,0,0,1,1,0,0,1,1,1,0,1,1,1,1,0,1,1,0,0
4117,0.870466475332087,0,1,1,1,0,0,0,1,0,0,0,1,0,1,1,1,0,1,1,1
4118,-0.0202960032111386,0,1,0,1,0,0,1,1,0,0,0,0,0,0,0,0,0,0,1,0
4119,0.808027063880502,0,1,1,1,1,0,0,1,1,1,0,0,1,1,0,1,1,1,0,1
4120,-0.70373334774432,1,1,0,1,0,0,0,1,0,0,0,0,1,0,1,0,1,1,0,1
4121,0.432426371609893,0,0,1,1,1,0,1,1,0,0,0,0,1,1,1,1,1,0,1,0
4122,-0.0992349831753097,1,0,0,0,1,0,1,1,0,0,0,0,1,1,0,0,1,0,0,0
4123,-0.141110274309926,1,1,1,0,1,0,1,1,0,1,0,0,0,0,1,0,0,1,0,1
4124,0.552163975897531,1,0,0,1,1,0,0,1,0,1,0,0,1,0,1,0,1,1,0,1
4125,0.514796473522493,1,1,1,1,1,0,0,1,1,0,0,1,1,1,0,0,1,1,0,0
4126,0.17793325712213,0,0,0,1,1,0,0,1,1,0,0,1,1,1,0,0,1,1,0,1
4127,0.222204262885173,1,0,0,1,1,0,1,1,1,1,0,0,1,0,1,0,0,0,1,1
4128,0.202062879854587,1,1,1,1,0,0,0,1,0,0,0,0,1,0,1,0,0,1,0,0
4129,1.14721831038659,0,0,1,1,1,0,0,1,0,1,0,1,1,1,1,1,0,1,1,0
4130,0.437784611083749,0,0,1,1,1,0,0,1,0,0,0,0,1,1,0,0,0,1,0,0
4131,0.639601199940085,1,1,1,1,0,0,0,1,0,1,0,0,1,0,1,1,1,0,0,1
4132,1.841921626466,0,0,1,1,0,0,1,1,1,1,0,1,0,1,1,1,1,1,1,1
4133,0.357868782718973,0,1,0,1,1,0,0,1,1,0,0,0,0,0,1,0,1,0,0,1
4134,-0.108721309245838,1,1,0,1,0,0,1,1,0,1,0,0,1,0,0,0,1,1,1,0
4135,1.02115868165621,1,0,0,1,1,0,1,1,1,1,0,1,1,1,1,1,1,0,0,1
4136,0.956567839785816,1,1,1,1,0,0,0,1,0,1,0,0,0,1,1,0,0,1,0,1
4137,-0.15342866786509,1,1,1,1,1,0,0,1,0,0,0,0,1,0,0,0,0,0,1,0
4138,0.455264606225751,1,0,1,1,1,0,0,1,0,1,0,0,0,1,1,0,1,0,0,0
4139,-0.227543265222513,1,1,1,1,1,0,0,1,0,1,0,0,1,0,1,0,0,0,1,0
4140,-1.07500817832571,0,0,0,0,0,0,0,1,1,0,0,0,1,0,0,0,0,1,1,1
4141,0.304383905445415,1,1,0,0,1,0,1,1,0,1,0,0,1,0,0,1,1,0,0,1
4142,-0.858730138784692,0,1,0,0,0,0,1,0,1,0,0,0,1,0,0,0,0,1,1,1
4143,-0.5286604960822,1,1,0,0,1,0,0,1,1,1,0,0,1,0,1,0,1,0,1,0
4144,0.45272113146971,1,0,1,1,1,0,1,1,0,1,0,0,1,0,0,0,0,0,1,1
4145,-1.34567394055799,0,1,0,0,0,0,0,0,0,0,0,0,1,0,0,0,1,0,0,0
4146,-0.729504460412082,0,0,1,0,0,0,0,1,1,1,0,0,1,0,1,0,0,0,0,1
4147,-0.792841780928226,1,1,1,0,1,0,0,0,0,0,0,0,1,0,0,0,0,1,0,1
4148,-0.719359592886856,1,1,0,0,1,0,0,0,0,1,0,0,1,0,1,0,1,0,0,0
4149,-0.530686447025942,0,0,0,0,1,0,1,1,0,1,0,0,1,0,1,0,0,0,0,0
4150,0.427263958710499,1,0,0,1,0,0,0,1,1,1,0,0,1,0,1,0,0,0,0,0
4151,0.0694316775349944,1,1,1,1,0,0,1,1,0,0,0,0,0,1,0,1,1,1,0,1
4152,-1.43061791938813,0,1,0,0,1,0,1,0,0,0,0,0,1,0,1,0,0,0,0,1
4153,0.172085954448076,1,1,0,1,0,0,0,1,1,0,0,0,0,1,1,0,1,0,0,1
4154,-0.908123032582743,0,1,0,0,0,0,0,0,0,0,0,0,0,0,1,0,1,0,0,1
4155,2.25343586327615,1,0,0,1,1,0,0,1,0,0,1,1,1,1,1,1,1,1,0,0
4156,-0.447088592801914,0,1,1,0,1,0,0,1,0,1,0,0,0,0,1,0,1,0,1,1
4157,1.2601563172034,0,1,0,1,1,0,1,1,1,1,0,0,1,1,0,1,0,1,0,1
4158,-0.171170483170988,1,1,0,0,0,0,1,1,1,0,0,0,1,0,1,0,1,0,0,1
4159,1.76519318435658,1,0,0,1,1,0,1,1,0,0,1,1,0,1,1,1,0,1,0,1
4160,-0.576528919437168,1,0,0,0,1,0,0,1,1,0,0,0,1,0,1,0,0,1,1,1
4161,-0.0899765298530434,1,1,0,1,0,0,0,1,1,0,0,0,0,0,0,0,1,0,0,0
4162,0.446890700819893,0,1,1,1,1,0,0,1,0,1,0,1,1,1,1,1,0,0,0,1
4163,0.770725168948844,1,1,1,1,0,0,0,1,0,0,0,0,1,1,1,1,0,1,0,0
4164,-0.0979111737353649,0,0,1,1,1,0,0,1,0,0,0,0,0,0,0,0,0,1,1,0
4165,2.36144089956088,0,0,1,1,0,1,0,1,1,1,0,1,0,1,0,1,1,1,0,1
4166,0.412000663546627,1,0,1,1,1,0,1,1,1,0,0,1,0,0,0,0,0,0,0,0
4167,0.646843940085977,0,1,1,1,0,0,0,1,1,1,0,1,1,0,0,1,0,0,0,0
4168,-1.22114740745452,0,1,1,0,1,0,0,0,0,0,0,0,1,0,1,0,1,0,0,1
4169,-1.08562857478658,1,0,0,1,1,0,0,1,1,0,0,0,1,0,1,0,1,1,0,1
4170,1.08581370029421,0,1,0,1,1,0,0,1,0,1,1,1,1,1,0,0,1,1,0,0
4171,0.901268277177797,1,0,1,1,0,0,0,1,0,1,0,1,1,0,1,1,1,1,1,1
4172,0.387557000735909,1,1,0,1,0,0,1,1,1,0,0,1,1,1,1,0,0,0,1,0
4173,0.677154309592196,1,0,0,1,0,0,0,1,1,0,0,1,1,1,1,1,1,1,0,0
4174,0.931572333703298,0,0,1,1,1,0,1,1,0,1,0,0,0,1,1,1,1,1,1,1
4175,0.452322563079391,1,1,0,1,1,0,1,1,0,0,0,1,1,0,1,0,1,1,1,1
4176,-0.646091001803262,1,0,1,1,1,0,0,1,0,0,0,0,1,0,0,0,1,0,1,1
4177,-0.0906703106886184,0,0,1,1,0,0,0,1,0,1,0,0,0,0,1,1,1,1,1,1
4178,-1.16805712441968,1,0,1,0,0,0,0,0,1,0,0,0,0,0,0,0,0,0,1,0
4179,-0.217794243247585,1,0,0,0,0,0,1,1,0,0,0,1,0,0,1,0,0,1,0,1
4180,0.659302232844266,0,0,0,1,1,0,1,1,1,1,0,1,1,0,0,1,0,1,0,1
4181,1.14701237971173,0,0,0,1,1,0,0,1,1,0,0,1,1,1,0,1,1,0,1,0
4182,-0.176455906604982,1,1,1,1,0,0,0,1,0,1,0,0,1,0,1,0,1,1,1,1
4183,0.643949669068887,1,0,1,1,1,0,1,1,1,0,0,1,1,0,1,0,0,1,1,0
4184,1.08452416566044,0,1,1,1,0,0,1,1,1,1,0,1,1,1,0,1,1,1,0,1
4185,0.549550498636567,1,1,0,1,0,0,0,1,0,1,0,0,1,0,1,1,0,0,0,1
4186,0.058549638796647,0,0,0,1,1,0,0,1,0,0,0,0,1,0,1,0,0,0,0,0
4187,0.392901411564351,0,1,0,1,1,0,0,1,1,1,0,0,1,0,0,1,1,1,0,1
4188,0.0203793592451682,0,1,0,1,1,0,0,1,0,0,0,0,1,0,1,1,0,0,1,1
4189,-1.59932000226936,0,0,0,0,1,0,0,1,0,0,0,0,0,0,1,0,0,0,1,0
4190,-0.556668149877923,0,1,0,0,0,0,0,1,1,1,0,0,1,0,1,0,1,0,0,0
4191,0.487348398657819,0,1,1,1,1,0,0,1,1,0,0,1,1,1,1,0,0,1,0,1
4192,-0.515081535584081,1,1,1,1,1,0,0,1,1,1,0,0,0,0,0,0,1,0,0,0
4193,-0.398134960409435,0,1,0,1,1,0,0,1,0,0,0,0,0,0,1,0,0,0,1,1
4194,-2.09146721621267,1,0,0,0,0,0,0,0,1,0,0,0,0,0,1,0,1,1,0,1
4195,-0.55663058206037,1,0,0,1,1,0,1,1,1,0,0,0,0,0,1,0,1,0,0,0
4196,-0.0822748862341783,0,0,0,1,1,0,1,1,0,0,0,0,1,1,1,0,0,1,1,1
4197,-0.0612670419049786,0,1,0,1,0,0,1,1,0,1,0,0,1,0,0,0,1,1,1,0
4198,0.535862566533777,1,1,1,1,0,0,1,1,1,1,0,1,0,0,1,0,1,0,1,0
4199,0.0206246123271835,1,0,0,1,0,0,0,1,1,1,0,0,1,0,0,0,0,1,1,0
4200,1.15479196443697,0,1,1,1,0,0,1,1,1,0,0,1,1,0,0,1,1,0,1,1
4201,-0.700580257494433,0,0,0,1,1,0,1,1,1,0,0,0,1,0,0,0,1,1,0,0
4202,-1.87649785617073,0,0,1,0,0,0,1,0,0,0,0,0,1,0,0,0,0,0,0,1
4203,-0.803561654995771,0,1,0,0,1,0,0,0,1,0,0,0,1,0,1,0,0,1,0,1
4204,-0.161762016812988,1,1,1,1,1,0,1,1,1,0,0,0,1,0,1,0,0,0,0,1
4205,0.0805628584708475,0,0,0,1,0,0,0,1,1,0,0,0,1,1,1,0,1,0,0,0
4206,-1.35782783933516,0,0,0,0,0,0,1,1,0,1,0,0,0,0,0,0,0,1,0,1
4207,0.0591664757836736,1,1,0,1,0,0,1,1,1,1,0,0,1,0,0,1,1,1,0,1
4208,-0.0895701448415794,0,1,1,1,0,0,0,1,1,0,0,1,0,0,1,0,1,0,1,1
4209,-1.52694997817012,0,0,0,0,0,0,0,0,0,0,0,0,1,0,1,0,0,1,0,0
4210,1.52718222519485,0,1,1,1,0,0,1,1,1,1,0,1,1,1,1,1,1,1,1,0
4211,0.499150013647565,1,1,1,1,1,0,0,1,0,0,0,0,1,0,0,0,1,1,0,0
4212,1.70476280024898,1,1,1,1,1,0,1,1,0,0,0,1,0,1,1,1,1,1,0,0
4213,1.1384648993718,1,0,0,1,1,0,1,1,0,1,0,1,1,1,0,0,0,1,1,0
4214,-0.00370072089800294,0,0,0,1,0,0,1,1,1,1,0,0,0,0,0,0,0,0,0,1
4215,-0.0924665662690656,0,0,0,1,1,0,1,0,1,1,0,0,1,0,1,0,1,1,1,0
4216,-0.0551820500825823,1,1,1,1,1,0,1,1,1,0,0,1,1,1,1,0,1,0,1,0
4217,1.42230298893633,0,1,0,1,0,1,0,1,1,1,0,1,1,1,0,1,1,1,1,0
4218,-0.757665082621422,1,0,0,0,0,0,0,1,1,1,0,0,1,0,1,0,0,1,0,0
4219,-1.45877951031353,0,1,0,0,1,0,1,0,0,0,0,0,0,0,1,0,1,0,0,0
4220,2.42727486416982,1,0,1,1,0,0,0,1,0,1,1,1,0,1,1,1,1,1,1,1
4221,-0.391934334576149,1,0,1,1,0,0,1,1,1,1,0,0,0,0,0,0,0,0,1,0
4222,-0.0196048903272683,1,1,1,1,1,0,0,1,1,1,0,1,0,0,1,0,0,0,0,1
4223,0.865915629619852,1,1,0,1,0,0,1,1,1,1,0,1,1,1,0,1,0,0,0,1
4224,-0.354971015786206,0,0,0,1,0,0,0,1,1,0,0,0,1,0,0,0,1,0,0,0
4225,1.19539306998542,0,1,1,1,0,0,1,1,0,0,0,1,1,1,0,1,1,1,1,0
4226,1.42811718503902,0,0,1,1,0,0,0,1,0,0,0,1,1,1,1,1,0,1,1,0
4227,1.04350532008447,1,0,1,1,0,0,0,1,0,1,0,1,1,1,0,1,0,1,1,1
4228,-0.698916631285475,0,1,1,0,0,0,0,1,0,0,0,0,1,0,0,0,0,0,0,0
4229,-1.54724458956104,1,1,0,0,0,0,1,1,0,0,0,0,0,0,0,0,1,1,1,0
4230,-1.82651934199065,0,0,0,0,0,0,0,1,0,0,0,0,0,0,0,0,1,0,0,0
4231,-0.562038780885267,0,1,0,0,0,0,0,1,1,0,0,0,1,0,1,0,0,0,1,0
4232,0.0870971119878825,0,0,1,1,1,0,1,1,0,0,0,0,1,0,1,0,1,0,0,0
4233,2.54342090234944,1,0,1,1,0,0,0,1,1,1,0,1,0,1,0,1,0,0,1,1
4234,0.611917891572529,1,1,0,1,1,0,1,1,0,1,0,0,0,0,1,0,0,1,0,1
4235,0.795122268679954,1,1,1,1,0,0,1,1,1,1,0,1,1,1,1,0,0,1,1,0
4236,0.763416987134051,0,1,1,1,1,0,0,1,1,0,0,1,0,1,1,1,0,1,1,0
4237,-0.367923652334901,0,1,1,0,1,0,1,1,1,0,0,0,1,0,1,0,0,0,0,0
4238,-0.863522023392165,0,1,1,0,0,0,0,1,1,0,0,0,0,0,0,0,1,1,0,1
4239,0.734060895658946,0,0,1,1,0,0,0,1,0,1,0,0,1,1,1,1,1,0,0,1
4240,0.0114370667172168,0,1,0,1,1,0,1,1,0,0,0,0,1,0,1,0,1,0,1,0
4241,1.87479483695492,0,1,1,1,0,1,0,1,1,0,1,1,0,1,1,1,0,0,1,1
4242,0.528084029492101,1,0,0,1,0,0,1,1,0,1,0,0,0,0,0,1,1,0,0,1
4243,-0.0643787242678107,1,1,0,1,0,0,1,1,1,0,0,0,1,0,1,0,1,0,0,1
4244,-0.520042306597732,0,1,0,1,0,0,0,0,0,0,0,0,1,0,1,0,0,1,0,1
4245,-2.60449772843104,0,0,0,0,0,0,0,0,1,1,0,0,0,0,1,0,0,0,0,1
4246,1.13241426556651,1,1,0,1,0,0,1,1,0,0,0,1,0,0,1,1,1,0,1,1
4247,-0.74268522792139,0,0,0,1,1,0,1,1,0,0,0,0,0,0,0,0,0,1,0,1
4248,-0.289992264429932,0,0,0,0,0,0,1,1,1,1,0,0,0,0,1,0,0,0,0,0
4249,0.491176845817492,0,0,1,1,0,0,0,1,1,1,0,0,0,1,0,1,0,1,1,0
4250,-1.7762584073613,0,0,1,0,0,0,0,0,1,0,0,0,1,0,0,0,0,0,0,0
4251,0.158773324696325,1,1,0,1,1,0,0,1,0,0,0,1,0,0,1,0,0,1,0,1
4252,1.00759349548407,1,1,1,1,1,1,1,1,1,1,0,0,1,1,0,1,0,0,1,1
4253,-0.252183629305944,1,1,1,1,1,0,1,1,1,1,0,1,1,0,0,0,0,1,0,1
4254,-0.796255792522677,1,1,0,0,0,0,0,1,0,0,0,0,1,0,0,0,0,1,1,0
4255,1.46552696972015,1,0,1,1,0,0,0,1,1,0,0,1,0,1,0,1,1,1,1,1
4256,-0.68365857970824,0,1,1,1,0,0,0,1,1,1,0,0,0,0,0,0,0,1,0,0
4257,-0.257257652518605,0,1,1,1,1,0,0,1,0,1,0,0,0,1,0,0,0,0,0,0
4258,0.639915936801095,0,1,0,1,0,0,1,1,0,1,0,1,1,1,0,1,1,0,0,1
4259,-0.570539686056161,0,1,1,1,0,0,0,1,0,1,0,0,1,0,0,0,0,1,0,1
4260,0.791564956006681,0,1,1,1,1,0,1,1,1,0,0,1,0,0,1,1,1,1,0,0
4261,-1.27895759445025,0,1,1,0,0,0,0,1,1,0,0,0,0,0,1,0,1,0,0,1
4262,-1.88465998324325,0,1,1,0,1,0,0,0,1,0,0,0,1,0,0,0,1,0,0,1
4263,1.044986474655,1,1,1,1,0,0,1,1,1,1,0,1,1,1,0,1,1,1,1,0
4264,-1.05336909248705,0,0,1,0,0,0,0,1,0,1,0,0,0,0,0,0,1,0,0,1
4265,-0.0251733952033245,0,1,0,1,1,0,0,1,1,0,0,0,1,1,1,0,1,0,1,1
4266,-0.786081749836371,1,0,0,0,1,0,0,1,0,0,0,0,1,1,1,0,1,0,1,1
4267,-0.411865799599186,1,0,0,0,1,0,1,1,1,1,0,0,1,0,1,0,0,0,1,0
4268,0.782147749902343,1,0,0,1,1,0,0,1,1,1,0,0,0,1,1,1,1,0,1,1
4269,-1.13832034090734,1,0,0,0,1,0,1,1,0,0,0,0,1,0,0,0,1,0,0,0
4270,-0.662334100756566,0,1,1,1,0,0,1,1,1,0,0,0,0,0,1,0,1,0,0,0
4271,-0.0896913704393177,1,0,0,0,0,0,1,1,0,0,0,0,1,0,0,0,1,1,1,1
4272,-0.389895819037708,0,1,1,0,1,0,1,1,1,1,0,0,0,0,1,0,0,0,0,0
4273,-1.68232745870133,1,0,0,0,0,0,1,0,0,0,0,0,0,0,1,0,1,1,1,0
4274,0.43171710520196,1,0,0,1,1,0,0,1,0,0,0,0,1,0,1,0,0,1,1,1
4275,-0.227545157351409,0,1,1,0,1,0,1,1,0,0,0,0,1,0,1,0,0,0,0,0
4276,-0.491455833024313,0,1,0,1,1,0,0,1,1,0,0,0,0,0,0,0,0,0,1,0
4277,0.638054611970543,0,0,0,1,0,0,0,1,1,1,0,1,0,1,0,1,0,0,1,1
4278,-0.323122886401046,1,1,1,1,0,0,0,1,1,0,0,0,1,0,0,0,1,1,0,0
4279,0.78559148206869,1,1,0,1,1,0,1,1,1,0,0,1,0,1,1,0,1,1,0,0
4280,-0.330630900731737,0,1,1,1,0,0,0,1,1,0,0,0,1,0,0,0,0,0,0,0
4281,0.325141046182097,1,0,0,1,0,0,0,1,1,0,0,0,1,1,0,0,0,0,0,0
4282,0.549217651052952,0,1,1,1,0,0,0,1,1,1,0,0,0,0,1,0,0,1,0,0
4283,0.142707653621433,0,1,1,1,1,0,0,1,0,0,0,0,1,0,1,1,0,0,0,1
4284,0.786204267919089,0,0,0,1,0,0,0,1,1,1,0,1,1,1,1,0,1,1,1,0
4285,1.353662964787,0,1,0,1,0,0,1,1,0,0,0,0,1,1,1,1,1,1,0,1
4286,1.56605220434151,0,0,1,1,0,0,0,1,1,0,0,1,0,1,1,1,1,1,0,1
4287,0.372950086552254,0,0,1,1,1,0,0,1,1,0,0,0,0,0,1,0,0,0,1,1
4288,-0.380799317603295,1,1,0,0,1,0,1,1,0,1,0,0,0,0,1,0,1,0,0,1
4289,-1.17306977732156,1,1,1,1,0,0,1,1,0,0,0,0,0,0,1,0,1,1,0,0
4290,0.645731677629254,1,1,1,1,0,0,1,1,0,1,0,1,1,1,0,0,0,1,0,1
4291,-0.284691669782064,0,0,1,0,0,0,1,1,0,0,0,0,0,0,1,0,0,1,1,0
4292,0.958305837331876,1,1,1,1,1,0,1,1,1,0,0,0,1,1,1,1,1,0,1,1
4293,0.739278215648242,0,0,0,1,0,0,0,1,1,1,0,1,0,0,0,1,0,1,0,1
4294,1.56427681128556,1,1,0,1,0,0,0,1,1,0,1,1,1,1,1,1,1,0,0,0
4295,-1.27959119362515,0,1,1,1,0,0,0,1,0,0,0,0,1,0,0,0,0,1,0,1
4296,-1.11900017899371,0,1,1,1,0,0,1,1,0,0,0,0,0,0,0,0,1,0,0,0
4297,-0.228210582773874,1,1,0,0,1,0,1,1,0,0,0,0,0,0,1,1,1,0,0,0
4298,-2.43702658112196,0,1,1,0,1,0,0,0,0,1,0,0,1,0,0,0,0,1,0,0
4299,-2.36242285399793,0,1,1,0,1,0,0,0,0,0,0,0,0,0,0,0,0,0,1,0
4300,-0.873506054988379,1,1,0,0,0,0,1,0,1,0,0,0,0,0,0,0,1,1,0,1
4301,-0.320416588169653,0,0,0,1,0,0,0,1,0,1,0,0,1,0,0,0,1,1,1,0
4302,-0.698687524604103,0,0,0,1,1,0,0,1,1,1,0,0,1,0,1,0,1,1,0,0
4303,0.929408821117593,1,0,0,1,1,0,1,1,1,0,0,0,0,1,1,1,1,1,0,1
4304,0.116342065807344,1,0,0,1,1,0,0,1,0,0,0,0,0,0,1,0,1,1,0,0
4305,1.32227436727809,1,1,0,1,1,0,1,1,0,0,0,1,0,1,1,1,1,0,1,1
4306,0.621533952339656,0,1,0,1,0,0,0,1,0,1,0,0,0,1,1,0,1,0,1,1
4307,0.785462973590951,0,1,0,1,1,0,1,1,0,1,0,1,1,1,1,1,0,1,1,1
4308,1.6106432283632,0,0,1,1,1,0,0,1,0,0,0,1,1,1,1,1,0,1,0,1
4309,1.81407440992958,0,1,0,1,1,0,1,1,0,0,1,1,1,1,1,0,1,1,0,0
4310,0.493960916072981,0,1,1,1,1,0,1,1,1,1,0,1,1,1,1,0,1,1,1,0
4311,0.666499832898197,1,0,1,1,0,0,1,1,1,1,0,0,1,1,1,1,1,0,0,0
4312,-2.11363749807399,0,0,0,0,0,0,0,0,1,0,0,0,0,0,0,0,0,0,0,0
4313,-1.98832613091211,0,1,0,0,1,0,0,0,1,1,0,0,1,0,1,0,0,1,0,0
4314,1.50459603546084,1,1,0,1,0,0,0,1,1,0,0,1,1,1,0,1,1,0,1,0
4315,-0.757127582642662,1,1,0,1,0,0,1,1,0,1,0,0,1,0,0,0,0,0,0,0
4316,1.47458708365627,1,0,1,1,1,0,0,1,1,0,0,1,0,1,1,1,1,1,1,0
4317,0.0321177999020589,1,1,0,1,0,0,0,1,0,1,0,0,0,0,0,0,1,1,0,1
4318,-0.447719723888638,1,0,1,1,1,0,1,1,1,0,0,0,0,0,1,0,1,1,1,0
4319,-0.380797444472784,1,1,1,1,1,0,1,1,1,0,0,0,0,0,0,0,0,1,1,0
4320,-0.469895903869936,0,1,0,1,1,0,0,1,1,1,0,0,1,0,1,0,0,0,1,1
4321,-0.494235384311194,0,1,0,0,0,0,0,1,0,0,0,0,0,0,1,0,0,1,1,0
4322,1.61315882271944,1,1,0,1,1,0,0,1,1,0,0,1,1,1,1,1,1,1,1,0
4323,-1.82369452361872,0,1,1,0,0,0,1,0,0,0,0,0,0,0,1,0,0,1,0,0
4324,-0.814700613797093,1,0,0,1,1,0,1,1,0,1,0,0,0,0,0,0,1,0,1,0
4325,0.629034180408774,1,1,0,1,0,0,0,1,1,0,0,1,1,1,0,1,0,1,0,1
4326,0.119560957512047,0,0,1,1,1,0,0,1,1,1,0,0,0,0,1,0,0,0,0,1
4327,1.16307844341352,1,0,1,1,0,0,0,1,1,1,0,1,0,1,1,1,1,1,1,0
4328,-1.15338382904575,1,0,0,0,0,0,0,0,0,1,0,0,0,0,0,0,1,1,0,1
4329,-1.10651389808746,0,1,1,0,1,0,1,0,0,0,0,0,0,0,0,0,0,0,0,1
4330,0.179770176757693,1,0,1,1,0,0,1,1,1,1,0,0,1,0,0,0,1,1,1,0
4331,2.19912486323442,1,1,0,1,0,1,0,1,0,1,1,1,0,1,1,1,1,1,0,1
4332,0.730875654160541,1,1,1,1,0,0,0,1,1,1,0,1,0,0,1,0,1,1,1,1
4333,-1.55767955687307,0,0,1,0,0,0,1,0,0,0,0,0,1,0,1,0,0,1,1,0
4334,-0.0185525065357292,0,0,0,0,1,0,1,1,1,0,0,0,0,0,0,1,0,0,0,0
4335,1.13211124622855,1,1,0,1,1,0,0,1,1,0,0,1,1,1,0,1,1,0,0,1
4336,0.412757207633718,1,1,1,1,0,0,0,1,1,0,0,1,0,1,1,1,1,0,0,0
4337,1.83878390048514,1,0,1,1,1,0,0,1,0,1,0,1,0,1,1,1,1,1,1,1
4338,-0.339802425808005,1,0,0,1,1,0,0,1,0,0,0,0,0,0,0,0,0,0,1,1
4339,-1.66927442123288,1,1,1,0,0,0,1,1,0,0,0,0,0,0,1,0,0,0,1,1
4340,-0.884269504147009,1,0,0,0,1,0,1,1,1,1,0,0,0,0,0,0,0,1,1,0
4341,-1.04266273259243,0,0,0,0,1,0,1,0,0,0,0,0,1,0,0,0,1,0,0,0
4342,-0.201146473636722,1,1,0,0,0,0,1,1,0,1,0,0,0,0,0,0,1,0,1,1
4343,0.322574480397673,0,1,0,1,1,0,1,1,1,1,0,0,0,1,1,1,1,0,1,0
4344,0.65627132242525,0,1,0,1,0,0,1,1,1,1,0,1,1,1,0,1,1,1,1,0
4345,0.358165527291658,1,1,0,1,1,0,1,1,1,1,0,1,1,1,1,0,1,1,1,1
4346,0.73370226936483,0,1,0,1,1,0,1,1,1,0,0,1,1,1,1,1,1,0,0,1
4347,-0.0371391378231,1,1,1,1,0,0,0,1,1,0,0,1,0,0,1,0,0,0,0,1
4348,0.348396686868874,1,1,1,1,0,0,0,1,0,0,0,0,0,0,1,1,0,1,1,1
4349,-0.73986869383214,1,1,1,1,1,0,1,1,1,0,0,0,1,0,0,0,0,0,0,0
4350,-0.235256106044418,0,0,1,1,1,0,0,1,0,1,0,0,0,0,1,0,0,1,1,1
4351,1.17718733038344,0,0,1,1,1,0,1,1,0,1,0,0,1,1,1,1,1,1,1,1
4352,0.409458100732516,1,1,0,1,0,0,0,1,1,0,0,1,1,1,1,0,1,1,1,0
4353,1.45138708794487,1,1,1,1,0,0,0,1,0,1,0,1,1,1,0,1,0,1,1,1
4354,-0.0740370483263591,0,0,1,1,1,0,0,1,1,0,0,0,1,0,0,0,0,1,0,0
4355,1.73622490600648,1,1,1,1,1,0,0,1,1,1,1,1,1,1,1,1,0,1,0,0
4356,0.347314914638034,0,0,0,1,1,0,1,1,1,1,0,0,0,0,1,1,0,1,0,1
4357,-1.32251938556901,0,0,0,0,1,0,0,0,0,0,0,0,0,0,0,0,1,0,1,0
4358,-0.872786327970743,1,1,1,0,1,0,0,1,0,1,0,0,1,0,1,0,1,0,0,1
4359,0.618354325332302,1,1,0,1,1,0,0,1,0,0,0,1,0,0,1,1,0,0,0,0
4360,-0.571750688544957,1,0,0,1,1,0,0,1,1,0,0,0,1,0,0,0,1,0,0,0
4361,-0.851402767738452,0,1,0,1,1,0,1,1,0,1,0,0,0,0,0,0,0,1,0,0
4362,1.56274677105778,1,1,0,1,1,0,1,1,0,0,1,1,0,1,1,1,1,0,1,1
4363,-0.601271718525135,1,0,0,1,1,0,0,1,1,0,0,0,1,0,1,0,1,0,0,0
4364,-1.5048497397549,1,0,1,0,0,0,0,1,0,0,0,0,1,0,0,0,1,0,0,0
4365,-0.0992036336767343,0,1,1,1,1,0,0,1,0,0,0,1,0,0,0,0,0,0,0,0
4366,-0.364816472971205,1,0,1,1,0,0,0,0,0,0,0,0,0,0,0,0,1,0,0,0
4367,1.60252040761038,1,1,1,1,0,0,1,1,1,0,0,1,0,1,0,1,0,0,1,1
4368,0.66363601187993,1,1,0,1,0,0,1,1,0,1,0,1,0,1,1,1,0,1,0,1
4369,-0.129962205699574,0,1,1,1,0,0,0,1,0,1,0,0,0,0,0,0,0,0,0,1
4370,-1.0579163897422,1,1,0,0,0,0,0,1,1,0,0,0,0,0,0,0,1,0,0,0
4371,0.892743899961371,0,0,1,1,0,0,0,1,1,0,0,0,1,1,0,0,1,0,1,0
4372,0.0987113772682409,1,1,0,0,0,0,1,1,1,1,0,0,1,0,0,0,1,1,0,1
4373,1.12384180143886,1,0,0,1,0,0,1,1,1,1,1,1,0,1,1,1,1,1,1,0
4374,-1.17272112525876,0,0,0,1,1,0,1,0,1,0,0,0,0,0,1,0,0,0,0,0
4375,-0.358082951394694,0,0,0,1,1,0,0,1,1,1,0,0,1,0,0,0,1,1,0,0
4376,1.30072619695931,0,1,0,1,0,0,1,1,1,0,0,1,1,1,0,1,1,0,0,1
4377,0.297328847688296,0,1,0,1,0,0,0,1,1,1,0,0,1,1,1,1,0,1,1,0
4378,1.93558072766314,1,1,1,1,1,0,1,1,1,1,0,1,1,1,0,1,1,0,0,0
4379,-0.63477041543747,1,0,0,1,1,0,1,0,0,0,0,0,1,0,0,0,0,1,0,0
4380,0.95720901808451,0,1,0,1,1,0,0,1,0,0,0,1,1,1,0,1,1,0,1,0
4381,-1.58931660460616,1,0,0,0,1,0,1,0,0,1,0,0,1,0,0,0,1,1,0,0
4382,0.722641809413571,1,1,0,1,1,0,0,1,0,1,0,1,0,1,1,1,0,1,0,1
4383,0.387522249331864,0,0,1,1,1,0,1,1,1,1,0,0,1,1,1,0,0,0,0,1
4384,0.853452927623421,1,1,1,1,1,0,1,1,1,1,0,1,0,0,1,1,0,0,0,1
4385,-0.345742649316155,0,0,1,1,1,0,1,1,1,1,0,0,1,0,1,0,1,1,0,0
4386,-0.392202708589825,0,1,0,0,0,0,0,1,1,0,0,0,0,0,0,0,0,1,0,0
4387,-0.502281340446937,0,0,1,0,1,0,0,1,0,0,0,0,0,1,0,0,0,1,0,0
4388,-0.330628695983372,0,0,1,0,1,0,1,1,1,1,0,0,1,1,0,0,0,1,1,1
4389,-0.298846740676529,1,0,0,1,0,0,0,1,0,0,0,0,1,0,1,0,1,0,0,0
4390,-1.63180827486287,0,1,0,0,0,0,0,1,0,1,0,0,0,0,0,0,1,1,0,1
4391,-2.25962818973659,0,0,0,0,1,0,1,0,1,0,0,0,0,0,0,0,0,1,0,0
4392,-0.0586227107474934,0,1,1,1,1,0,1,1,1,0,0,0,0,0,1,1,1,1,1,1
4393,0.379914399402443,1,0,0,1,1,0,0,1,1,0,0,1,1,1,1,0,0,0,0,0
4394,0.672180544193497,0,1,0,1,1,0,0,1,1,0,0,1,1,1,1,1,1,1,1,0
4395,0.38398275954519,0,0,0,1,0,0,1,1,0,1,0,1,0,0,1,0,1,1,0,1
4396,-0.954398113393185,1,1,0,0,0,0,0,1,0,0,0,0,0,0,0,0,0,0,1,0
4397,-0.553251350661082,0,0,0,0,0,0,1,1,1,1,0,0,1,0,1,0,0,1,1,0
4398,0.522654621534055,1,1,0,1,1,0,1,1,1,1,0,0,0,0,1,0,0,0,0,0
4399,1.61970706105162,0,0,1,1,0,0,1,1,1,1,0,1,0,1,1,1,1,1,0,1
4400,0.820374131074799,1,1,0,1,0,0,0,1,0,1,0,0,0,1,1,1,0,1,1,0
4401,0.12450732014243,0,1,0,1,1,0,1,1,0,0,0,0,0,1,0,0,0,0,1,1
4402,0.656812771376561,1,1,1,1,0,0,0,1,1,0,0,1,0,1,1,0,0,1,0,1
4403,-0.422289669911698,1,0,1,0,0,0,0,1,1,1,0,0,1,0,0,0,1,0,1,0
4404,0.218170033959884,1,1,1,1,1,0,0,1,0,0,0,0,1,0,1,0,0,1,1,0
4405,-0.620783980267611,0,1,0,1,0,0,1,1,1,0,0,0,0,0,1,0,1,0,1,1
4406,0.463268748978955,1,1,1,1,0,0,0,1,1,0,0,0,1,1,1,0,0,1,0,0
4407,1.18804717696968,1,1,1,1,1,0,0,1,0,0,0,1,1,1,0,1,1,1,0,0
4408,-0.480626135480861,0,0,0,1,0,0,0,1,1,1,0,0,1,0,1,0,0,0,0,0
4409,0.134143875712901,0,1,0,1,0,0,0,1,0,1,0,0,0,0,1,0,0,1,0,1
4410,-0.265825192724607,0,1,1,1,1,0,0,1,1,0,0,0,0,0,1,0,1,1,1,0
4411,-1.11320695594537,0,1,0,0,1,0,0,0,0,0,0,0,1,0,1,0,0,0,1,0
4412,0.535401907163537,0,0,1,1,0,0,1,1,0,0,0,0,0,0,0,1,0,0,1,1
4413,-0.960964571435443,0,0,0,0,1,0,1,1,0,1,0,0,1,0,0,0,0,0,0,1
4414,0.0717767326862157,1,0,1,1,0,0,1,1,0,0,0,0,0,0,1,0,1,0,1,0
4415,0.00876836972507835,0,1,0,1,0,0,1,1,1,0,0,0,0,0,0,1,1,1,0,1
4416,-0.574393842057977,0,0,0,1,0,0,1,1,0,1,0,0,0,0,1,0,0,0,0,0
4417,-0.958245961164006,0,1,0,1,0,0,1,1,0,1,0,0,1,0,1,0,0,0,0,1
4418,1.66614200340894,1,1,1,1,0,0,0,1,0,1,0,1,0,1,0,1,1,1,0,1
4419,0.565387725077949,1,1,1,1,1,0,1,1,0,1,0,1,0,1,1,0,0,1,1,0
4420,-0.979798281489763,1,0,0,0,1,0,0,0,0,1,0,0,1,0,1,0,1,0,1,1
4421,-1.23249602299274,1,0,0,0,0,0,1,1,1,0,0,0,1,0,0,0,0,1,0,0
4422,1.32217572639189,0,1,1,1,0,0,0,1,1,0,0,1,1,1,1,1,0,1,1,1
4423,-1.49852146003413,1,0,0,0,1,0,0,0,0,1,0,0,1,0,1,0,1,1,0,0
4424,-0.279707482753763,1,0,0,1,0,0,1,1,0,0,0,0,0,1,0,0,0,1,0,1
4425,0.692248266339709,0,1,0,1,1,0,0,1,0,0,0,0,0,1,1,0,1,1,0,0
4426,-0.295253374151161,0,0,0,0,1,0,1,1,1,0,0,0,0,0,0,0,1,0,0,0
4427,-1.68282740564085,0,0,1,0,0,0,0,1,0,0,0,0,1,0,1,0,1,0,1,0
4428,-0.100967878699667,1,0,1,1,0,0,0,1,0,1,0,1,0,0,1,1,0,0,1,1
4429,-0.369990382495083,0,0,1,1,0,0,0,1,1,0,0,0,1,0,1,0,1,1,1,1
4430,-1.52694997817012,0,0,0,0,0,0,1,0,1,0,0,0,0,0,0,0,0,1,0,1
4431,1.58333581530469,0,1,1,1,0,0,0,1,1,0,0,1,0,1,1,1,1,1,0,0
4432,-0.0695180290712394,1,1,0,1,0,0,1,1,0,0,0,0,1,0,1,0,0,0,0,0
4433,0.699145236719263,1,0,0,1,0,0,1,1,0,0,0,0,0,1,1,1,0,0,1,0
4434,1.2648920266941,0,0,1,1,1,0,1,1,1,1,0,1,0,1,0,1,0,1,1,0
4435,0.298163995995265,1,0,1,1,1,0,0,1,0,1,0,0,1,0,1,1,0,0,1,0
4436,-0.78229953636691,1,1,0,1,0,0,0,1,0,1,0,0,1,0,1,0,0,1,0,0
4437,-0.382300426841728,0,0,1,1,0,0,0,1,1,1,0,0,0,0,1,0,0,0,1,1
4438,0.243713583262725,1,1,1,1,1,0,1,1,0,0,0,0,0,0,1,1,0,1,1,0
4439,0.87360931358293,0,1,1,1,1,0,0,1,1,0,0,1,1,1,0,1,1,0,1,1
4440,-1.50339583313832,0,1,1,0,0,0,0,0,1,0,0,0,0,0,1,0,1,0,0,1
4441,0.338021867966002,1,1,1,1,1,0,1,1,0,0,0,0,1,1,1,0,0,1,1,0
4442,-0.284395904533626,0,1,1,1,1,0,1,1,0,0,0,0,1,0,0,0,1,0,0,0
4443,0.424408109147717,0,0,0,1,1,0,1,1,0,1,0,0,1,0,1,1,1,1,0,1
4444,1.24496499671647,1,0,1,1,1,0,0,1,0,1,0,1,1,1,0,1,0,1,1,1
4445,-0.656581537198277,0,1,1,0,0,0,0,1,0,1,0,0,0,0,0,0,1,1,0,0
4446,0.270921117215741,1,0,0,1,0,0,0,1,0,1,0,1,0,0,1,1,0,0,1,0
4447,0.854219811593614,1,1,0,1,1,0,0,1,1,0,0,1,1,1,1,1,1,0,1,0
4448,-0.601234368991746,1,0,0,0,1,0,0,1,0,0,0,0,0,0,1,0,1,0,1,1
4449,0.81761447794711,1,1,1,1,0,0,0,1,1,1,0,1,1,0,1,0,1,1,0,1
4450,-0.403890280466062,1,0,1,0,0,0,0,1,1,0,0,0,1,0,1,0,1,0,0,0
4451,-2.20383820727279,0,0,0,0,0,0,0,0,0,0,0,0,0,0,1,0,0,1,0,1
4452,-0.466643214211263,1,1,1,0,0,0,0,1,1,1,0,0,1,0,1,0,0,1,1,1
4453,0.699547097320367,1,0,0,1,1,0,0,1,0,1,0,1,0,1,0,1,0,0,0,1
4454,-0.276288572980302,0,0,0,0,1,0,1,1,1,0,0,0,0,0,0,0,0,1,0,1
4455,1.05274269314539,0,1,1,1,1,0,0,1,1,1,0,1,1,1,1,1,1,0,1,1
4456,-0.446485498885097,1,1,0,0,1,0,1,1,1,0,0,0,0,0,1,0,0,1,0,1
4457,0.314351147126443,0,0,0,1,0,0,1,1,0,1,0,1,0,1,0,0,1,1,0,1
4458,0.799656207007178,1,1,1,1,1,0,1,1,0,0,0,0,0,1,1,0,1,0,0,0
4459,0.227338766636014,0,0,0,1,0,0,0,1,0,0,0,0,1,0,1,0,1,0,1,1
4460,-1.33905975468979,1,0,0,0,1,0,1,1,0,0,0,0,0,0,0,0,0,0,0,1
4461,-1.00718729573237,1,0,1,0,0,0,0,1,0,0,0,0,1,0,1,0,0,1,1,0
4462,-0.244551846611684,0,0,0,0,1,0,1,1,0,1,0,0,0,0,1,0,1,0,0,1
4463,-0.523223726257126,1,1,1,1,1,0,1,1,1,0,0,0,1,0,1,0,1,0,0,0
4464,1.39463240577654,0,0,0,1,0,0,1,1,1,1,0,1,1,1,1,1,0,0,1,0
4465,-0.953822639541552,0,0,1,1,0,0,0,0,1,0,0,0,0,0,1,0,1,0,0,0
4466,-0.496069966204605,1,1,1,0,1,0,1,1,1,0,0,0,0,0,0,0,0,0,1,0
4467,1.14596820461182,1,1,0,1,0,0,1,1,0,1,0,1,1,1,1,1,1,1,0,1
4468,0.847341459241213,1,0,0,1,1,0,0,1,0,1,0,1,1,1,1,1,0,0,0,0
4469,-0.608881889997562,1,0,1,0,0,0,0,1,1,1,0,0,0,0,1,0,1,0,0,0
4470,-0.147756539331933,0,0,0,1,0,0,1,0,0,1,0,0,1,0,0,0,0,0,0,0
4471,0.466594393881676,0,1,1,1,0,0,0,1,0,0,0,1,1,1,0,0,0,0,1,1
4472,-0.698176237293167,0,1,1,1,0,0,0,1,0,0,0,0,0,0,1,0,1,0,0,0
4473,-0.472601436091774,0,1,1,0,1,0,1,1,1,1,0,0,0,0,0,0,0,0,0,1
4474,-1.00603359257816,0,1,1,0,1,0,1,1,0,0,0,0,1,0,0,0,0,1,0,1
4475,-0.905256233250986,0,1,0,0,1,0,1,1,1,0,0,0,1,0,0,0,0,1,1,0
4476,1.69347105355601,1,1,0,1,0,0,0,1,0,0,0,1,1,1,0,1,0,1,0,1
4477,0.639915263930913,0,1,1,1,1,0,0,1,0,1,0,0,0,0,1,0,1,0,0,0
4478,-1.79076405761714,0,1,0,0,1,0,0,0,1,1,0,0,0,0,1,0,0,0,0,1
4479,-0.15943857180942,0,1,0,0,0,0,1,1,0,0,0,0,0,0,1,0,1,0,1,1
4480,0.187812119700497,1,1,0,0,0,0,0,1,0,0,0,0,0,0,1,0,0,1,0,1
4481,-0.176017846540988,0,0,1,1,0,0,0,1,1,1,0,0,1,1,0,1,1,1,1,0
4482,1.42258028555386,1,1,1,1,0,0,1,1,1,0,0,1,1,1,0,1,1,0,0,1
4483,-0.384951648000621,1,0,0,1,1,0,0,1,1,0,0,0,0,0,0,0,0,0,1,1
4484,0.432786016754976,1,1,0,1,1,0,0,1,1,0,0,0,1,0,0,1,0,0,1,1
4485,-1.16259130871056,0,0,0,1,1,0,0,1,1,0,0,0,0,0,1,0,0,0,0,0
4486,1.45640463129737,0,1,0,1,0,0,0,1,0,1,1,1,0,1,1,1,1,1,0,0
4487,-0.437432149491707,0,0,0,1,0,0,1,1,0,1,0,0,1,0,0,0,0,1,0,0
4488,1.34593517837207,0,1,0,1,1,0,0,1,0,1,0,1,1,1,0,1,0,0,0,0
4489,-0.409391172408457,1,1,0,1,1,0,0,1,0,0,0,0,0,0,0,0,0,0,1,1
4490,0.555882929206935,0,0,1,0,0,0,1,1,1,0,0,1,1,0,1,0,0,1,0,0
4491,0.468148637182755,1,0,0,1,1,0,1,1,0,1,0,0,1,1,1,0,1,0,1,0
4492,1.01737428971312,1,1,1,1,0,0,1,1,0,1,0,1,0,1,1,1,0,0,1,0
4493,1.47317695700169,0,1,1,1,1,0,1,1,1,0,0,1,0,1,0,1,1,0,0,1
4494,0.799045488957385,0,1,0,1,0,0,1,1,0,1,0,0,1,1,1,1,0,1,0,1
4495,0.309098378680883,0,0,1,1,0,0,1,1,0,1,0,0,1,1,1,0,1,0,1,1
4496,0.640092667149366,1,1,1,1,1,0,1,1,0,1,0,0,1,1,1,1,0,1,1,1
4497,0.420797674623172,1,0,1,1,0,0,1,1,1,0,0,0,0,0,0,0,0,0,0,0
4498,-0.473243022687786,0,0,1,1,1,0,1,1,1,1,0,0,1,0,1,0,0,0,0,0
4499,-0.389365733930794,1,1,1,1,1,0,0,1,1,1,0,0,1,0,1,0,0,1,0,0
4500,1.27321679207944,0,0,0,1,1,0,0,1,1,0,0,1,1,1,0,1,0,1,0,1
4501,0.301076689469943,1,1,0,1,1,0,1,1,0,1,0,0,1,0,1,0,1,0,1,0
4502,0.991761830883616,1,1,0,1,1,0,0,1,1,1,0,1,1,0,0,1,1,1,1,1
4503,-0.82782049777532,1,0,0,0,0,0,1,1,0,1,0,0,0,0,0,0,0,1,1,1
4504,0.449538817459152,0,1,1,1,0,0,0,1,1,1,0,1,1,1,0,0,1,0,0,0
4505,0.802873632925235,1,0,1,1,1,0,1,1,0,1,0,1,1,1,0,1,0,1,0,1
4506,0.437741972818361,1,1,0,1,0,0,1,1,1,1,0,0,1,1,1,1,0,0,1,0
4507,-0.58679136969892,0,1,1,0,1,0,0,1,1,0,0,0,0,0,0,0,1,1,0,0
4508,0.119520120531544,1,1,1,1,0,0,1,1,0,1,0,1,1,0,0,0,0,1,0,1
4509,0.23927959195474,0,1,0,1,0,0,1,1,0,0,0,0,0,1,1,0,0,0,0,1
4510,-1.08856087884949,0,1,0,0,1,0,1,1,0,1,0,0,1,0,1,0,0,0,1,0
4511,-0.969260458941187,0,0,1,0,1,0,0,0,0,0,0,0,1,0,0,0,0,0,0,1
4512,0.171693862936599,0,0,0,1,1,0,0,1,1,0,0,0,0,1,1,1,0,0,1,0
4513,1.09386529679048,1,0,1,1,0,0,1,1,0,0,0,1,1,1,1,1,0,0,0,0
4514,0.080569055252488,1,1,0,1,0,0,1,1,0,0,0,0,0,1,1,0,1,0,0,1
4515,-1.24363486919051,0,0,1,0,1,0,0,0,1,1,0,0,0,0,1,0,1,0,0,1
4516,-0.925754222731551,1,1,0,0,1,0,0,1,0,0,0,0,0,0,0,0,1,0,0,0
4517,-0.653357117029953,0,1,1,0,1,0,0,1,1,0,0,0,0,0,1,0,0,0,0,1
4518,0.243580116982449,0,1,0,0,1,0,1,1,0,0,0,1,1,1,0,0,1,1,0,1
4519,-1.89096968807325,0,0,1,0,0,0,0,0,0,0,0,0,1,0,0,0,0,0,0,0
4520,-0.0896940909128906,0,0,1,1,0,0,0,1,1,0,0,0,0,0,1,0,1,1,1,0
4521,-0.751570446528428,1,0,1,0,1,0,1,1,0,1,0,0,1,0,1,0,1,0,0,0
4522,-2.04816577896873,1,0,0,0,0,0,0,0,1,1,0,0,1,0,1,0,1,1,1,1
4523,-2.67995695455652,0,1,0,0,1,0,1,0,0,0,0,0,0,0,0,0,0,1,0,0
4524,-0.0715943641316818,0,1,0,1,0,0,1,1,1,1,0,0,0,0,0,1,0,1,0,1
4525,-0.716414050360733,0,0,1,1,0,0,1,1,1,0,0,0,1,0,0,0,1,0,0,0
4526,-0.417884188802662,1,1,0,1,0,0,0,1,0,0,0,0,1,0,0,0,0,0,1,1
4527,-1.4077509151364,0,1,1,0,0,0,0,0,0,1,0,0,0,0,1,0,0,1,1,0
4528,0.740036734027356,1,1,0,1,0,0,0,1,0,0,0,0,1,0,1,1,1,1,0,0
4529,-0.0802262206516761,1,0,0,0,0,0,0,1,0,1,0,0,1,0,1,0,1,0,0,1
4530,-0.538945683644265,0,0,0,0,1,0,1,1,0,0,0,0,1,0,0,0,0,1,1,0
4531,-1.3274917728951,1,1,0,0,0,0,0,1,1,0,0,0,0,0,0,0,0,1,1,1
4532,-0.239363784260488,1,1,1,1,1,0,1,1,0,1,0,0,1,0,1,0,1,0,0,0
4533,0.0229358869288371,1,1,1,1,0,0,0,1,0,1,0,0,1,0,0,0,0,0,0,0
4534,-0.224979641916684,0,1,0,1,1,0,1,1,0,1,0,0,0,1,1,0,1,0,0,1
4535,-0.00661373824044644,1,1,0,1,1,0,0,1,1,1,0,0,0,0,1,0,1,1,0,0
4536,-1.04198088641011,0,0,0,1,1,0,1,1,1,0,0,0,1,0,0,0,0,1,0,0
4537,-0.682727340893127,1,0,0,0,1,0,1,1,0,1,0,0,0,0,1,0,1,1,0,1
4538,-0.751014425060231,0,1,0,1,1,0,1,1,1,0,0,1,1,0,0,0,0,0,0,1
4539,-1.35100700526978,0,1,1,0,0,0,0,1,0,0,0,0,0,0,1,0,1,1,0,0
4540,-0.758208900547616,1,0,1,1,1,0,0,0,0,0,0,1,1,0,0,0,0,0,1,0
4541,0.289858034844443,0,1,1,1,1,0,0,1,0,0,0,0,1,1,1,0,1,1,1,1
4542,0.553160554094183,1,0,1,1,1,0,1,1,1,0,0,0,1,0,1,1,0,1,1,0
4543,-1.63948204072166,1,0,1,0,0,0,0,1,1,1,0,0,0,0,0,0,0,0,0,1
4544,-0.466453702611254,0,1,0,1,0,0,1,0,0,1,0,0,0,0,0,0,1,0,1,1
4545,0.953527539767094,0,0,0,1,0,0,0,1,1,1,0,1,1,1,1,1,1,0,0,1
4546,0.257151922332761,0,0,1,1,1,0,1,1,0,0,0,0,1,1,1,0,0,0,1,1
4547,0.132320760000075,1,1,0,1,0,0,1,1,1,0,0,1,0,0,0,0,0,0,1,0
4548,0.606497369748772,1,1,1,1,0,0,0,1,1,1,0,1,0,1,1,0,0,1,0,0
4549,0.80395670068018,1,0,1,1,0,0,1,1,1,1,0,1,0,0,1,0,0,0,1,0
4550,0.810256994262184,0,0,1,1,0,0,0,1,1,0,0,1,1,1,0,1,0,0,1,1
4551,-0.903956151538033,0,0,0,0,0,0,1,1,1,0,0,0,0,0,1,0,1,1,0,1
4552,-0.496968348653375,0,0,1,0,1,0,1,1,1,1,0,0,0,0,1,0,1,1,0,1
4553,-0.847208812546777,1,0,1,0,1,0,0,1,1,1,0,0,1,0,1,0,1,1,1,0
4554,1.02618325923498,1,1,0,1,0,0,0,1,0,0,0,1,1,1,1,1,1,1,0,0
4555,0.722090571708999,0,1,1,1,0,0,1,1,1,1,0,1,0,0,0,1,1,1,1,0
4556,0.874213327451684,0,1,1,1,1,0,1,1,1,0,0,1,0,1,1,1,1,0,0,0
4557,-0.39735256247299,0,0,1,0,0,0,0,1,0,1,0,0,0,0,1,0,1,1,0,0
4558,1.3030022853169,1,1,0,1,0,0,1,1,0,0,1,1,0,1,0,1,0,1,1,0
4559,-0.631984397383603,0,0,0,1,0,0,1,1,1,0,0,0,0,0,0,0,1,0,0,1
4560,-0.939687949497802,0,1,0,1,1,0,0,1,1,1,0,0,1,0,1,0,0,1,0,0
4561,-0.692290913575896,1,0,1,0,0,0,0,1,1,0,0,0,0,0,1,0,1,1,0,0
4562,0.457485654358226,1,1,0,1,1,0,0,1,1,1,0,0,1,0,0,1,1,0,1,1
4563,-0.366831755323963,1,0,0,1,1,0,1,1,0,1,0,0,1,0,0,0,1,0,0,1
4564,1.44305916270695,1,0,0,1,0,0,0,1,1,1,1,1,1,1,1,1,0,1,1,0
4565,-1.27137204655126,0,1,1,0,0,0,0,1,0,1,0,0,1,0,1,0,0,1,0,1
4566,0.707089782689914,0,0,0,1,0,0,0,1,1,0,0,1,1,0,1,0,1,0,0,0
4567,0.0434954676980451,0,0,0,1,1,0,1,1,1,1,0,0,1,0,1,1,1,1,1,0
4568,0.284605079348775,1,0,0,1,1,0,0,1,0,1,0,1,1,1,0,0,0,1,1,1
4569,-0.100564376746447,1,0,0,1,0,0,1,1,0,0,0,0,0,0,1,0,0,1,1,0
4570,1.48440364611492,1,0,1,1,1,0,1,1,1,0,0,1,1,1,0,1,1,1,1,1
4571,1.24347230303091,1,0,1,1,0,0,0,1,1,1,0,1,1,1,0,1,0,1,1,1
4572,-0.977202964206772,0,1,1,0,0,0,0,0,1,0,0,0,1,0,1,0,1,1,0,0
4573,1.08862109108669,0,1,1,1,0,0,0,1,1,0,0,1,0,1,1,1,0,0,0,0
4574,-1.36511359375881,0,1,0,0,1,0,1,1,1,0,0,0,1,0,1,0,0,0,0,0
4575,-0.0164792196656309,0,0,0,1,1,0,1,1,1,0,0,0,1,0,1,0,1,0,0,1
4576,0.727273298489788,0,0,0,1,0,0,1,1,0,1,0,1,1,1,1,1,1,0,1,0
4577,0.0580405129140936,0,1,0,1,0,0,1,1,0,1,0,0,0,1,1,1,0,1,1,0
4578,0.455264606225751,0,1,0,1,0,0,0,1,0,0,0,0,1,1,1,1,1,0,0,1
4579,-1.41173628111806,1,1,1,0,0,0,1,1,0,0,0,0,1,0,1,0,1,0,1,0
4580,0.605702218333467,1,1,0,1,0,0,0,1,0,0,0,1,1,1,0,0,0,0,0,0
4581,0.39771027971687,0,0,0,0,1,0,0,1,0,1,0,1,1,1,1,0,0,1,0,1
4582,0.270513535135543,0,1,1,1,1,0,1,1,0,0,0,0,0,0,1,0,0,1,0,1
4583,-0.643682685131779,1,1,1,1,0,0,1,1,0,0,0,0,0,0,1,0,1,0,0,1
4584,-0.00693321669576364,0,0,1,1,0,0,1,1,0,0,0,0,1,0,1,1,1,1,1,1
4585,-0.437604844362906,1,1,0,0,0,0,1,1,1,1,0,0,1,1,1,0,0,0,1,0
4586,0.182231519776077,0,0,1,1,0,0,0,1,1,1,0,0,1,0,1,0,0,1,1,1
4587,0.71520424634415,1,1,1,1,0,0,1,1,1,1,0,1,0,1,1,1,1,0,0,1
4588,-0.0974719679699159,0,1,0,1,0,0,0,1,0,1,0,0,1,0,1,0,0,0,0,0
4589,1.10277856988153,1,1,1,1,0,0,1,1,1,1,0,1,1,0,1,1,1,1,0,1
4590,-0.599194947745255,0,1,0,1,0,0,0,1,1,1,0,0,0,0,0,0,1,0,0,1
4591,-1.10364320359267,0,0,1,0,0,0,0,0,0,0,0,0,1,0,1,0,0,0,0,1
4592,0.870090989414403,1,1,1,1,0,0,0,1,1,1,0,0,1,1,0,0,0,1,0,0
4593,0.176269366475633,1,0,1,1,0,0,0,1,0,1,0,0,1,0,1,0,0,1,1,0
4594,0.129550358444564,1,0,0,1,1,0,0,1,1,1,0,0,0,1,0,0,0,0,0,0
4595,1.18320108250783,0,1,0,1,0,0,0,1,0,1,0,1,1,1,0,1,1,1,0,0
4596,1.11246354783057,1,1,0,1,1,0,1,1,0,0,0,0,1,1,0,1,1,0,1,0
4597,0.422906210917195,1,0,1,1,0,0,0,1,0,1,0,0,0,1,1,0,0,1,0,0
4598,-0.606095604239674,0,1,0,0,0,0,0,1,0,1,0,0,0,0,1,0,1,1,0,0
4599,0.36989855176665,0,1,0,1,1,0,1,1,1,0,0,1,1,1,1,0,0,0,0,1
4600,-0.185241326038382,0,1,1,1,0,0,0,1,1,1,0,0,0,0,0,0,1,1,1,0
4601,0.514804334587196,1,0,1,1,1,0,0,1,0,1,0,0,1,0,0,0,1,1,0,1
4602,0.176413773112318,0,0,1,1,0,0,0,1,1,0,0,0,0,0,0,0,0,1,1,0
4603,0.0222495335967131,0,1,0,1,0,0,1,1,0,0,0,0,1,0,0,0,1,0,1,1
4604,3.19086407590031,1,1,0,1,0,1,1,1,0,0,1,1,1,1,1,1,1,0,1,1
4605,-0.435465437875571,0,0,1,1,1,0,0,1,0,0,0,0,0,0,0,0,0,0,0,1
4606,-1.21995357793893,1,0,1,0,0,0,0,1,1,1,0,0,1,0,1,0,0,1,0,0
4607,0.621136711393499,1,1,0,1,1,0,1,1,1,1,0,1,0,0,1,1,1,0,1,1
4608,-0.965664816395116,0,0,1,0,1,0,0,0,1,0,0,0,0,0,1,0,0,0,1,1
4609,-2.6797080826228,1,1,0,0,0,0,0,0,0,0,0,0,1,0,0,0,0,1,1,1
4610,1.50529469399951,1,0,0,1,0,0,1,1,1,1,0,1,1,1,1,1,1,0,0,1
4611,1.7985491276531,1,0,1,1,0,0,0,1,1,0,0,1,1,1,0,1,0,1,1,1
4612,0.0562855670965666,1,1,0,1,1,0,1,1,1,1,0,0,1,0,0,1,0,0,0,1
4613,0.0979787328367279,0,1,0,1,0,0,0,1,1,0,0,1,1,0,0,0,0,0,1,0
4614,-0.257828642742701,1,0,1,1,1,0,1,1,1,0,0,0,0,0,1,0,0,0,1,1
4615,-0.911509144818125,0,1,0,1,0,0,0,1,0,0,0,0,0,0,1,0,1,1,1,1
4616,-0.303695114550849,1,1,0,1,1,0,0,1,1,0,0,0,0,0,0,0,0,0,0,1
4617,-1.35746372473064,0,1,0,0,0,0,0,0,1,1,0,0,0,0,1,0,0,1,0,0
4618,1.54801249690847,0,0,1,1,1,0,1,1,0,0,1,1,0,1,1,1,1,0,1,0
4619,1.60005288929328,0,1,1,1,0,0,0,1,1,1,0,1,1,1,1,1,1,0,1,1
4620,0.228294063982225,0,0,0,1,1,0,0,1,0,1,0,0,0,0,1,0,0,0,1,1
4621,0.0738314307335071,1,1,1,1,0,0,1,1,1,1,0,0,0,0,1,0,1,1,1,1
4622,0.327883657865435,1,1,1,1,0,0,1,1,1,1,0,1,1,1,1,0,1,0,0,0
4623,-0.28524174771885,1,1,1,1,1,0,1,1,0,0,0,0,1,0,1,0,0,1,1,1
4624,-0.289436134842409,0,0,1,0,0,0,0,1,1,1,0,0,0,0,0,0,1,0,1,0
4625,-1.09779347369486,1,1,1,0,0,0,1,0,0,0,0,0,0,0,0,0,0,1,1,1
4626,-0.298084711964656,0,1,0,1,0,0,0,1,1,1,0,0,1,0,1,0,1,0,0,1
4627,0.399777771573223,0,0,0,1,1,0,0,1,0,0,0,0,0,1,1,0,0,0,1,1
4628,-1.70632365334293,0,0,0,0,0,0,0,1,1,0,0,0,1,0,0,0,1,0,1,0
4629,0.628721018692684,1,0,1,1,0,0,1,1,0,0,0,0,0,0,0,1,0,1,0,1
4630,-0.104180292162523,0,0,1,1,0,0,0,1,0,1,0,0,0,0,0,0,1,1,0,1
4631,0.0823094031781463,0,1,0,1,1,0,1,1,0,1,0,0,1,0,1,0,1,1,0,1
4632,-1.46300873178622,1,1,1,0,1,0,0,1,0,0,0,0,0,0,0,0,1,0,0,1
4633,-0.810535393624975,1,0,0,0,0,0,0,1,1,0,0,0,0,0,0,0,0,0,0,1
4634,1.81352493692148,0,1,0,1,1,0,1,1,1,0,1,1,0,1,1,1,0,1,1,1
4635,1.04254277242115,1,1,0,1,1,0,0,1,0,1,0,1,1,1,0,1,1,1,0,1
4636,-1.90384392514609,1,0,0,0,1,0,0,0,0,0,0,0,0,0,0,0,1,0,1,0
4637,1.10665319810148,1,0,0,1,1,0,1,1,1,0,0,1,0,0,1,1,1,1,1,0
4638,0.818133594351943,0,0,1,1,1,0,1,1,1,0,0,1,1,1,1,1,0,1,1,1
4639,2.13259122970164,0,1,0,1,0,0,1,1,1,1,0,1,1,1,0,1,1,1,0,0
4640,-1.09844908562776,0,1,0,0,1,0,0,0,0,1,0,0,1,0,1,0,0,0,0,0
4641,-0.159031613343088,1,0,0,1,1,0,0,1,0,0,0,0,0,0,0,0,0,0,1,1
4642,-0.352374595946381,0,1,0,1,0,0,1,1,1,1,0,0,1,0,1,0,0,0,0,1
4643,0.543360551008196,1,1,0,1,0,0,1,1,1,0,0,1,1,0,0,0,1,0,0,1
4644,0.422597291285712,1,1,0,1,0,0,0,1,1,1,0,1,0,0,0,0,1,0,0,1
4645,-0.9253744238185,1,1,0,0,0,0,0,1,0,0,0,0,1,0,1,0,0,0,1,1
4646,1.11146125591759,1,1,1,1,0,0,0,1,0,0,0,0,1,1,1,1,1,0,1,1
4647,0.940246765898885,0,0,1,1,0,0,0,1,1,0,0,1,1,1,1,0,1,0,1,1
4648,-1.13389956876252,1,1,1,0,1,0,0,0,1,1,0,0,0,0,0,0,1,0,1,1
4649,-1.29555756671206,0,1,0,0,0,0,1,0,0,1,0,0,0,0,0,0,0,1,1,0
4650,0.171139521365867,0,0,0,1,0,0,1,1,1,1,0,0,1,1,0,0,1,0,0,1
4651,-0.0378195717735808,1,0,0,1,1,0,0,1,1,0,0,0,0,0,1,0,1,0,1,1
4652,1.03800232177588,0,0,0,1,0,0,0,1,1,1,0,1,1,1,1,1,0,1,1,1
4653,0.847334204750304,1,1,1,1,1,0,0,1,0,0,0,1,0,1,1,1,1,1,0,1
4654,-2.25227889513887,0,1,1,0,0,0,1,0,1,0,0,0,1,1,0,0,0,0,0,1
4655,1.87188980783162,0,1,0,1,0,0,1,1,0,1,0,1,0,1,0,1,1,0,0,0
4656,-1.76450221968858,0,0,0,0,1,0,1,0,1,0,0,0,0,0,1,0,1,0,0,0
4657,0.511705944697652,0,1,0,1,0,0,1,1,1,0,0,0,0,1,1,1,1,0,1,1
4658,-0.778742101470486,0,1,0,1,0,0,0,1,0,1,0,0,1,1,1,0,0,0,0,1
4659,-1.13196454545238,1,0,0,0,1,0,0,1,0,1,0,0,0,0,0,0,1,0,1,1
4660,0.145682313977082,0,1,1,1,0,0,0,1,1,0,0,0,1,1,1,1,0,1,0,0
4661,-0.417897147580628,0,1,0,1,0,0,0,1,1,1,0,0,0,0,1,0,0,0,0,0
4662,0.322914811047667,1,0,1,1,1,0,1,1,1,0,0,0,1,0,1,0,1,1,1,0
4663,0.662288802793526,1,1,1,1,0,0,1,1,1,0,0,1,1,1,1,0,1,0,1,0
4664,0.698593640070078,0,0,0,1,0,0,1,1,1,1,0,1,0,1,1,1,1,1,0,1
4665,3.09989009677192,1,0,1,1,1,1,1,1,1,0,0,1,1,1,1,1,0,0,1,1
4666,1.90250809148443,1,1,1,1,0,0,0,1,1,1,0,1,1,1,0,1,1,1,1,1
4667,-0.382146753758203,0,0,1,0,0,0,1,1,1,0,0,0,1,0,1,0,0,0,0,0
4668,-0.406751205282625,0,0,0,0,0,0,1,1,0,1,0,0,0,1,0,0,0,0,0,0
4669,0.857971799510878,0,0,0,1,1,0,1,1,0,1,0,1,0,1,1,1,0,0,0,0
4670,-0.75675619450561,1,1,1,0,1,0,0,1,0,0,0,0,1,0,0,0,0,0,0,1
4671,2.39586393176985,1,1,1,1,1,1,0,1,0,1,1,1,1,1,1,1,1,0,1,1
4672,-0.0767322271158744,1,0,0,0,1,0,0,1,0,0,0,0,1,0,0,0,0,0,1,1
4673,0.540537208266307,0,1,0,1,1,0,0,1,1,0,0,0,1,1,1,1,1,0,0,1
4674,0.228004780214157,0,0,1,1,1,0,1,1,1,0,0,1,0,0,1,0,0,1,0,0
4675,0.939357163393536,0,1,1,1,0,0,0,1,1,1,0,1,1,1,0,0,0,0,1,0
4676,-0.192525234132178,0,1,0,0,1,0,1,1,0,1,0,0,1,0,1,1,0,1,0,1
4677,0.311109582807785,0,0,0,1,0,0,0,1,0,0,0,0,0,0,1,0,0,1,1,1
4678,2.40300466257331,1,1,0,1,0,1,1,1,0,1,0,1,1,1,1,1,0,0,1,0
4679,-0.325981267748755,0,0,0,1,0,0,1,1,0,1,0,0,0,0,0,1,1,0,0,1
4680,-0.592297557297252,1,0,0,0,1,0,0,1,0,0,0,0,0,0,0,0,0,1,1,0
4681,0.792964610034073,1,1,1,1,1,0,0,1,1,1,0,1,1,1,1,1,0,1,1,0
4682,-0.208608451437861,0,0,0,1,0,0,1,1,1,1,0,1,0,0,1,0,1,0,1,0
4683,0.506960806266625,0,0,1,1,0,0,0,1,1,1,0,1,1,1,1,0,1,1,1,1
4684,0.767180885283371,1,0,0,1,0,0,0,1,1,1,0,0,0,1,1,1,1,1,0,0
4685,1.91402398765286,0,0,1,1,1,0,0,1,1,1,0,1,0,1,0,1,1,0,1,1
4686,-0.0535911360488077,1,0,0,1,0,0,1,1,1,1,0,0,0,0,1,0,1,0,0,1
4687,0.916867942535223,1,0,1,1,0,0,0,1,0,1,0,1,0,1,1,1,1,1,0,1
4688,0.00132012583540124,1,1,1,1,0,0,0,1,0,0,0,0,0,0,0,0,1,1,0,0
4689,0.280093833679626,1,1,0,1,0,0,0,1,0,1,0,0,0,0,1,0,1,0,0,0
4690,-0.266052474115024,1,0,1,1,0,0,0,1,1,1,0,0,0,0,0,0,0,0,0,0
4691,0.865906599647239,0,0,0,1,0,0,1,1,1,0,0,1,1,1,0,1,0,0,0,1
4692,2.23357872458945,1,0,1,1,1,0,1,1,1,1,1,1,0,1,1,1,1,0,1,0
4693,-0.956897776490679,1,1,1,0,0,0,0,1,1,0,0,0,0,0,0,0,1,0,0,0
4694,-1.37464287001873,1,1,1,1,0,0,0,0,1,0,0,0,0,1,1,0,0,0,0,0
4695,0.167214840135487,1,1,0,1,0,0,0,1,0,0,0,0,1,0,1,0,1,0,1,0
4696,1.17848232271034,0,1,1,1,1,0,0,1,1,1,0,1,1,1,0,1,1,0,0,0
4697,-0.0979173742091871,1,0,1,1,0,0,0,1,1,0,0,0,1,0,1,0,1,0,1,0
4698,0.964875096553174,1,1,0,1,1,0,1,1,1,1,0,1,1,1,1,0,0,1,1,0
4699,-0.348351995853476,1,1,1,1,0,0,0,1,1,0,0,0,0,0,0,0,1,0,0,1
4700,0.0594183290219853,0,1,0,1,1,0,0,1,1,1,0,0,0,1,0,0,1,0,0,0
4701,-1.09062173419305,0,1,1,0,1,0,0,0,1,0,0,0,1,0,1,0,0,1,0,0
4702,-0.213437119426062,0,0,0,1,0,0,1,1,0,1,0,0,0,0,1,0,1,1,1,1
4703,-0.706160421046489,1,1,0,1,0,0,0,0,1,0,0,0,0,0,1,1,0,0,1,0
4704,0.447632846982971,0,1,0,1,1,0,1,1,1,1,0,1,0,1,1,0,1,1,1,1
4705,-0.127001155729246,1,0,0,1,0,0,1,1,0,0,0,0,1,0,0,0,1,0,1,0
4706,-0.355929180418143,1,1,0,1,0,0,1,1,1,1,0,0,0,0,0,1,0,1,1,1
4707,0.618597943817104,1,0,0,1,1,0,0,1,1,1,0,1,1,1,1,1,0,0,0,1
4708,0.0407842185026052,0,1,1,1,0,0,0,1,1,0,0,0,0,0,1,0,0,1,1,0
4709,-0.709622937601838,0,1,1,0,0,0,0,1,1,1,0,0,1,0,1,0,0,1,1,0
4710,0.574303297434805,0,1,0,1,0,0,0,1,1,1,0,0,1,1,0,1,0,0,0,1
4711,0.111358770037267,1,1,0,1,0,0,1,1,1,1,0,0,1,0,1,0,0,0,1,1
4712,-0.150818022215262,0,0,0,0,1,0,0,1,0,0,0,1,0,0,1,1,1,0,0,1
4713,-1.09838413576652,1,0,1,1,0,0,1,0,1,1,0,0,0,0,0,0,1,0,1,0
4714,-1.13296292087978,1,0,1,0,1,0,0,0,0,0,0,0,0,0,0,0,0,1,0,0
4715,0.203382963714487,0,0,0,1,0,0,0,1,0,0,0,0,0,0,0,0,1,0,0,0
4716,0.770454123931855,1,1,1,0,0,0,0,1,0,1,0,0,1,1,0,1,0,0,0,0
4717,-1.44922738598761,1,1,1,0,0,0,1,1,0,0,0,0,1,0,0,0,1,1,0,1
4718,-0.387592188726975,0,1,0,1,0,0,1,0,0,1,0,0,1,0,1,0,0,0,0,1
4719,-0.609351687196924,1,0,0,0,1,0,1,1,0,1,0,0,0,0,1,0,1,0,0,0
4720,0.669591242323461,0,0,0,1,1,0,1,1,0,1,0,0,1,1,1,1,1,1,0,0
4721,0.443164072168296,0,1,1,1,1,0,0,1,0,0,0,0,1,1,1,0,0,0,0,0
4722,0.827508720486407,1,1,0,1,1,0,1,1,1,1,0,1,1,1,1,0,0,0,1,1
4723,-0.377253356265927,1,1,0,0,1,0,1,1,1,0,0,0,1,0,1,0,1,0,0,1
4724,-0.369644291550018,0,1,0,0,1,0,0,0,1,1,0,0,1,0,1,0,0,1,0,1
4725,1.29122720859075,0,1,1,1,1,0,1,1,1,1,1,1,1,1,0,1,0,1,0,1
4726,0.225422943195421,1,1,1,1,0,0,0,1,0,0,0,1,0,0,1,1,0,0,0,1
4727,0.501717045722808,1,1,0,1,1,0,1,1,1,1,0,0,0,1,1,0,0,1,1,0
4728,0.559587364031248,0,0,0,1,1,0,0,1,0,1,0,1,0,0,1,0,0,1,1,0
4729,0.0598190761426368,1,1,0,1,1,0,0,1,0,0,0,1,1,1,1,0,1,1,0,1
4730,-1.85029890611502,0,0,0,0,1,0,1,0,1,0,0,0,1,0,0,0,0,1,0,1
4731,0.400487776727114,0,1,0,1,1,0,1,1,0,1,0,0,1,0,1,0,0,0,0,1
4732,1.07058282600914,1,0,1,1,1,0,1,1,0,0,0,1,1,1,1,1,0,1,0,0
4733,0.119390312746772,1,1,0,1,1,0,1,1,1,0,0,0,0,0,0,0,1,1,1,1
4734,-0.124219188171994,1,1,0,0,0,0,0,1,1,0,0,0,0,0,0,0,1,1,0,0
4735,0.361976476265261,1,1,0,1,0,0,1,1,1,0,0,0,1,1,0,1,0,1,1,0
4736,-0.480625542937466,0,1,0,1,1,0,0,0,1,1,0,1,1,0,0,0,1,0,0,1
4737,-1.45629448215936,0,0,1,0,0,0,1,0,0,0,0,0,1,0,0,0,1,0,1,1
4738,0.369378326563149,1,1,1,1,0,0,1,1,1,0,0,0,0,0,0,0,0,1,0,0
4739,-1.07450715105685,0,1,0,0,1,0,0,0,1,1,0,0,1,0,0,0,1,0,0,1
4740,-0.0535836882793238,1,1,0,1,0,0,0,1,0,0,0,0,0,0,1,0,0,1,1,1
4741,0.7550677611708,1,0,1,1,1,0,1,1,1,1,0,0,0,0,1,0,1,0,0,0
4742,-0.519542425562172,1,1,1,0,1,0,1,1,0,1,0,0,1,0,1,0,1,1,0,0
4743,-1.11112179971983,1,0,0,0,0,0,0,1,1,0,0,0,1,0,0,0,1,0,0,0
4744,-0.782212398337316,0,0,1,1,0,0,1,1,1,0,0,0,0,0,0,0,0,0,1,1
4745,1.61198659904834,1,1,0,1,1,0,1,1,0,1,0,1,0,1,1,1,1,0,1,1
4746,-1.06175027999421,1,0,0,0,0,0,0,0,1,1,0,0,0,0,1,0,0,0,0,0
4747,-1.22601186893956,0,0,0,0,1,0,1,1,0,0,0,0,0,0,1,0,0,1,0,1
4748,-0.550064696298874,0,0,0,0,1,0,0,1,1,1,0,0,0,0,0,0,1,0,1,1
4749,-0.453120997272311,0,1,1,1,1,0,1,0,1,0,0,0,0,0,0,0,1,0,0,0
4750,-0.576678084892742,0,1,0,1,0,0,0,1,1,0,0,0,0,0,1,0,1,1,0,0
4751,0.715620782805207,1,0,1,1,1,0,1,1,0,1,0,1,1,1,1,1,0,0,1,1
4752,-0.892630433088713,1,1,0,0,0,0,1,1,1,0,0,0,0,0,1,0,1,1,0,1
4753,-1.27524170695914,0,0,0,0,1,0,0,1,1,1,0,0,1,0,0,0,0,1,0,1
4754,0.939607172013103,1,0,1,1,0,0,1,1,0,0,0,1,1,1,1,1,1,0,1,0
4755,-0.847513946580889,1,0,0,1,0,0,1,0,0,1,0,0,1,0,0,0,0,0,0,1
4756,-1.2011560137078,1,0,0,0,0,0,1,1,0,1,0,0,1,0,0,0,0,1,0,0
4757,-0.602439329168158,0,1,1,0,0,0,0,1,0,0,0,1,0,0,1,0,1,1,0,0
4758,0.683134662349975,0,1,1,1,0,0,1,1,0,0,0,1,0,1,0,1,1,0,0,1
4759,-0.0581150919377523,0,1,0,1,1,0,0,1,0,0,0,0,1,0,1,0,0,0,0,0
4760,-0.103601452586085,0,0,0,1,0,0,1,1,0,0,0,0,0,0,0,0,0,0,0,1
4761,2.01245573268563,1,0,1,1,1,0,1,1,1,1,1,1,0,1,0,1,0,1,0,1
4762,0.395025558570486,0,0,0,1,0,0,1,1,0,0,0,1,0,1,0,1,0,1,0,0
4763,1.57293507362888,1,1,1,1,0,0,0,1,0,0,0,1,1,1,1,1,1,0,0,1
4764,-0.802036336091011,0,1,0,1,1,0,1,0,1,0,0,0,0,0,0,0,1,0,1,0
4765,1.12306942622782,0,1,0,1,0,0,1,1,1,1,0,1,1,1,1,1,1,1,0,1
4766,-0.615352675139742,1,1,0,1,1,0,0,1,0,1,0,0,1,0,1,0,0,1,1,0
4767,1.33466124960655,1,1,0,1,1,0,1,1,1,1,0,1,1,1,1,1,1,1,1,0
4768,-0.835893881531219,1,1,1,1,0,0,0,0,1,0,0,0,1,0,1,0,0,1,1,0
4769,1.7485978360651,0,1,0,1,1,0,1,1,1,1,0,1,0,1,1,1,0,1,0,1
4770,1.14756535085327,1,0,0,1,0,0,0,1,0,0,0,1,0,1,1,1,1,0,1,0
4771,-0.392813596076496,1,0,0,1,1,0,0,0,1,1,0,0,0,0,0,0,1,0,0,1
4772,0.581821798411985,0,0,0,1,1,0,0,1,0,1,0,0,0,0,1,0,1,1,0,0
4773,0.484537369488029,1,1,0,1,1,0,0,1,0,1,0,0,1,0,0,0,0,1,1,0
4774,1.11225509572704,1,1,0,1,0,0,0,1,0,0,0,1,0,1,0,1,0,0,1,1
4775,-0.230066500897799,1,0,1,0,1,0,1,1,0,0,0,0,0,0,0,0,1,1,1,0
4776,0.840731033919459,1,1,0,1,1,0,1,1,1,0,0,0,0,1,0,1,1,0,0,1
4777,-0.0713011382913486,1,1,0,0,0,0,1,0,1,0,0,0,1,0,1,0,0,1,0,1
4778,1.63792580430062,0,1,1,1,0,0,1,1,1,0,0,1,1,1,1,1,1,1,1,1
4779,0.563103213286616,0,0,1,1,0,0,1,1,0,1,0,0,0,1,1,0,0,1,0,1
4780,0.172125521847548,0,0,0,1,0,0,0,1,1,1,0,0,1,0,1,0,0,1,0,0
4781,0.0661919815369427,1,1,1,1,1,0,0,1,1,0,0,0,0,0,1,0,0,0,1,0
4782,-0.767570946390937,1,0,0,0,0,0,0,1,1,0,0,0,1,0,0,0,1,1,1,1
4783,0.0672063899784786,0,0,0,1,1,0,0,1,1,0,0,1,1,0,0,0,1,0,1,1
4784,0.389677681574244,1,1,0,1,1,0,0,1,1,1,0,0,1,0,0,0,0,1,0,1
4785,-0.46295331237521,0,1,1,1,0,0,0,1,0,0,0,0,1,0,0,0,0,0,0,0
4786,-0.615353546727937,0,0,0,1,0,0,1,1,1,1,0,0,1,0,1,0,1,0,1,1
4787,-0.637751275036696,1,0,1,1,0,0,0,0,1,0,0,0,1,0,0,0,1,0,1,0
4788,0.892685380964398,1,0,1,1,0,0,1,1,0,0,0,1,1,1,1,0,1,0,0,0
4789,-0.820517048327853,0,1,0,0,0,0,1,1,0,0,0,0,0,0,0,0,0,1,1,1
4790,-0.214432553712892,1,1,0,1,0,0,1,1,1,0,0,0,0,0,0,0,0,1,1,0
4791,0.486983318471753,0,0,1,1,0,0,0,1,0,1,0,0,1,0,1,1,1,0,1,1
4792,-1.23842126780333,0,0,0,0,0,0,0,0,1,0,0,0,0,0,0,0,0,0,0,0
4793,2.2034033186764,1,0,1,1,0,0,1,1,1,1,0,1,1,1,0,1,1,0,1,0
4794,-1.11994889577864,1,1,0,0,1,0,0,1,1,0,0,0,1,0,0,0,0,1,1,0
4795,0.309101606260248,0,1,1,1,1,0,1,1,1,1,0,0,1,0,0,1,1,1,1,1
4796,-1.59061639287112,0,0,1,0,1,0,1,0,1,0,0,0,1,0,1,0,0,1,1,0
4797,-0.124380886689436,1,1,1,1,1,0,0,1,1,0,0,0,1,0,0,0,1,1,1,0
4798,0.823811350102842,1,0,0,1,1,0,1,1,0,0,0,1,0,1,1,0,0,1,1,1
4799,2.32725273309948,0,1,1,1,0,0,0,1,1,1,0,1,1,1,0,1,0,0,0,1
4800,-0.333414693097938,1,1,0,1,1,0,1,1,1,1,0,0,1,0,0,0,1,0,1,1
4801,0.778909007038527,1,1,1,1,1,0,1,1,0,0,0,0,1,1,0,0,1,1,0,0
4802,-1.21486908988261,0,0,1,1,0,0,1,0,0,1,0,0,0,0,1,0,0,0,1,1
4803,-1.77472472499312,0,0,0,0,0,0,0,0,1,0,0,0,0,0,0,0,1,1,0,1
4804,-0.633575590230837,1,1,0,1,1,0,1,1,1,1,0,0,1,0,0,0,0,0,0,0
4805,-0.577350417148233,1,0,0,1,1,0,0,1,1,0,0,1,1,0,1,0,1,0,1,1
4806,-0.0880371127190686,0,1,1,1,0,0,1,1,1,0,0,0,0,0,0,0,1,0,1,1
4807,-0.31626884552018,0,0,0,1,0,0,1,1,1,1,0,1,1,0,1,0,1,1,0,1
4808,0.763631172271223,1,1,0,1,1,0,1,1,0,0,1,1,0,1,0,1,0,1,1,0
4809,1.28062370633242,1,0,0,1,1,0,1,1,1,1,0,1,0,1,1,1,1,0,1,1
4810,-0.5048629236814,0,1,0,0,0,0,1,1,1,0,0,0,1,1,0,0,1,1,0,1
4811,0.41766886444689,0,1,1,1,1,0,1,1,1,1,0,1,0,1,1,0,0,0,1,1
4812,-0.774368681705218,1,0,1,1,0,0,0,1,1,0,0,0,1,0,0,0,1,1,1,1
4813,0.940887868530715,1,1,1,1,0,0,0,1,1,1,0,1,1,1,1,1,1,0,0,0
4814,0.0984629359717891,0,0,0,1,0,0,1,1,0,0,0,1,0,1,1,0,1,0,0,1
4815,-1.03723114915872,0,1,1,1,1,0,1,1,0,1,0,0,1,0,0,0,0,0,1,0
4816,-0.715724173190324,0,0,0,0,1,0,0,1,0,0,0,0,1,0,0,0,1,1,0,1
4817,0.106409817423089,0,1,0,1,1,0,0,1,0,1,0,0,1,0,1,0,0,0,1,0
4818,-0.742680532561644,0,0,0,1,0,0,0,1,1,0,0,0,0,0,1,0,1,0,0,0
4819,1.64042349962345,0,1,0,1,0,0,1,1,1,1,0,1,1,1,0,1,0,0,1,1
4820,0.273280894924783,1,1,1,1,1,0,0,1,0,0,0,0,1,0,1,1,1,1,0,1
4821,0.587129960126457,1,0,0,0,0,0,0,1,1,0,0,1,0,1,1,0,0,0,0,0
4822,0.98270463000602,1,1,1,1,1,0,1,1,0,1,0,1,1,1,1,1,0,1,0,0
4823,-0.338838084253653,0,1,0,1,0,0,1,1,1,0,0,0,0,0,0,0,1,1,0,0
4824,-1.74511631770365,0,0,0,0,0,0,1,0,1,1,0,0,1,0,1,0,1,1,0,0
4825,-0.35756496315513,1,1,0,1,1,0,0,1,0,1,0,1,1,0,1,0,1,0,0,1
4826,-0.561999482071317,1,1,1,1,1,0,1,0,1,0,0,0,0,0,1,0,1,0,0,1
4827,-1.10265729629417,0,1,0,0,0,0,0,1,1,0,0,0,1,0,1,0,1,0,0,1
4828,0.56250288812096,0,1,0,1,1,0,1,1,0,0,0,0,0,1,1,0,1,0,1,0
4829,-1.40473720552689,0,0,1,0,1,0,1,0,0,0,0,0,0,0,0,0,0,1,0,0
4830,0.440626871408946,1,1,0,1,0,0,1,1,1,1,0,1,1,0,0,0,0,0,0,0
4831,0.584088832899817,1,0,1,1,1,0,1,1,1,1,0,1,0,0,1,1,1,0,1,1
4832,-1.24978811855777,0,1,0,0,1,0,0,1,0,0,0,0,1,0,1,0,1,0,0,1
4833,-0.449492610643277,0,1,1,0,1,0,1,0,1,1,0,0,1,0,1,0,0,1,0,0
4834,0.222165838180354,0,0,0,1,0,0,1,1,0,1,0,0,0,1,1,0,0,1,0,0
4835,1.93342826648619,1,1,1,1,0,0,0,1,1,1,0,1,1,1,0,1,1,0,1,0
4836,0.753963179317387,1,0,1,1,1,0,0,1,1,0,0,0,1,1,0,0,1,1,0,0
4837,-0.316121453199335,0,0,0,1,1,0,1,1,1,0,0,0,1,0,1,0,1,1,0,0
4838,0.773160468086506,1,0,1,1,1,0,1,1,1,1,0,1,0,1,1,1,1,1,1,0
4839,-0.965329952456541,0,0,1,1,1,0,0,1,0,0,0,0,0,0,0,0,0,0,1,1
4840,1.74540971509569,0,0,1,1,1,0,0,1,0,1,0,1,0,1,0,1,1,1,0,1
4841,-0.761326054947411,0,1,0,1,0,0,0,1,0,0,0,0,0,0,1,0,0,0,0,0
4842,1.04378946430595,1,1,0,1,1,0,0,1,0,1,0,1,1,1,1,0,1,0,0,1
4843,-0.499009735304921,1,0,1,1,1,0,1,0,1,0,0,0,1,0,1,1,0,0,0,1
4844,0.659858535831355,0,1,0,1,0,0,0,1,1,1,0,1,1,0,1,1,1,1,0,0
4845,-0.623180224895669,0,1,1,1,0,0,0,0,0,1,0,0,0,0,1,0,0,1,0,0
4846,0.803513065744418,0,0,0,1,1,0,0,1,1,1,0,0,1,0,0,0,0,0,1,1
4847,-0.0120492654747063,1,0,0,1,0,0,1,1,0,0,0,0,1,0,1,1,0,0,0,0
4848,-0.623867975276676,0,0,0,0,0,0,1,1,1,1,0,0,1,0,1,0,1,0,0,1
4849,0.265198252036428,1,0,0,1,0,0,1,1,1,1,0,0,0,0,1,1,0,0,0,0
4850,-0.0715863597649831,0,1,0,1,0,0,0,1,1,0,0,1,0,0,1,0,1,0,1,1
4851,1.24908666547807,0,0,1,1,1,0,1,1,0,1,0,0,1,1,0,1,0,1,0,1
4852,-0.11145732646035,0,1,1,1,0,0,0,1,1,0,0,0,1,0,0,0,1,0,0,1
4853,0.858840360004308,1,1,0,1,0,0,0,1,1,0,0,0,0,0,0,1,0,0,1,1
4854,-0.5022827781016,0,1,0,1,0,0,0,0,0,1,0,0,0,0,0,0,1,0,1,0
4855,-0.504727237693114,0,0,0,1,0,0,1,1,0,0,0,0,1,0,1,0,0,1,1,1
4856,-0.698361548296962,0,1,0,1,1,0,0,1,0,0,0,0,0,0,0,0,1,0,0,0
4857,-0.603010778619178,0,1,1,1,0,0,1,1,0,0,0,0,1,0,0,0,1,1,0,0
4858,0.11366902744823,0,1,1,0,1,0,0,1,0,0,0,0,1,0,1,0,0,0,0,1
4859,0.119520787916059,0,0,0,1,1,0,0,1,0,0,0,0,0,0,1,0,1,1,1,0
4860,0.169482813115225,1,0,1,1,0,0,0,1,1,1,0,0,0,1,0,0,0,0,1,1
4861,0.0580071004456105,0,1,1,0,0,0,0,1,0,0,0,0,1,0,0,1,0,1,0,0
4862,0.507960229771729,0,0,0,1,0,0,0,1,0,0,0,0,1,0,1,0,1,1,1,1
4863,0.227455730684616,0,0,1,1,1,0,0,1,1,0,0,0,0,0,1,1,0,1,1,0
4864,-0.90018873672589,1,1,0,1,0,0,1,0,0,1,0,0,0,0,1,0,1,0,0,1
4865,-1.25387972242764,0,1,0,0,0,0,1,0,1,0,0,0,0,0,0,0,1,0,0,0
4866,0.904877189621431,1,1,1,1,1,0,1,1,0,0,0,1,1,1,1,1,0,1,0,1
4867,-1.89951576142147,1,0,0,0,1,0,1,0,0,1,0,0,1,0,1,0,0,1,0,1
4868,-2.02765814157864,0,0,0,0,0,0,1,0,0,0,0,0,1,0,0,0,0,0,0,0
4869,0.968837934590788,0,1,0,1,0,0,1,1,1,1,0,0,1,1,0,0,0,0,1,0
4870,1.50359009583006,1,1,0,1,1,0,0,1,0,0,0,1,1,1,1,1,1,1,1,0
4871,-0.28184215688038,1,0,1,1,1,0,0,1,1,1,0,0,0,0,1,0,0,0,1,1
4872,0.562717038863507,0,0,1,1,0,0,0,1,1,0,0,0,1,0,1,0,0,1,1,0
4873,-0.499793268026437,1,1,0,0,1,0,1,1,1,0,0,0,0,0,1,0,1,0,1,0
4874,-0.352583395799692,0,0,1,1,1,0,0,1,0,0,0,0,1,0,0,0,1,0,1,1
4875,0.825203554550103,1,1,1,1,1,0,1,1,1,1,0,1,1,1,1,1,0,1,0,0
4876,1.06076739304801,0,0,0,1,1,0,0,1,1,1,0,0,1,1,1,1,1,1,1,0
4877,-1.76654638378167,0,0,0,0,0,0,0,0,1,0,0,0,0,0,0,0,1,0,1,0
4878,0.106522696325513,0,0,0,1,1,0,1,1,1,1,0,0,0,0,1,0,0,1,0,1
4879,0.897803990179248,1,0,1,1,0,0,1,1,1,1,0,0,1,1,1,1,0,0,0,0
4880,1.24951609840223,0,0,1,1,1,0,0,1,1,1,0,1,1,1,1,1,0,1,0,0
4881,-0.514709506348867,0,0,0,0,0,0,0,1,0,1,0,0,1,0,0,0,0,0,0,0
4882,-0.785131320618759,1,1,0,1,0,0,1,1,0,0,0,0,0,0,0,0,0,0,1,1
4883,-0.792177605440475,0,0,1,1,0,0,0,1,1,0,0,0,0,0,1,0,1,0,1,0
4884,-1.60317413448569,0,0,0,0,1,0,0,0,1,0,0,0,0,0,0,0,1,0,0,1
4885,0.316573741449264,0,1,1,1,0,0,0,1,0,0,0,1,0,0,0,0,0,0,0,1
4886,1.35875191808719,0,1,1,1,0,0,1,1,1,0,0,1,0,0,1,1,1,1,0,1
4887,0.275281410469174,0,1,1,1,1,0,0,1,0,0,0,0,0,0,1,0,0,0,0,1
4888,0.0802762432599844,0,1,0,1,1,0,1,1,0,0,0,0,0,0,1,0,0,1,0,0
4889,-0.983524816281557,0,1,0,0,1,0,0,1,0,1,0,0,0,0,1,0,0,0,1,0
4890,0.669778467461845,1,1,1,1,1,0,1,1,1,1,0,0,1,1,1,0,1,0,0,1
4891,0.0295628613091571,1,0,1,0,1,0,0,1,0,1,0,0,0,0,0,0,1,0,0,0
4892,0.785464647202257,0,1,0,1,1,0,1,1,0,1,0,1,0,1,1,1,0,0,1,1
4893,-0.52866188667638,1,1,0,0,0,0,0,1,0,1,0,0,0,0,0,0,1,0,1,1
4894,-0.455659146251717,0,1,1,1,0,0,1,1,0,0,0,0,0,1,1,0,1,1,0,1
4895,0.423530362211909,0,1,0,1,1,0,0,1,0,0,0,0,0,1,0,0,1,0,0,0
4896,-0.853505488167309,0,0,1,0,0,0,0,1,0,0,0,0,0,0,0,0,1,0,0,0
4897,-0.736830944205383,0,1,1,0,0,0,1,1,0,0,0,0,0,0,0,0,0,0,0,0
4898,-2.35779543933461,0,1,0,0,1,0,0,0,0,0,0,0,0,0,0,0,1,0,0,0
4899,1.08543818006972,1,0,1,1,1,0,0,1,0,1,0,1,0,1,1,1,0,0,0,1
4900,0.241199912503413,1,1,0,1,0,0,0,1,0,0,0,0,1,0,0,1,1,0,1,1
4901,-1.34575344480187,0,0,0,1,0,0,1,0,1,1,0,0,0,0,0,0,0,0,0,1
4902,1.26050479530977,1,0,1,1,1,0,1,1,0,0,0,0,1,1,1,1,1,0,0,0
4903,0.101438086899575,1,1,0,1,1,0,1,1,0,0,0,1,0,0,1,0,1,1,0,0
4904,0.534952477264208,0,0,1,1,1,0,1,1,1,1,0,0,0,1,1,0,1,1,0,0
4905,-0.168574821670867,1,0,1,1,0,0,0,1,1,0,0,0,1,0,0,0,0,1,1,1
4906,0.0851270198010472,1,1,1,1,0,0,1,1,0,1,0,1,0,0,0,0,1,1,1,1
4907,-0.924942015320129,0,1,0,0,1,0,0,1,0,0,0,0,1,0,1,0,0,0,1,1
4908,0.733329275950965,1,1,1,1,1,0,0,1,1,1,0,1,1,0,1,1,0,1,1,1
4909,0.243710233680167,1,1,0,1,1,0,1,1,1,0,0,1,0,0,1,1,0,1,0,1
4910,-0.502121326454355,0,1,0,0,0,0,0,1,1,1,0,0,0,0,1,0,0,1,0,1
4911,1.03800021581043,0,0,1,1,1,0,0,1,0,0,0,0,1,1,0,0,1,0,1,1
4912,-0.383892985263357,1,0,0,1,1,0,1,1,1,0,0,0,1,0,1,0,1,1,1,0
4913,1.93580313820034,0,1,1,1,0,0,0,1,0,1,0,1,0,1,1,1,0,0,0,0
4914,1.07512897181997,0,1,1,1,0,0,0,1,0,0,0,1,0,1,1,1,0,1,0,0
4915,0.52545115123117,0,1,1,1,1,0,1,1,0,0,0,1,0,0,0,1,1,0,1,1
4916,-0.695259040324582,0,0,0,1,1,0,0,1,1,0,0,0,0,0,1,1,0,0,0,1
4917,0.257918546724613,1,1,1,1,0,0,0,1,0,0,0,0,1,1,0,0,0,1,1,0
4918,1.34098339449977,0,1,0,1,1,0,1,1,1,1,0,0,0,1,1,1,0,0,1,0
4919,1.47041237316639,0,1,1,1,1,0,1,1,1,0,0,1,0,1,1,1,1,1,1,1
4920,0.169072632633036,0,0,0,1,1,0,0,1,0,1,0,0,0,1,1,0,1,0,1,1
4921,0.999225699191848,1,1,0,1,0,0,1,1,1,0,0,1,1,1,1,1,0,0,0,1
4922,-0.469765724385146,1,1,0,0,0,0,0,1,0,0,0,0,0,0,0,0,1,0,0,1
4923,0.0971788252820322,1,1,1,0,0,0,0,1,1,0,0,0,0,1,1,1,1,1,0,1
4924,1.26551416808791,0,0,0,1,1,0,1,1,1,1,0,1,0,1,1,1,0,1,0,1
4925,-0.509809380336709,0,1,1,1,0,0,1,0,1,0,0,0,1,1,1,0,1,1,0,0
4926,0.606634048698048,1,0,1,1,0,0,0,1,1,0,0,1,1,0,0,1,1,1,1,0
4927,0.136438820179862,1,0,0,1,1,0,0,1,1,0,0,0,1,1,1,0,0,0,0,1
4928,0.0229368035314149,1,0,1,1,0,0,1,1,1,0,0,0,0,0,0,0,1,0,0,1
4929,0.205891836539641,0,1,1,1,1,0,1,1,1,0,0,0,1,0,0,0,0,0,0,0
4930,0.606830135810809,0,1,1,1,0,0,0,1,1,1,0,1,0,0,1,0,1,1,0,1
4931,-0.473242448845192,0,1,0,1,0,0,0,1,1,0,0,0,0,0,1,0,1,0,1,1
4932,0.132168442223343,0,0,1,0,0,0,0,1,1,1,0,0,0,1,1,0,0,0,1,1
4933,0.774475655055534,1,1,1,1,1,0,1,1,0,0,0,1,0,1,0,1,1,1,0,1
4934,-1.93627081541412,1,1,0,0,0,0,1,0,0,0,0,0,0,0,1,0,0,0,0,0
4935,0.330557011802942,0,0,0,1,0,0,0,1,1,1,0,0,0,1,1,0,1,1,1,1
4936,0.372070439217567,0,1,1,1,0,0,1,1,1,0,0,0,0,1,0,1,1,0,1,1
4937,1.27468315957459,1,0,0,1,1,0,1,1,0,0,0,1,1,1,1,0,1,1,1,1
4938,0.177928012249306,1,0,0,1,0,0,1,1,0,0,0,1,1,0,1,1,0,0,0,1
4939,-0.362364713849167,0,0,0,1,1,0,0,1,1,0,0,0,1,0,0,0,0,0,0,1
4940,-0.77378979153981,0,0,1,0,0,0,0,1,0,0,0,0,1,0,1,0,1,0,1,1
4941,-0.490188740379517,1,0,0,0,0,0,0,1,1,0,0,0,0,0,0,0,0,0,0,0
4942,-2.292972401983,0,0,0,0,0,0,0,0,0,0,0,0,0,0,0,0,0,0,0,0
4943,0.0744815778329691,1,0,0,1,1,0,1,1,0,1,0,0,1,1,0,0,1,0,0,0
4944,-0.00677569922282049,0,0,1,1,0,0,1,1,1,0,0,0,1,0,0,1,1,0,1,1
4945,-0.475711670611457,0,0,1,1,0,0,0,1,0,0,0,0,1,0,0,0,1,0,1,0
4946,-1.22720121948941,0,0,0,0,0,0,0,0,0,0,0,0,0,0,0,0,0,0,0,1
4947,-1.79005144326895,1,1,0,0,1,0,0,0,0,1,0,0,0,0,0,0,0,0,0,1
4948,-1.2451036982014,1,0,1,0,0,0,0,0,1,1,0,0,1,0,1,0,0,0,0,0
4949,-0.66986904954917,1,1,0,1,0,0,1,1,0,0,0,0,1,0,1,0,0,1,0,1
4950,0.241094552159169,1,1,1,1,0,0,1,1,1,1,0,0,1,0,0,0,0,0,1,1
4951,2.23153189906053,1,0,0,1,1,1,1,1,1,1,1,1,1,1,1,1,0,1,0,1
4952,0.961480755449351,1,1,1,1,0,0,1,1,1,1,0,1,1,0,1,1,0,1,1,0
4953,0.718779754114394,1,0,1,1,0,0,0,1,1,0,0,1,0,1,1,1,0,1,0,0
4954,-1.18819666580006,0,0,0,1,0,0,1,1,0,1,0,0,0,0,0,0,0,0,0,1
4955,0.0597033233368267,0,1,0,1,1,0,1,1,1,0,0,0,0,0,1,0,0,1,0,0
4956,-0.356049088851839,0,1,1,1,1,0,0,1,0,0,0,0,1,0,1,0,0,1,0,1
4957,0.804178115997583,0,0,0,1,0,0,1,1,0,0,0,0,0,1,0,1,1,1,1,0
4958,-1.54843603699322,1,0,0,0,1,0,1,0,0,1,0,0,0,0,0,0,0,0,1,0
4959,-2.26175329287187,0,0,0,0,0,0,1,1,1,1,0,0,1,0,0,0,1,1,0,0
4960,-0.590020436966674,1,0,1,0,0,0,1,1,0,0,0,0,1,0,1,0,0,0,0,1
4961,-0.0921748139077672,1,1,1,0,1,0,1,1,1,0,0,0,1,0,1,0,0,1,0,0
4962,0.0414883812251719,0,1,0,0,0,0,1,1,1,1,0,0,0,0,0,0,1,0,1,0
4963,-2.33517249217143,1,0,0,0,1,0,0,0,1,0,0,0,0,0,1,0,0,0,0,0
4964,2.28265352112528,1,0,1,1,1,0,1,1,1,0,0,1,1,1,1,1,1,1,0,1
4965,-0.531245212487647,1,1,1,1,1,0,1,1,0,0,0,0,0,0,0,0,0,1,1,0
4966,0.634902567970341,1,1,1,1,1,0,1,1,1,0,0,0,0,1,1,1,1,1,0,1
4967,-0.180100482279493,0,1,1,1,1,0,0,1,1,1,0,0,1,0,1,0,1,1,0,1
4968,-0.949404051087614,0,0,1,1,0,0,0,1,0,0,0,0,0,0,0,0,1,1,1,1
4969,-1.2954744720526,1,1,0,0,0,0,0,1,0,0,0,0,1,0,1,0,0,1,1,1
4970,0.893159544333366,1,0,1,1,0,0,1,1,0,1,0,1,1,1,0,1,0,1,0,0
4971,2.89746109440764,0,1,1,1,1,1,1,1,1,1,1,1,1,1,1,1,0,0,0,1
4972,0.964695868253283,1,0,0,1,1,0,1,1,1,0,0,0,1,0,1,1,1,1,0,0
4973,-0.722031102530937,1,1,1,1,1,0,0,1,1,1,0,0,0,0,0,0,0,1,0,0
4974,-0.10398250057458,0,0,0,1,0,0,1,1,0,0,0,0,0,0,1,0,1,0,0,1
4975,-0.171609691971307,0,1,0,0,1,0,0,1,1,1,0,0,1,0,1,0,0,0,1,1
4976,-0.870562853102027,1,0,0,1,1,0,0,1,0,1,0,0,1,0,0,0,1,0,0,0
4977,0.0346101057518885,0,1,0,1,1,0,0,1,0,0,0,0,1,1,1,0,1,0,1,0
4978,-1.20033274056468,0,0,0,0,1,0,0,1,1,1,0,0,1,0,1,0,0,0,0,0
4979,1.44992706784658,0,0,0,1,1,0,0,1,1,0,0,1,0,1,1,0,1,1,0,1
4980,-1.17343732467353,0,0,0,1,0,0,1,0,0,0,0,0,0,0,1,0,0,0,0,1
4981,-1.05639741850672,1,0,1,0,1,0,0,1,1,1,0,0,0,1,0,0,1,1,0,0
4982,-0.384199987909404,0,0,1,1,1,0,1,1,0,0,0,0,0,0,1,0,0,1,0,1
4983,-1.15947932358988,0,0,0,0,1,0,1,1,0,0,0,0,0,0,1,0,0,0,1,0
4984,-0.909106535312097,0,1,0,0,1,0,1,0,1,0,0,0,1,0,0,0,0,0,1,0
4985,-0.87019877785429,1,0,0,0,1,0,0,0,1,0,0,0,0,0,0,0,0,1,0,0
4986,0.810994236469234,1,0,1,1,1,0,0,1,0,0,0,1,1,0,1,1,0,0,0,0
4987,0.187433323790647,0,1,1,1,1,0,0,1,0,0,0,0,1,0,0,0,1,1,1,0
4988,0.715197782495354,1,1,1,1,1,0,1,1,0,1,0,0,1,1,1,0,1,1,1,1
4989,0.751831450362917,0,0,0,1,0,0,0,1,0,1,0,0,1,1,1,1,1,1,1,1
4990,-2.32288933451305,0,1,0,0,1,0,0,0,0,1,0,0,1,0,0,0,0,1,1,1
4991,-0.364769027278166,1,0,1,0,0,0,0,1,1,0,0,0,0,0,1,1,1,1,0,1
4992,1.18378669781034,1,0,0,1,1,0,1,1,1,1,0,0,1,1,1,1,0,1,1,1
4993,0.00161108359205045,1,0,1,1,1,0,0,1,1,0,0,0,0,1,1,1,1,1,0,1
4994,-1.66977292074303,0,1,0,0,0,0,1,0,1,0,0,0,0,0,1,0,1,0,1,1
4995,-0.328015296362945,0,1,0,0,0,0,0,1,1,1,0,0,1,0,0,0,0,1,0,1
4996,-1.41263928135063,0,0,1,0,0,0,0,1,0,0,0,0,1,0,0,0,1,1,1,1
4997,0.3390934516303,1,0,1,1,1,0,1,1,0,1,0,0,1,0,1,0,0,0,1,0
4998,0.730532305236484,0,1,1,1,0,0,0,1,1,0,0,1,0,1,1,1,0,1,0,0
4999,0.606833836807481,1,1,1,1,1,0,1,1,1,0,0,0,0,1,1,1,0,0,1,0
5000,0.686424264851712,1,1,1,1,1,0,1,1,1,1,0,0,1,0,1,0,0,0,1,1
