"ID","Theta","Item1","Item2","Item3","Item4","Item5","Item6","Item7","Item8","Item9","Item10"
1,-0.581677041430768,1,0,1,0,0,1,1,1,0,0
2,-1.47325110299897,0,0,0,0,0,0,0,0,0,0
3,0.522417527742019,1,0,1,1,0,1,1,1,1,0
4,-1.29112672740136,0,0,0,0,0,0,0,1,0,0
5,0.166859426030066,1,1,1,1,0,0,0,1,1,0
6,-0.743635340091823,0,0,1,0,0,0,1,1,0,0
7,0,1,0,1,0,0,0,1,0,1,0
8,-0.653932565205972,0,1,0,1,1,0,1,0,1,0
9,0.297981538660526,0,1,1,0,1,1,0,1,1,0
10,-0.00653385830343283,0,1,1,1,0,0,0,1,0,1
11,0.137551423971517,1,0,1,0,1,0,1,1,1,1
12,0.380940103582276,1,1,1,0,1,1,1,1,1,0
13,0.429838040294061,1,1,1,1,0,0,1,1,0,1
14,0,0,0,1,1,0,0,1,1,0,1
15,-1.59673028226419,0,0,0,0,1,0,1,0,0,0
16,0,0,1,1,1,0,0,1,1,1,0
17,0,1,1,0,1,0,1,1,1,0,0
18,1.61283873470033,1,0,1,1,1,1,1,1,1,1
19,-0.695015467524981,1,0,0,1,0,0,0,1,0,0
20,0.628462046879056,1,0,1,1,1,0,1,1,1,1
21,-2.42146859003058,1,0,0,0,0,0,0,0,0,0
22,0.850021434476546,1,1,1,1,1,1,1,1,1,1
23,0,1,0,1,1,0,1,1,1,0,1
24,-1.407566433733,0,0,0,0,0,0,1,0,0,0
25,1.22084303226382,1,1,1,0,1,1,1,1,1,1
26,2.90284071224784,1,1,1,1,1,1,1,1,1,1
27,-3.21720876383785,0,0,0,0,0,1,0,0,0,0
28,-0.525957020854734,1,0,1,0,0,0,0,1,1,0
29,0.660251016343493,1,1,1,1,1,1,1,1,1,0
30,-0.643098789601842,1,0,1,0,0,0,1,1,1,0
31,0,1,0,1,0,1,0,1,0,0,0
32,0,1,1,1,0,0,1,1,1,0,0
33,0,1,1,1,0,0,1,1,1,1,0
34,-0.0801429412237364,1,0,1,0,1,1,1,1,0,0
35,-1.41308729025921,1,0,0,0,1,0,1,0,0,0
36,-1.1462231886272,1,0,0,0,0,0,1,1,0,0
37,-1.5656115190184,1,0,0,0,0,0,0,0,0,0
38,-1.29642912508914,0,0,0,0,0,0,0,0,0,0
39,0,1,0,1,1,1,0,1,1,1,0
40,0,1,1,1,0,1,1,1,1,1,0
41,0,1,0,1,1,0,1,1,0,0,1
42,-0.364170785676427,1,1,1,0,0,1,1,0,1,0
43,0,1,1,1,1,1,0,1,1,0,0
44,0,0,1,1,0,0,1,0,1,1,1
45,0.239645008457066,1,1,0,1,0,1,1,1,0,0
46,-0.563278236343788,1,0,1,0,0,0,1,0,1,0
47,-0.973776605992928,0,0,0,0,0,0,1,0,0,0
48,0.693041708173114,1,0,1,1,0,0,0,1,1,1
49,0.127429194997159,1,0,1,1,1,1,1,1,0,1
50,0.662524743830478,0,0,1,1,0,1,1,1,1,1
51,0.333101133930778,0,1,1,1,1,1,1,1,1,0
52,2.61675826321078,1,1,1,1,1,1,1,1,1,1
53,0,1,0,1,1,1,1,1,0,0,1
54,-0.990243257767573,1,0,0,0,0,0,1,0,0,0
55,0.92580061072748,1,1,1,1,0,1,1,1,1,1
56,0.014013035671187,1,0,1,1,1,1,1,1,1,0
57,-1.48145750261958,0,0,0,1,0,0,0,0,0,0
58,0,1,0,1,1,0,1,0,1,1,0
59,0,1,0,1,0,1,1,0,1,0,0
60,0,1,1,0,1,0,1,1,1,0,0
61,0.648654841004142,1,1,1,1,1,1,0,0,0,0
62,0,1,1,1,0,0,1,1,1,1,0
63,-0.683334503654982,1,1,0,0,0,0,0,1,0,0
64,0.694743433838945,1,1,1,1,0,0,1,1,1,0
65,-0.551846649034067,1,0,0,1,0,1,0,1,1,0
66,-0.432824734184613,1,0,1,0,0,1,0,1,1,0
67,0,1,1,1,1,1,1,1,1,1,0
68,-0.467858540997893,1,1,0,1,0,0,0,1,1,0
69,2.58916099354544,1,1,1,1,1,1,1,1,1,1
70,1.93523250063051,1,1,1,1,1,1,1,1,1,1
71,0.108996676371082,1,1,1,0,0,0,0,1,1,0
72,0,1,0,0,0,1,1,1,1,0,0
73,-0.414547582388295,0,1,1,0,0,1,0,1,0,1
74,0,0,0,1,0,0,0,1,1,1,0
75,1.35354340785726,1,1,1,1,0,1,1,1,1,0
76,0.0431498494195022,1,1,1,1,0,1,1,0,1,1
77,0,1,1,1,0,0,1,1,1,1,0
78,0,0,1,1,0,0,1,0,1,1,0
79,0,1,0,1,0,0,0,1,1,1,1
80,0,1,1,1,1,0,0,1,1,0,0
81,0,1,0,1,0,0,0,1,1,1,0
82,0,1,1,0,0,0,1,1,0,1,1
83,-0.164285088495653,1,0,1,1,1,0,1,1,0,0
84,3.12987216064667,1,1,1,1,1,1,1,1,1,1
85,0,1,1,0,1,0,1,1,0,0,0
86,0.292665042328163,1,1,1,0,0,1,1,1,1,0
87,0.0847106108859561,1,1,1,1,1,0,1,0,1,0
88,0,0,1,1,0,1,1,0,1,0,0
89,-1.40064251458488,1,0,0,0,0,0,1,1,0,0
90,1.28047005807551,1,1,1,1,1,1,1,1,1,0
91,0,1,1,1,1,1,0,1,1,0,0
92,-0.21747358332965,1,1,1,1,0,1,0,1,1,0
93,0,1,0,1,1,0,1,1,1,1,0
94,0.153108355949211,1,0,1,1,1,0,1,1,0,0
95,1.1776720768758,1,1,1,1,1,1,1,1,1,1
96,1.28446454785271,1,1,1,1,1,1,1,1,1,0
97,0,1,0,1,1,0,1,1,0,1,0
98,0.0620694631533417,1,0,1,1,0,1,1,0,1,0
99,-1.01770987852469,1,1,0,0,0,0,1,0,1,0
100,-0.900688138500767,0,1,0,0,0,0,1,0,0,0
101,0,1,0,1,1,1,1,0,1,0,1
102,0,1,0,1,1,0,1,0,1,0,0
103,0,1,0,1,1,1,1,0,1,0,1
104,-0.241380858283893,0,0,1,0,0,1,1,0,1,0
105,-1.06506090080588,1,1,0,0,0,0,0,0,0,0
106,0,1,1,1,0,1,0,0,1,0,0
107,0,1,1,1,1,0,1,1,1,1,0
108,1.69464827094077,1,0,1,0,1,1,1,1,1,1
109,-0.387693841994411,1,0,1,0,0,1,1,1,0,0
110,0.0531997898744014,1,0,1,0,0,1,1,1,0,0
111,0,0,0,1,1,0,0,0,0,1,0
112,-0.253951514625334,1,1,1,1,1,0,0,1,0,0
113,-0.116007043046101,1,0,0,1,1,0,0,1,0,0
114,0,1,1,1,0,1,0,0,0,0,0
115,0.501625656203891,1,1,1,1,0,1,1,0,0,0
116,0,1,0,1,1,0,0,1,1,1,0
117,-0.080290194732089,1,0,0,1,1,1,0,1,1,0
118,0.356211630789224,1,0,1,1,1,1,0,1,1,0
119,0,1,0,1,1,1,0,1,1,1,0
120,-0.650532166550356,1,0,1,1,0,1,0,1,0,0
121,0,1,0,1,1,0,1,1,0,0,0
122,0.534845601869743,1,1,1,1,1,1,1,1,0,1
123,0.312066962861364,1,0,1,0,1,0,1,1,1,0
124,0.857273806163141,1,1,1,0,1,1,1,1,1,0
125,0.0253263752061536,1,0,1,0,1,1,1,0,0,0
126,2.03082814190042,1,1,1,1,1,1,1,1,1,0
127,0,1,1,1,1,0,1,1,1,1,0
128,-0.00421783351438956,1,1,1,1,0,0,1,0,1,1
129,0,1,0,0,0,0,1,1,1,1,0
130,0.0556625091633619,1,0,1,1,0,0,1,1,1,0
131,-1.47270422378229,1,0,0,1,0,0,0,0,1,0
132,0.528005107342384,1,1,1,1,0,1,1,0,1,1
133,0,1,0,1,1,0,0,1,1,1,0
134,-0.411612398959295,1,0,0,1,0,1,1,1,0,1
135,-0.680028123393733,0,0,1,0,0,0,0,1,0,0
136,0,1,1,1,0,0,1,1,1,0,0
137,1.04292554736969,1,1,1,1,0,1,1,1,1,0
138,-0.793006791518187,1,0,0,1,0,0,0,0,1,0
139,-1.76131078146192,0,0,0,0,0,0,0,0,1,0
140,0,1,1,1,1,0,1,0,1,0,0
141,0.136484885368723,1,0,1,0,1,1,1,1,0,1
142,2.75975779904524,1,1,1,1,1,1,1,1,1,1
143,0.166491419068258,1,1,1,1,1,0,0,1,0,0
144,0,1,0,1,0,0,1,1,1,0,0
145,0,0,1,1,1,1,0,1,1,1,0
146,0,1,0,1,1,1,0,1,1,1,0
147,0,1,0,0,1,1,1,1,1,1,0
148,0,1,1,1,1,1,0,1,1,1,0
149,0,1,0,1,1,0,1,1,1,0,0
150,0,1,1,1,0,0,1,1,1,0,0
151,0,1,1,0,1,0,0,1,1,1,0
152,0.92883425753202,1,0,1,1,1,1,1,0,1,1
153,0,1,0,1,0,0,1,1,1,1,1
154,-0.323302891504203,1,1,1,0,0,0,0,0,0,0
155,0.271010818811009,1,1,1,1,1,0,1,0,1,1
156,1.4432332770146,1,1,1,1,1,1,0,1,1,1
157,0,0,1,0,0,1,1,0,0,1,0
158,0.216767462562613,1,0,1,0,1,1,0,1,1,1
159,0.795599437269647,1,0,1,1,0,0,1,1,1,0
160,0.83669443416329,1,0,1,1,1,1,1,1,1,1
161,-1.09388353457556,0,1,0,0,0,0,1,1,0,0
162,-0.0509232037554623,1,1,1,1,0,0,1,0,0,0
163,-0.268721805107561,1,0,1,1,0,1,0,1,0,0
164,-0.782454571518734,0,0,1,1,0,1,0,1,1,0
165,-1.32895820384996,1,0,0,0,0,0,1,0,1,0
166,0,1,0,1,1,1,0,1,1,1,0
167,0,1,0,1,0,0,0,1,1,0,0
168,0,1,0,1,0,1,0,0,1,1,0
169,0.483540245019773,1,1,1,1,0,1,1,0,1,1
170,0,1,0,1,0,1,1,0,0,1,0
171,0,1,1,1,0,0,0,1,1,1,1
172,-0.792315121235549,0,0,0,1,1,0,0,1,0,0
173,0.466283360894964,1,1,1,1,0,1,1,0,0,1
174,2.32828809502533,1,1,1,1,1,0,1,1,1,1
175,0,0,0,1,0,0,0,1,1,1,0
176,-1.30148945062532,0,1,0,0,0,0,0,0,1,0
177,2.40503299100782,1,1,1,1,1,1,1,1,1,1
178,0.461332570572076,1,1,1,1,1,1,1,1,1,0
179,-0.513884715371567,0,0,0,1,0,1,1,1,0,0
180,1.52865524645891,1,1,1,1,1,1,1,1,1,0
181,0.30613580727402,1,0,1,1,0,1,1,1,1,0
182,0,1,1,1,0,1,1,1,1,0,0
183,0,1,0,1,0,0,0,1,1,1,0
184,-1.26662344098379,1,1,0,0,0,0,0,0,0,0
185,0.530696255119284,1,1,1,1,1,1,0,1,1,0
186,0,1,1,1,1,0,0,1,1,1,0
187,-1.56559745172663,0,0,0,0,0,0,0,0,0,0
188,-1.30743954972444,1,0,0,0,0,0,1,0,0,0
189,0.560165759205666,1,1,1,0,0,1,1,1,1,1
190,-0.253736530431657,1,1,0,0,0,1,1,1,1,0
191,0.159016119982412,1,1,1,1,0,1,1,0,1,1
192,-1.97993484307191,0,0,0,0,0,0,0,0,0,0
193,0,1,0,1,1,0,0,1,0,0,1
194,-0.460370189868837,1,1,1,0,0,1,0,0,0,0
195,-0.0483226638577065,1,1,1,1,0,1,1,1,1,0
196,1.04116247482778,1,1,1,1,1,1,1,1,1,0
197,0.129780445700023,1,1,1,1,0,1,1,1,0,1
198,-0.317262376693663,1,0,1,1,1,0,1,0,0,0
199,0,0,0,1,0,0,0,0,0,1,0
200,-1.49090847242632,0,0,0,0,0,0,0,0,0,1
201,0.95771184684529,1,0,1,1,1,1,1,1,1,1
202,-0.5518546711955,1,0,0,1,1,1,1,1,0,0
203,0,1,0,1,0,1,1,0,1,0,0
204,0.120017494396323,1,1,1,1,1,0,1,1,1,0
205,0.381252316585544,1,1,1,0,1,1,1,1,1,0
206,0,1,0,1,0,0,1,0,1,1,0
207,0.122602517378601,1,1,1,1,1,0,0,1,1,0
208,0,1,0,1,1,1,0,1,1,1,0
209,0.550083060530932,1,1,1,1,0,1,1,1,0,0
210,-0.338867224604921,1,1,0,1,0,1,0,1,0,1
211,0,1,1,1,0,1,1,1,1,1,0
212,0.333257522874286,1,1,1,0,1,1,1,1,0,0
213,-0.507716202958494,1,0,1,0,0,0,1,0,0,0
214,-0.332871833366743,1,1,0,0,0,0,1,1,0,0
215,0.331228744235986,0,1,1,0,1,1,1,1,1,0
216,-0.985997028335723,0,0,0,1,0,1,0,1,0,0
217,0,1,0,1,0,1,0,0,1,1,0
218,-0.208786774045925,1,1,1,1,0,1,1,0,0,0
219,0.0852162501755915,0,0,1,1,0,1,1,0,1,1
220,1.44242994393951,1,1,1,1,1,1,1,0,1,0
221,-0.76713388042095,1,0,1,0,0,0,1,0,1,0
222,-1.21104720455823,0,0,0,0,0,0,0,0,0,0
223,-1.26644115576804,1,0,0,0,0,0,0,0,0,0
224,1.31433497278808,1,1,1,1,1,1,1,1,1,1
225,-0.528718213879647,1,0,1,0,1,0,1,1,1,0
226,1.43524065499128,1,1,1,1,1,1,1,1,1,1
227,-1.11942775159261,0,0,0,0,0,0,0,1,0,0
228,-1.70478896946131,0,0,0,1,0,0,0,0,0,0
229,-0.905088677511104,0,1,0,0,0,1,0,0,0,1
230,-1.08425264314012,1,0,0,1,0,0,0,0,1,0
231,1.0888352604102,1,1,1,0,0,1,1,1,1,0
232,0,1,1,1,1,1,1,1,1,0,1
233,0.0981056403126637,1,1,1,1,0,0,1,1,0,0
234,-0.543417644833615,0,0,1,0,1,0,0,1,0,0
235,-0.0303890720801562,1,0,1,0,0,0,1,1,1,0
236,0,1,0,1,1,1,0,1,1,0,0
237,0,1,1,1,1,0,0,0,1,1,1
238,0,1,1,1,0,0,1,1,1,0,0
239,-2.25513163343218,1,0,0,0,0,0,0,1,0,0
240,-0.0483226638577065,1,0,1,0,1,0,1,1,1,1
241,0,1,1,0,0,1,0,0,1,1,0
242,0.788483987393469,1,1,1,1,0,0,1,1,1,1
243,0,1,1,1,1,1,1,1,1,1,0
244,-0.458081270320509,1,1,1,1,0,1,1,1,0,0
245,-0.182926090714218,1,0,1,1,0,1,1,1,1,0
246,-1.09041919878621,1,0,0,0,0,0,1,0,0,0
247,0,1,0,1,1,1,1,0,1,1,0
248,1.72296074368824,1,1,1,1,1,1,1,1,1,1
249,-0.949010372404246,1,0,0,0,0,1,0,0,0,0
250,0,1,0,1,0,0,1,1,1,1,1
251,-0.457943825247839,0,0,0,0,0,0,0,1,0,0
252,0.391936223422238,1,1,1,1,1,1,1,1,1,0
253,0.77380806537459,1,1,1,1,1,0,1,1,1,1
254,0,1,0,1,1,1,0,1,0,0,1
255,0.115712381929262,1,0,1,1,0,1,1,1,0,0
256,0,1,0,0,0,0,0,1,1,1,0
257,0,1,0,1,0,0,1,1,1,0,0
258,0,1,0,0,0,0,0,0,1,1,0
259,-0.29220497662855,1,1,0,0,0,0,1,1,0,1
260,0.475938268389776,1,1,1,0,1,1,1,1,1,0
261,0,1,0,1,0,0,1,1,1,0,0
262,0.490638258251627,1,0,1,1,1,0,1,1,1,0
263,1.54727359918135,1,1,1,1,1,1,1,1,1,1
264,0.12685131148518,1,1,1,0,1,0,0,1,1,0
265,0,1,0,1,0,0,1,0,1,1,1
266,0,1,1,1,0,1,1,0,0,1,1
267,0,0,0,1,0,0,1,1,1,0,0
268,0.218140665807553,1,0,1,0,1,1,0,0,1,0
269,-1.04773562816606,0,0,0,0,0,0,0,0,0,1
270,0,1,1,1,0,0,1,1,0,0,0
271,0,1,1,1,1,1,1,1,1,0,0
272,-0.950187249702325,1,0,0,0,1,0,1,1,1,0
273,-0.873131277788091,0,1,1,1,0,0,0,0,1,0
274,0.187640516883891,1,1,1,1,1,1,1,1,1,0
275,-0.111260423091232,0,0,1,0,0,1,1,0,0,0
276,0.873007818968446,1,1,1,1,1,1,1,1,0,0
277,1.64156945654495,1,1,1,1,1,1,1,1,1,1
278,0,1,1,1,1,1,1,1,0,1,0
279,-0.571016143404248,1,0,0,0,0,1,0,0,0,0
280,-0.208673989406657,1,0,1,0,0,1,1,0,0,0
281,0,1,0,1,0,0,1,1,1,1,0
282,0.517302930478478,1,1,1,1,0,1,1,1,1,1
283,0,1,0,1,0,0,1,1,1,0,0
284,0.174335037636816,1,0,1,1,1,1,0,1,1,0
285,0,1,1,1,0,0,1,0,1,1,1
286,-0.642776673705575,1,0,0,0,0,0,1,1,1,0
287,0.155075822585761,0,1,1,0,1,0,1,1,1,0
288,-1.65750575853755,0,0,0,0,0,0,0,0,0,0
289,0.17761269090687,1,0,1,0,0,1,1,1,1,1
290,-0.698110602309661,1,1,0,0,1,0,0,1,0,0
291,0.220474047253741,0,1,1,1,1,1,1,0,1,1
292,-0.609212830288551,1,0,0,1,1,0,1,0,1,0
293,-2.17298000301027,0,0,0,0,0,0,0,0,0,0
294,0,1,1,1,1,1,0,0,1,1,0
295,0.384234636020294,1,1,1,0,1,1,1,1,1,0
296,-0.372803889844123,0,0,1,1,0,0,1,1,0,0
297,0.982307346591591,1,1,1,1,1,0,1,1,1,1
298,0.606548788161144,1,1,1,0,1,1,1,1,0,1
299,-0.935786844488186,1,0,0,0,0,0,0,0,0,0
300,2.60387800278977,1,1,1,1,1,1,1,1,1,1
301,-0.778787805426353,1,0,0,1,0,0,0,1,0,0
302,-0.114024829806543,1,1,1,0,0,0,0,1,0,0
303,-0.770602093878672,1,0,0,0,0,0,1,1,1,0
304,0,1,1,1,1,1,1,1,1,0,0
305,0,1,0,1,0,1,1,1,1,1,0
306,0,1,1,0,0,1,1,1,1,0,0
307,0,1,1,0,1,1,0,0,1,1,0
308,-1.25404855726889,0,0,0,0,0,0,0,0,0,0
309,-0.0849693593271463,1,0,1,1,0,0,0,0,0,0
310,-0.564997055484321,1,0,1,0,0,1,1,0,0,0
311,-1.54171635583778,0,0,0,1,0,0,0,0,1,0
312,0,1,1,1,0,0,1,1,0,1,0
313,-1.44302823357197,0,0,0,1,0,0,0,0,0,0
314,0,1,1,1,0,0,1,1,1,0,0
315,0,1,0,1,1,0,1,1,1,1,0
316,0.529175390326792,1,1,1,0,0,1,1,1,1,1
317,0,0,0,1,1,0,0,1,1,1,0
318,0,1,1,1,0,0,1,1,0,1,1
319,0.129414301910657,0,1,1,0,0,1,1,1,0,0
320,-0.275494560642224,1,1,1,0,0,1,0,1,1,0
321,0,1,0,1,0,0,1,1,0,1,1
322,-1.01789919293738,1,0,0,0,0,0,0,1,0,0
323,0.818289710253735,1,0,1,1,1,1,1,1,1,1
324,0,0,1,1,1,1,0,1,1,1,0
325,0,1,1,1,1,0,1,1,1,0,0
326,-0.233184361438145,0,0,1,1,1,1,1,1,1,0
327,0,1,1,1,0,1,1,1,1,1,0
328,-0.709035696583568,1,0,0,0,1,0,1,1,0,0
329,0,1,1,1,0,0,1,1,1,1,0
330,-0.722577927626354,1,0,0,0,0,1,1,0,1,0
331,0,0,0,1,1,0,1,1,0,0,0
332,0.994129947848249,0,1,1,1,0,1,1,1,1,1
333,1.47145377409697,1,1,1,1,1,1,1,0,1,0
334,-0.606300878336346,0,1,0,0,0,1,0,0,1,0
335,-0.140250889612404,1,1,1,1,1,1,1,1,1,0
336,0.0920248925474673,1,0,1,0,1,0,1,1,0,0
337,0,1,0,1,0,1,1,0,1,0,1
338,-1.03295181090093,1,0,0,0,0,0,0,0,0,0
339,0.460614458060801,1,1,1,1,0,0,1,1,1,1
340,0.111295744593124,1,0,1,1,0,0,1,0,0,0
341,-0.639928671690968,1,0,1,0,1,0,1,1,0,0
342,-0.164038253079537,0,1,1,0,0,1,0,1,0,0
343,0,1,0,1,1,0,0,1,1,1,0
344,-0.753571879253584,0,0,0,0,0,0,1,1,0,0
345,1.11285151817879,1,1,1,1,1,1,1,1,1,0
346,0.6428294408813,1,1,0,1,1,1,0,1,0,1
347,0,1,0,0,1,0,0,1,0,1,0
348,0,1,0,0,0,1,1,1,1,1,1
349,1.31314850734157,1,1,1,1,1,1,1,1,1,0
350,0,1,0,1,0,0,0,1,1,0,0
351,-0.1903427756171,0,0,0,1,0,1,1,1,1,0
352,0,1,0,1,1,0,1,0,1,1,1
353,1.00383769447954,1,1,1,1,1,1,1,1,0,1
354,1.59686410957906,1,1,1,1,1,1,1,1,1,0
355,-0.0186902263068759,1,0,1,0,0,1,1,1,1,0
356,-1.48831928520078,0,0,0,0,0,0,0,1,1,0
357,0,1,0,0,1,0,0,0,1,0,1
358,-0.352771876142232,1,0,1,0,0,1,1,0,1,0
359,0.113944566795684,1,0,1,1,0,1,1,1,1,1
360,0,1,0,1,1,1,0,1,1,1,0
361,-0.44764617394775,1,0,1,0,1,0,0,1,0,0
362,0,1,1,1,1,1,1,1,1,0,0
363,0,1,0,0,0,0,1,1,0,1,0
364,-0.936037004806823,0,0,0,1,0,0,1,1,0,0
365,0.821273744689502,1,1,1,1,1,1,0,1,0,1
366,-1.21536700488293,0,0,0,0,0,0,0,1,0,0
367,-2.17298000301027,1,0,0,0,0,0,0,0,0,0
368,-1.06621399670879,0,0,0,0,0,0,0,0,0,0
369,-1.34554436461127,1,0,0,1,0,0,0,0,0,0
370,0,1,0,0,1,1,0,1,0,1,0
371,0,1,0,1,0,1,0,0,1,0,1
372,0.922093804372495,1,1,1,1,1,1,1,1,1,1
373,0,0,0,1,1,0,1,0,0,0,0
374,0.0743882556188448,1,1,1,0,0,1,1,1,0,1
375,1.20121441995875,1,0,1,1,1,1,1,1,1,0
376,0,0,0,1,0,0,1,1,1,1,0
377,0.496245783678507,1,1,1,1,0,0,0,0,1,0
378,-0.178376024888777,1,1,1,0,0,1,1,1,0,0
379,0.561850799738037,1,1,1,0,1,1,1,1,1,1
380,-1.3797595704707,0,0,0,0,0,0,0,0,0,0
381,-0.653578012128501,1,0,0,0,0,0,1,1,1,0
382,0,1,0,1,0,1,1,1,1,1,0
383,-0.232631595274226,1,1,1,0,1,0,1,1,1,1
384,2.29544563337025,1,1,1,1,1,1,1,1,1,1
385,0.490820333145447,1,1,1,0,1,1,1,1,1,1
386,-0.522177265515528,1,0,0,0,1,0,0,1,0,1
387,-0.1344092579601,1,0,1,0,1,1,0,1,0,1
388,1.46617524984332,1,1,1,1,0,1,1,1,1,1
389,0,1,1,0,0,0,0,0,1,0,0
390,0,1,0,0,0,1,1,1,1,1,0
391,0,1,0,1,0,0,0,1,1,0,0
392,0,1,1,1,0,1,1,0,1,1,0
393,1.05288451382835,1,1,1,1,1,1,1,1,1,1
394,0.0878656762996733,1,0,1,0,1,1,1,0,1,0
395,0.623192630047527,1,0,1,1,0,1,1,1,1,0
396,0.908216961484297,1,1,1,1,0,1,0,1,1,1
397,1.38521441919112,1,1,1,1,1,1,1,1,1,1
398,-0.499047368832872,1,0,0,1,0,0,0,1,1,0
399,-1.49798235063917,1,0,0,0,0,0,0,1,0,0
400,-1.12921577002882,1,0,0,1,0,1,0,0,0,0
401,0,1,0,0,0,0,1,0,1,0,0
402,0.424630321455787,0,1,1,1,1,1,1,1,1,0
403,0,1,1,0,1,0,1,1,1,1,0
404,0.0190952752223649,1,0,1,1,0,1,1,0,1,0
405,0,1,1,1,0,1,0,0,1,0,0
406,0.142469308571106,1,1,1,1,0,0,1,1,1,0
407,0.180835826134735,1,1,1,1,0,0,1,1,1,0
408,-1.03852097751862,0,0,0,0,0,1,0,0,0,0
409,0.0139779780012126,1,1,1,0,1,1,1,1,0,0
410,-1.88514284603338,0,0,0,0,0,0,0,0,0,0
411,-1.38531589345922,0,0,0,0,0,0,0,0,0,0
412,0,1,0,1,0,0,1,0,1,1,0
413,1.38595621089377,1,1,1,0,1,1,1,1,1,1
414,-2.03339551677594,1,0,0,0,0,0,0,1,0,1
415,-0.155821371366543,1,0,1,1,0,1,1,1,0,0
416,1.16233153746203,1,0,1,1,1,1,1,1,1,1
417,0.147770289144964,1,0,1,1,0,1,1,0,1,1
418,2.22585264144817,1,1,1,1,1,1,1,1,1,1
419,0,1,0,1,0,0,0,0,1,1,0
420,0,0,0,1,0,0,1,1,1,0,0
421,0,1,0,1,1,0,0,1,1,1,0
422,-1.06021397598287,1,1,0,0,0,0,1,1,0,0
423,0.268198771651375,1,1,1,0,1,0,0,1,0,0
424,0.618114562141153,1,0,1,0,0,1,0,1,1,0
425,0.565414029249358,1,1,1,1,0,1,1,1,1,0
426,-0.659445349536742,1,0,0,1,1,1,0,0,0,0
427,0,1,0,1,1,0,1,0,0,1,0
428,1.59986824869497,1,1,1,1,1,1,1,1,1,1
429,-0.0206631337121514,1,1,1,0,1,1,0,1,1,0
430,0,1,0,1,0,1,1,1,1,0,0
431,0,1,1,1,0,0,1,1,1,1,0
432,-0.660527768622003,1,1,0,1,0,1,1,1,1,1
433,0.254176798340893,1,0,1,1,1,1,1,1,1,0
434,-1.35933703287072,0,0,0,0,0,0,1,1,0,0
435,0,1,0,1,0,1,1,1,0,0,0
436,0.666606682978574,1,0,1,1,0,1,1,1,1,1
437,0.949738023914655,1,1,1,1,1,1,1,1,1,0
438,0.65657221165929,1,1,1,1,1,1,1,1,1,0
439,0.71579939145096,1,1,1,1,0,1,1,1,1,0
440,0,1,0,1,1,1,1,1,1,1,0
441,0,1,0,1,0,1,1,1,1,0,0
442,0.440323383387757,1,0,1,0,1,1,1,0,1,0
443,-0.770939367567727,0,0,0,1,0,0,1,1,0,0
444,-0.609013106699539,1,0,1,0,0,1,0,0,1,0
445,1.27230319288874,1,1,1,1,1,1,1,1,1,1
446,-0.631014263986224,0,0,1,0,0,0,1,1,1,0
447,0,1,0,1,1,0,1,1,1,1,0
448,1.9206304105293,1,1,1,1,1,1,1,1,1,0
449,0,1,1,1,1,0,0,1,1,1,0
450,-0.0196949392095182,0,1,1,1,0,1,0,1,1,1
451,-0.606812736682723,0,1,0,1,0,0,0,1,0,1
452,0.0138493565592915,1,1,1,1,0,0,1,1,1,1
453,1.26690699256772,1,1,1,0,0,1,1,1,1,0
454,0.138200926194922,1,0,1,1,1,1,1,1,1,0
455,-0.350021574792424,1,0,1,1,1,1,0,1,1,0
456,-1.53835574305493,1,0,0,0,0,0,1,1,0,0
457,-0.571608992650112,1,1,0,1,1,0,0,1,0,1
458,0.507435358123068,0,0,1,1,0,0,1,1,0,1
459,0.370194986192461,1,0,1,1,1,0,1,1,1,0
460,1.19149160612628,1,1,1,1,1,1,1,1,1,1
461,0,0,0,1,0,1,1,0,1,1,0
462,-0.517572811045314,1,1,0,0,1,0,1,1,0,1
463,0.567668659142221,1,1,1,0,1,0,1,1,1,0
464,0,1,1,1,0,0,1,1,0,0,1
465,-0.19034006543377,1,0,1,1,0,0,0,0,1,0
466,-1.33967882463007,1,0,0,0,0,1,0,1,0,0
467,0,1,1,1,1,1,1,0,1,0,0
468,0,0,0,1,0,0,0,1,0,1,0
469,-1.61009272263495,0,0,0,0,0,1,1,0,1,0
470,0,1,0,1,1,0,1,0,0,1,1
471,0.601657322843672,1,1,1,1,0,1,1,1,1,0
472,-0.115636222192594,0,0,0,0,0,0,0,1,1,1
473,0,1,0,0,1,0,1,0,1,1,0
474,-1.52979294364031,0,0,0,0,0,0,0,0,0,0
475,1.00725127017134,1,0,1,1,1,1,1,1,1,0
476,0,1,1,1,1,0,1,1,0,1,0
477,-0.811249556399134,1,1,0,0,0,0,0,1,0,1
478,1.6946381217409,1,1,1,1,1,1,1,0,1,1
479,0,1,1,1,0,1,0,1,0,0,1
480,0.110646725409365,1,0,1,0,0,1,1,0,0,0
481,-1.4630907535885,0,0,0,1,0,1,1,0,0,0
482,0.746594648817803,1,1,1,1,1,1,1,1,1,0
483,0.416971399841767,1,0,1,0,1,1,1,1,0,0
484,0,1,0,1,1,0,1,0,1,0,0
485,0,1,1,1,0,0,0,0,0,0,0
486,0,0,0,1,0,0,0,1,0,1,0
487,0,0,0,1,0,0,0,1,1,1,0
488,0,1,1,1,0,1,0,1,1,1,0
489,0,1,1,0,1,1,0,1,1,0,1
490,-0.706747206733756,1,0,0,0,0,1,1,0,1,0
491,0,1,0,1,0,1,0,1,1,1,1
492,0,0,1,1,1,0,1,1,1,0,1
493,0,1,1,1,0,0,1,1,1,1,0
494,-0.375264461486026,1,0,1,0,0,1,0,0,1,0
495,3.16535217115706,1,1,1,1,1,1,1,1,1,1
496,0,1,0,0,1,1,0,1,0,1,0
497,0,1,0,0,0,1,1,0,1,0,0
498,0,1,1,1,0,1,1,0,1,0,0
499,0.381832947185302,1,1,1,0,0,1,1,0,1,0
500,-0.634012892072318,1,0,0,0,0,0,1,1,0,0
501,0,1,0,1,1,1,0,1,1,0,0
502,0,1,0,0,0,0,1,0,1,0,0
503,2.69224885705491,1,1,1,1,1,1,1,1,1,1
504,-0.618540407967668,0,0,1,1,1,1,1,0,0,0
505,0.206548602575207,1,0,1,0,0,1,1,1,0,0
506,0,1,1,1,1,1,0,1,1,0,0
507,-0.640932134495772,0,1,1,0,1,0,1,0,0,0
508,-1.06217746894415,0,0,0,0,0,0,0,0,0,0
509,-0.0766565996870676,1,0,1,0,1,1,1,0,1,0
510,1.00317459396686,1,0,1,1,1,1,1,1,1,0
511,1.04362290871738,1,1,1,1,0,1,1,1,1,1
512,0.715318615478029,1,1,1,1,1,1,1,1,1,0
513,0,1,1,1,0,1,1,1,1,0,1
514,0.362640758534282,1,1,1,1,0,1,0,1,1,0
515,1.40654998119046,1,1,1,1,1,1,1,1,1,1
516,-2.92594281529061,0,0,0,0,0,0,0,0,0,0
517,2.31982160062921,1,0,1,1,1,1,1,1,1,1
518,-1.16408611446237,0,0,0,1,0,0,0,0,1,0
519,-0.750520077278526,0,0,0,0,0,0,1,0,0,0
520,0.247033541662319,1,1,1,0,0,0,1,1,1,0
521,0,1,1,1,0,0,0,1,1,1,0
522,-0.847024402728736,1,0,0,0,0,0,0,1,0,0
523,0.931700382165749,1,1,1,1,1,0,1,1,1,1
524,-0.84618906410909,0,0,1,1,1,0,0,0,0,0
525,0,1,0,1,0,0,1,1,1,1,0
526,0,1,0,1,1,0,1,1,0,0,1
527,-1.32220783144917,0,0,0,0,0,0,0,0,0,0
528,-0.225216175815431,1,0,1,0,0,1,1,1,0,0
529,2.22104047491694,1,1,1,1,1,1,1,1,1,1
530,1.38166427749806,1,1,1,1,1,0,1,1,0,0
531,0.326294203158059,1,0,1,0,1,0,1,0,1,1
532,1.23914105213347,1,1,1,1,1,1,1,1,1,1
533,0.452593420351717,1,0,1,1,0,0,1,1,1,0
534,0,1,1,0,0,1,1,0,1,0,0
535,2.53805062158019,1,1,1,1,1,1,1,1,1,1
536,0,1,0,0,0,1,0,1,1,0,0
537,0.788089384236691,1,1,1,0,1,1,1,1,1,1
538,-0.17692148895513,1,1,1,1,0,0,1,1,1,0
539,0.785117408172403,1,1,1,1,1,1,1,1,1,0
540,0.0463271936237955,1,1,1,1,1,0,1,1,1,0
541,0.907353350133419,1,1,1,1,0,1,1,1,0,1
542,0,0,1,1,0,0,1,0,1,1,0
543,0,1,0,1,1,0,1,1,0,0,1
544,0,1,1,1,0,0,0,1,1,1,1
545,-1.13818009133145,0,1,0,1,0,0,0,0,1,0
546,0,1,1,1,1,0,0,1,1,1,0
547,-0.634508638185462,0,1,0,0,0,0,0,1,0,0
548,-1.72564914666934,0,0,0,0,0,0,0,0,0,0
549,2.17287408793853,1,1,1,1,1,1,1,1,1,0
550,0,0,1,1,0,0,1,1,0,0,0
551,0.873847244365372,1,1,1,1,1,0,1,1,1,0
552,-0.961088604461206,1,0,1,1,0,0,1,0,0,0
553,0.782063081883006,1,1,1,1,1,1,1,1,1,0
554,0.126567697779701,1,1,1,0,1,0,1,1,1,0
555,0,0,0,1,1,1,1,1,0,1,0
556,0.561993687886899,1,1,1,0,1,1,1,1,1,1
557,-0.611953467498472,0,0,1,1,0,0,1,1,1,0
558,0.595895992826608,1,1,1,0,1,1,1,0,1,1
559,-0.338372217270748,1,0,0,1,0,0,1,1,1,0
560,0,1,0,1,0,1,0,1,0,1,0
561,-1.04221300801492,1,0,0,0,1,1,0,0,1,0
562,-0.395040878136694,1,0,0,1,0,1,0,1,0,0
563,0,1,0,1,0,1,1,0,1,1,0
564,0.252018664549226,1,0,1,1,0,1,1,1,1,1
565,0.666242900488594,1,1,1,1,1,1,1,0,1,1
566,0,1,1,1,1,0,0,1,0,1,0
567,0,1,0,1,1,0,0,1,1,1,1
568,0.310986962446241,1,0,1,1,0,1,0,0,1,0
569,0,1,1,0,1,1,1,1,1,1,0
570,-0.386983650584029,1,1,1,0,0,1,1,1,1,0
571,0,1,0,1,1,1,1,1,0,0,0
572,0.46314542649418,1,1,1,0,0,1,1,1,1,0
573,-0.0955568221066256,0,0,1,1,1,1,1,1,1,0
574,-0.0830158782421374,1,1,0,1,0,0,0,0,0,0
575,-0.0578412646679274,1,0,1,0,0,0,0,1,0,0
576,0.987237549991852,1,1,1,0,1,0,1,1,1,0
577,0.173861190562556,1,1,0,1,1,1,0,1,1,0
578,-0.817890695467349,0,0,1,0,0,1,0,0,1,0
579,-1.41200351742602,0,0,0,0,0,0,0,1,0,0
580,0,1,1,1,0,1,1,0,1,1,0
581,-0.437480580241912,1,0,1,0,0,1,1,0,0,1
582,-0.924583942989976,0,0,0,0,0,0,0,0,1,0
583,-0.282169606182987,1,1,0,0,1,0,1,0,1,0
584,0,1,0,1,0,0,0,1,1,1,0
585,-2.32190033884926,0,0,0,0,0,0,0,0,0,0
586,0.554924678224308,1,1,1,1,0,1,0,0,1,1
587,1.62138970167501,1,1,1,1,1,1,1,1,1,1
588,0.733437396109885,1,1,1,1,1,1,1,1,1,1
589,0,1,1,1,1,0,0,1,0,1,0
590,-1.44948739397464,0,1,0,0,0,0,0,0,0,0
591,0.192351384573103,1,0,1,1,1,1,1,1,1,1
592,0.795757396534188,0,0,1,1,1,1,1,1,1,1
593,1.2498964007715,1,1,1,0,0,1,1,1,1,1
594,0,0,0,1,1,0,1,0,1,0,0
595,0,1,0,1,0,0,0,0,1,0,0
596,0.440858712844016,1,0,1,1,0,1,1,1,0,0
597,0,1,1,1,0,0,0,1,0,0,0
598,1.3859456542702,1,1,1,0,1,1,1,1,1,1
599,1.51189638934974,1,1,1,1,1,1,0,1,1,1
600,0,1,1,1,0,0,1,1,1,0,0
601,1.20618843098781,1,0,1,1,1,1,1,1,1,1
602,0,1,0,0,1,1,1,1,0,1,0
603,1.12699765019677,1,1,1,1,1,0,1,1,1,0
604,-0.636665428244632,0,0,0,1,0,1,1,1,1,0
605,-0.180595382944041,1,0,0,1,0,1,1,1,0,1
606,0.0118002913249762,1,0,0,1,0,0,1,1,0,0
607,0,1,0,1,0,1,1,0,1,1,0
608,1.18326312791494,1,1,1,1,1,1,1,1,0,1
609,-0.743422913979924,1,0,1,0,0,0,1,1,0,0
610,0.092839325174705,0,0,1,0,0,1,1,0,0,0
611,0.860125402948054,1,1,1,0,1,1,0,1,1,1
612,-0.732588392224735,0,1,0,0,0,0,0,0,0,0
613,-0.598060445068829,0,0,1,0,0,0,0,1,0,0
614,0,1,0,0,1,0,0,1,0,0,0
615,-2.48612534771336,0,0,0,0,0,0,0,0,0,0
616,1.66633355507489,1,1,1,1,1,1,1,1,1,1
617,0.695063258247549,1,0,1,1,0,0,0,1,1,1
618,1.05188299577427,1,1,1,1,0,1,1,1,1,1
619,0,1,0,1,1,0,1,1,1,1,0
620,0.695571367513483,1,1,1,1,1,0,1,1,1,0
621,0,1,0,1,0,0,1,0,1,1,1
622,0,1,0,1,0,0,0,1,1,0,0
623,0,0,0,1,0,0,0,0,1,0,0
624,-0.639580814502554,0,0,1,0,0,0,0,0,1,0
625,0,1,0,1,0,0,1,1,0,0,0
626,-0.601314338972789,0,0,1,0,0,1,1,1,1,1
627,-0.549199354238982,1,0,1,1,0,0,1,1,1,0
628,1.27453465821443,1,1,1,1,1,1,1,1,1,1
629,1.33950164960115,1,1,1,1,1,1,1,1,1,1
630,0,1,1,1,0,0,0,1,1,1,0
631,-1.11484230772313,1,0,0,0,0,1,0,0,0,0
632,-0.235900952904474,1,1,1,0,1,0,0,1,1,0
633,-0.650228568613392,1,0,0,0,0,1,1,0,1,0
634,0,1,1,1,1,0,1,1,0,0,1
635,-0.986643640489306,0,1,0,0,0,0,1,0,0,0
636,-0.446519841006174,0,0,1,1,0,0,1,0,0,0
637,2.13066786830693,1,1,1,1,1,1,1,1,1,1
638,0.238790967224114,0,0,1,1,1,1,0,1,1,0
639,0.349806058335191,1,1,1,0,0,1,1,1,0,0
640,-1.29701482282209,0,0,0,0,0,0,0,0,0,0
641,0,0,1,1,0,1,1,1,1,1,1
642,-0.394804312713325,0,0,1,0,0,0,0,1,1,0
643,0.51004286388908,0,1,1,1,1,1,0,1,0,0
644,0.686185120840279,1,0,1,1,1,1,1,0,1,1
645,-1.15893534598727,0,0,1,0,0,0,0,0,1,1
646,0,1,1,1,0,0,0,1,1,0,0
647,1.96680221692295,1,1,1,1,1,1,1,1,1,1
648,-0.407220442448225,0,0,0,1,0,1,0,0,0,0
649,0.325608519668956,1,1,1,1,1,1,1,1,1,0
650,0.336370235526813,1,1,1,1,1,1,1,1,1,0
651,-0.61177648790463,1,1,1,0,0,1,0,1,1,0
652,-0.460977459658987,0,1,1,1,0,0,1,0,0,0
653,-0.65023372929763,1,0,0,0,0,1,1,0,0,0
654,1.05168700063222,1,0,1,0,1,1,1,1,1,1
655,0.0279465980020526,1,0,1,0,0,0,0,0,0,1
656,0,1,0,1,1,1,1,1,0,0,0
657,0.547021872273615,1,1,1,1,0,1,1,1,1,0
658,0,1,0,1,1,1,0,0,1,1,0
659,0.184641305258435,1,0,1,0,1,1,1,1,1,0
660,0,1,0,1,0,0,1,1,1,0,0
661,0.418059914364163,1,0,1,0,0,1,1,1,1,1
662,0,1,1,0,1,0,1,1,0,1,0
663,0,0,0,1,0,0,0,1,1,1,0
664,0,1,1,1,1,1,0,0,1,1,0
665,0,1,0,1,0,0,1,1,1,0,0
666,-1.49753648674635,0,0,0,0,1,0,0,0,0,0
667,0.243968714296958,0,1,1,0,1,1,1,0,1,0
668,0,1,0,1,0,0,1,1,1,1,1
669,-0.0232348985546143,0,1,1,1,1,1,0,0,1,0
670,0,1,0,0,1,1,1,0,0,1,0
671,0,0,0,1,0,1,1,1,1,0,0
672,-1.74677132408394,0,0,0,0,0,1,0,0,0,0
673,2.59643023522863,1,1,1,1,1,1,1,1,1,1
674,0,1,0,1,1,0,1,0,0,0,1
675,0,1,0,1,1,0,1,1,1,1,0
676,0,1,1,1,1,0,0,0,1,1,0
677,0,1,1,1,1,0,1,1,0,1,0
678,0,1,0,1,0,1,0,0,0,1,0
679,0,1,1,1,1,0,0,0,0,1,1
680,0.105947650393139,0,0,1,0,1,1,1,1,1,0
681,-0.726178686360124,1,0,0,1,1,0,1,0,1,0
682,0,1,1,1,1,1,0,1,0,0,0
683,-0.313851920400862,1,0,1,1,0,1,1,0,0,0
684,0,0,0,1,0,1,0,0,0,1,0
685,0.447417666952777,1,0,1,1,0,0,1,1,0,0
686,-0.0529535858359565,1,1,1,1,0,1,1,1,1,0
687,0,1,0,1,1,0,1,1,1,1,0
688,-0.908762910752837,0,0,0,0,0,0,1,0,0,0
689,0,1,0,1,1,0,1,1,1,0,0
690,0.709558381698979,1,0,1,1,1,1,1,0,1,0
691,0,1,1,0,1,1,0,1,1,1,0
692,0,1,0,1,1,0,0,1,1,1,0
693,0,1,1,1,1,0,1,1,1,0,0
694,1.8746718070389,1,1,1,1,1,1,1,1,1,1
695,1.27526211686785,1,1,1,1,1,1,1,1,1,0
696,0.559360972756528,1,1,1,1,1,1,0,1,1,0
697,-0.599270319283931,1,0,1,0,0,1,1,1,1,0
698,0,1,1,1,0,0,1,1,1,1,0
699,-0.204102981987073,0,0,1,1,0,1,1,1,1,0
700,-1.85382670102603,0,0,0,0,0,0,0,0,0,0
701,0,0,1,1,0,1,0,0,1,1,1
702,0,1,0,1,0,1,0,1,1,1,0
703,-0.568378474086746,1,0,0,0,1,0,1,0,0,1
704,0.956865748732244,1,0,1,0,1,1,1,1,1,1
705,0,0,0,1,1,0,1,1,1,0,0
706,0.45204621916819,1,1,1,0,1,1,1,1,1,0
707,0,1,0,1,0,1,0,0,1,1,0
708,-1.33429327137222,0,0,0,0,0,0,0,0,1,0
709,0,1,0,1,1,1,0,0,0,1,0
710,0,1,1,1,0,0,1,1,1,0,0
711,-0.915408254900349,0,0,1,0,0,1,1,0,0,0
712,0.70872572871874,1,0,1,0,1,1,1,0,0,0
713,0,1,0,1,0,0,1,1,1,1,0
714,0,1,1,1,1,0,1,0,1,0,0
715,0,1,1,1,0,0,0,1,1,1,0
716,-0.973612699625642,1,0,0,0,0,1,1,0,1,0
717,0,1,0,1,0,1,1,1,1,1,0
718,-0.874236920711376,0,0,0,0,0,0,1,0,1,0
719,-0.832521857057988,0,0,1,0,0,0,1,0,0,0
720,-1.73711704509895,0,0,0,0,0,0,0,0,0,0
721,0.556625874150647,1,1,1,1,1,1,1,0,0,1
722,0,1,1,1,1,0,1,1,1,0,1
723,0.928826424461901,1,1,1,1,1,1,1,1,1,1
724,0,1,1,1,0,0,0,1,1,1,0
725,0,1,0,1,1,0,0,1,1,1,0
726,-0.353187972271273,1,1,1,0,0,1,1,1,1,0
727,-0.265545632855282,1,0,1,0,0,1,0,0,0,0
728,-0.95446646682304,1,0,0,0,0,0,1,0,0,0
729,0,1,1,1,0,0,1,1,1,1,1
730,0,1,0,0,1,1,1,1,1,1,0
731,0,1,1,1,1,1,0,1,0,0,0
732,-1.17294173840636,1,0,0,0,0,0,0,0,0,0
733,0,1,1,1,1,1,1,1,0,1,0
734,0,0,0,1,1,1,1,1,1,1,0
735,1.13235976599593,1,0,1,1,1,1,1,1,1,1
736,0,1,1,1,1,1,1,1,1,1,0
737,-1.07419161864377,1,0,0,0,0,0,1,1,0,0
738,0,1,1,1,1,0,1,1,1,1,0
739,-0.188299661545815,1,1,0,1,0,0,1,0,0,0
740,1.07528851387856,1,1,1,1,1,1,1,1,1,1
741,0,1,0,1,1,0,1,1,1,1,0
742,0.218245473694879,0,0,1,0,0,1,1,1,1,1
743,-0.0923521613493884,1,1,1,1,0,0,0,0,0,0
744,-0.700003319035304,1,1,1,1,0,1,0,1,0,1
745,-0.163559357812403,1,1,1,1,0,1,1,1,0,0
746,0,1,0,1,0,0,0,1,1,1,0
747,-1.45561813575852,0,0,0,0,0,0,0,0,0,1
748,0,1,0,1,1,0,1,1,1,1,0
749,-0.798549905100707,1,0,1,0,0,0,1,0,1,1
750,0,1,0,1,0,0,1,1,1,1,1
751,0,1,0,1,0,0,0,1,1,1,0
752,0,1,1,0,1,0,1,0,1,1,0
753,0.164116625949617,0,1,1,1,1,1,1,1,1,0
754,-0.73615694493714,1,0,1,0,0,0,1,1,0,0
755,0,1,0,1,0,0,1,1,1,1,0
756,0,1,1,1,0,0,1,0,1,1,0
757,-0.140087866477459,1,1,1,1,1,1,0,0,1,0
758,0.679117574891835,0,0,1,1,1,1,1,1,1,0
759,1.04485872312088,1,1,1,1,1,1,1,1,1,0
760,-0.979141434300967,0,0,1,0,0,0,1,0,0,0
761,0.827607845236286,1,1,1,1,1,1,1,1,1,1
762,0,0,1,1,0,0,0,1,1,1,0
763,0,0,1,1,0,0,0,0,1,1,0
764,0,1,1,1,1,1,0,0,1,0,0
765,0,0,0,1,0,1,1,1,1,1,1
766,0.241171053153977,1,0,1,0,0,1,1,1,1,1
767,-2.42522185589169,0,0,0,0,0,0,0,0,0,0
768,-0.821388330803241,1,1,0,0,0,0,0,1,0,0
769,0,0,0,1,1,1,1,0,1,1,0
770,0,1,0,1,1,1,1,1,1,1,1
771,0,1,0,1,1,1,1,1,1,1,0
772,0.152772438050101,1,0,1,1,0,1,1,0,1,0
773,0,1,0,1,1,1,0,0,0,1,0
774,0.381084962214008,1,0,1,1,0,1,0,1,1,1
775,1.63022493800185,1,1,1,1,1,1,1,1,1,1
776,0,1,0,1,1,1,0,1,1,1,0
777,-1.33368829967047,1,1,0,0,0,1,0,0,1,0
778,-0.420048857277718,0,1,0,0,0,1,1,0,0,0
779,-1.58230372134357,0,0,0,0,0,0,0,0,0,0
780,0.679869155005492,0,1,1,1,0,1,1,1,0,1
781,0,1,1,0,0,1,0,1,1,1,0
782,0.821438565093366,1,1,1,1,0,1,1,1,1,1
783,-0.30399572824138,1,0,1,0,0,0,1,0,0,0
784,-0.164289195118484,0,1,1,1,1,0,1,1,1,0
785,0.0412292955816953,1,0,0,0,1,1,1,1,1,0
786,-0.56600461480042,1,0,1,0,1,0,1,1,1,0
787,0,0,0,0,1,1,0,0,1,0,0
788,0.227512280020944,1,1,1,0,1,1,1,1,0,1
789,1.00635734140913,1,0,1,1,1,1,1,1,1,0
790,-1.45563100198975,1,0,0,0,0,0,0,0,0,0
791,-0.662774481103828,0,1,0,0,0,1,0,0,1,0
792,0,1,0,0,0,1,1,1,0,0,0
793,0,1,0,1,0,0,1,1,1,0,0
794,0.306645334866846,1,0,1,0,0,1,1,1,0,0
795,0.961609674489691,1,1,1,0,1,1,1,1,1,1
796,0.209150851308796,0,1,1,0,1,1,1,0,0,1
797,0.64633523395586,0,0,1,0,0,1,1,0,1,0
798,-2.61470490897359,0,0,0,0,0,0,0,0,0,0
799,0,1,0,1,1,1,0,0,1,1,0
800,0,1,1,0,1,1,0,1,0,0,0
801,-0.270677397691984,0,0,1,1,1,1,0,1,0,1
802,-0.176377150503992,1,1,1,0,1,1,1,0,1,0
803,-1.90416309155466,0,0,0,1,0,0,0,0,0,0
804,1.25420710529422,1,1,1,1,0,1,1,1,1,1
805,-0.447051955720074,0,0,0,0,1,0,1,1,0,0
806,0.423779373916485,1,0,1,0,1,1,1,1,1,1
807,-1.13271694829919,1,1,0,0,0,0,0,0,0,0
808,0,1,0,1,1,0,0,0,1,0,1
809,0,1,0,1,0,0,1,1,0,1,0
810,0,1,0,1,0,0,1,1,1,1,0
811,0.490691652795709,1,1,1,1,1,0,0,1,1,0
812,0,1,1,1,0,1,1,1,1,1,0
813,-0.377907571599213,1,1,0,0,1,1,0,0,1,0
814,-1.39337489296643,0,1,0,0,0,0,0,1,0,0
815,-0.721510764740518,0,0,1,0,0,0,0,1,1,0
816,0,1,0,1,0,1,1,1,1,1,0
817,1.0122465601747,1,1,1,1,1,1,1,1,1,0
818,0.90863015092896,1,1,1,1,1,1,1,1,1,0
819,0.201038190479866,0,1,1,1,0,1,1,1,1,0
820,0,1,1,1,0,0,1,1,1,0,1
821,-0.510496924400136,1,1,0,0,1,1,0,1,1,0
822,0,1,0,1,0,0,1,0,1,0,0
823,0,1,1,1,1,0,0,0,1,1,1
824,0.397971509182399,1,1,1,0,0,1,1,1,1,0
825,0.217144839303278,1,1,1,1,1,0,1,1,1,1
826,0,1,1,1,0,1,1,0,0,1,0
827,-1.04331890207046,1,1,0,0,0,0,0,0,1,0
828,0,1,1,1,0,1,0,1,0,1,0
829,0,1,1,1,0,0,0,1,1,1,0
830,1.04150603776386,1,1,1,1,0,1,1,1,1,1
831,0.629005963760213,1,0,1,1,1,1,1,1,1,0
832,-0.432824734184613,0,0,1,0,0,0,1,0,0,0
833,0.375687158162454,1,0,1,1,1,1,1,1,1,0
834,0,1,0,1,0,1,1,1,0,1,0
835,1.49733934202293,1,1,1,1,1,1,1,1,1,0
836,0.322837838623878,1,0,0,1,0,1,1,1,1,0
837,-0.199561701668214,1,1,0,0,0,0,0,1,0,1
838,-1.32141660265483,0,0,0,0,0,0,0,1,0,0
839,2.13306050767004,1,1,1,1,1,1,1,1,1,1
840,0,0,0,0,0,0,1,1,1,0,0
841,-0.821788609533445,0,1,0,0,0,1,1,0,0,0
842,0,1,1,1,0,0,1,1,0,0,0
843,-0.587838390048866,0,0,1,0,0,0,0,0,0,0
844,-0.700650142847949,1,1,1,0,0,0,1,1,0,0
845,0.553074927864034,1,1,1,1,0,1,1,1,0,1
846,1.55473726566387,1,1,1,1,1,1,1,1,1,0
847,0,1,0,1,1,1,1,0,1,1,0
848,0,1,1,1,0,0,0,1,1,0,0
849,-0.438112002796721,1,0,1,0,0,0,0,1,1,0
850,-1.41194246367546,0,0,0,0,0,0,0,0,0,0
851,0,0,0,0,0,1,1,1,1,0,1
852,0,1,1,1,1,0,0,0,1,1,0
853,1.85261586029791,1,1,1,1,1,1,1,1,1,1
854,-0.307064741470602,1,0,0,0,0,0,0,0,1,0
855,-0.353334025547884,0,1,1,1,0,1,0,0,1,0
856,-1.73566916461409,0,0,0,0,0,0,0,0,0,0
857,0.637550562135582,1,0,1,0,1,1,1,1,1,0
858,-0.422253776733039,1,0,1,0,0,0,1,1,1,0
859,0,1,1,1,0,0,0,0,0,1,1
860,-0.517577917532571,0,1,1,0,0,0,1,1,1,0
861,0.110646725409365,1,1,1,0,1,1,1,1,0,0
862,1.38633985168897,1,0,1,1,1,1,1,1,1,0
863,1.82311788954566,1,1,1,1,1,1,1,1,1,1
864,0.995567245348656,1,1,1,1,1,0,1,1,0,1
865,-0.112967625026747,1,1,1,1,0,0,0,1,1,0
866,0,1,0,1,0,0,0,1,1,1,0
867,1.2508348230206,1,0,1,0,1,1,1,1,1,0
868,0,0,0,0,0,0,0,1,1,0,0
869,1.93600016638576,1,1,1,1,1,1,0,1,1,1
870,1.05168796957042,1,1,1,0,0,1,1,1,1,1
871,0.490638258251627,1,1,1,1,1,0,1,1,1,0
872,0.407132835324251,1,0,1,1,0,0,1,0,1,0
873,0,1,1,1,0,0,0,1,1,1,0
874,0.307021262924243,1,0,1,0,1,0,1,0,1,0
875,0.571104742344515,1,1,1,1,0,1,1,1,1,0
876,-0.430148888947262,0,0,0,1,0,0,0,1,0,0
877,0,1,1,1,1,0,1,1,1,0,1
878,0,1,0,1,0,1,1,1,1,0,0
879,0.289677369158475,1,0,1,0,0,0,0,1,0,1
880,-1.25511138931986,1,0,0,0,0,0,1,1,0,0
881,-1.24525546363983,0,0,0,0,0,0,0,1,0,0
882,-1.26084243681383,0,0,0,1,0,0,0,0,1,0
883,-0.270507165348935,1,0,1,0,0,0,1,0,1,0
884,-0.325902469400183,1,0,0,0,0,1,1,1,0,0
885,-1.62846722205107,1,0,0,0,0,0,1,0,0,0
886,-1.11097481215351,1,0,0,0,0,0,0,1,1,0
887,-0.499819279150919,0,0,1,1,1,1,0,0,1,1
888,1.06484720812348,1,1,1,1,1,0,1,1,0,0
889,2.52798705561239,1,1,1,1,1,1,1,1,1,1
890,0,1,0,1,0,1,0,1,0,0,0
891,0.630962713107019,0,1,1,1,1,1,1,0,1,0
892,0,0,1,1,1,0,0,1,0,1,0
893,-0.798913549056285,1,0,0,0,0,0,0,0,0,0
894,-0.688965733594235,1,0,0,1,1,1,0,0,0,0
895,0,1,1,0,0,0,1,1,1,1,0
896,0.299267343418221,0,0,1,1,1,1,1,1,1,0
897,0,1,0,1,0,0,1,1,0,1,0
898,-0.824786834467764,0,0,1,0,0,1,0,1,0,0
899,0,1,0,1,1,0,1,0,1,0,0
900,1.66650878030831,1,1,1,1,1,1,1,1,1,1
901,1.21077742494032,1,1,1,1,1,1,1,1,1,1
902,-1.41298231854334,1,0,0,1,0,0,1,1,0,0
903,0.991442847347649,1,1,1,1,1,1,0,1,1,0
904,0.64282242674193,1,0,1,1,1,1,1,1,1,1
905,0.669272872250425,1,0,1,1,0,1,1,1,1,1
906,0.213776875874388,1,0,1,1,1,1,0,1,1,1
907,0,1,1,1,0,0,1,1,1,0,1
908,-0.11629081449121,1,0,1,1,0,1,1,1,0,0
909,0.39176193123774,1,1,1,1,0,0,1,1,0,0
910,-1.99511714645916,0,0,0,0,0,1,0,0,0,0
911,0,1,1,0,0,1,0,1,1,1,0
912,0,1,1,0,1,0,1,1,1,0,0
913,0.858209712801139,1,1,1,0,0,1,1,1,1,1
914,0.50487152817419,1,0,1,1,1,1,1,1,0,1
915,-2.25736582817421,1,0,0,0,0,0,0,0,0,0
916,2.59724084873388,1,1,1,1,0,1,1,1,1,1
917,0.27612917375945,1,0,1,1,1,1,1,0,1,0
918,2.13488247900111,1,1,1,1,1,1,1,1,1,1
919,0.426734780256772,1,1,1,1,1,1,1,1,1,1
920,-0.122025339593655,1,0,1,0,1,1,1,1,0,0
921,0,1,0,1,1,0,0,0,1,1,0
922,0,1,0,1,1,0,0,1,1,1,1
923,1.1586720105871,1,1,1,1,1,1,1,1,1,1
924,0.0197651732760998,1,1,1,1,0,0,1,1,1,0
925,-0.962007554205566,1,0,0,1,0,0,0,0,0,0
926,-0.0899054562361911,1,1,0,0,0,1,0,0,1,0
927,0,1,0,1,1,0,1,0,1,1,0
928,0.0711493772003316,1,0,1,0,1,1,0,0,1,1
929,0,1,0,0,1,0,0,0,1,1,0
930,0.380352573538329,1,0,1,1,1,0,0,1,1,0
931,-0.499533363850287,1,0,1,0,0,0,0,1,0,0
932,0,1,0,1,1,0,0,0,1,1,1
933,0.745830810672417,1,0,1,1,0,1,1,1,1,1
934,1.59853613415672,1,1,1,1,1,1,1,1,1,0
935,-1.98075608029247,0,0,0,0,0,0,0,0,0,0
936,-0.352610665385441,0,0,0,1,0,0,0,1,0,0
937,1.19440729318754,1,1,1,1,1,1,1,1,1,1
938,0,1,0,1,0,0,0,0,1,1,1
939,0.59606881615339,1,1,1,1,0,1,1,1,1,1
940,0,0,1,1,1,0,1,0,0,0,1
941,0,0,0,1,0,0,1,1,1,1,0
942,-1.47530042130522,0,0,0,0,0,0,0,0,0,0
943,0.206463951477935,1,0,1,0,1,1,1,1,1,0
944,0,1,1,0,0,0,1,1,1,1,0
945,0.0161485318506485,1,1,1,1,0,0,1,0,1,0
946,0,1,0,1,0,1,0,1,0,1,0
947,0,1,1,1,0,1,0,0,1,1,0
948,-0.161254167782034,1,0,1,1,1,0,1,0,1,1
949,0.122476421819396,1,1,1,1,0,0,0,1,1,0
950,0,1,0,1,0,0,0,1,1,1,0
951,2.76452161407297,1,1,1,1,1,1,1,1,1,1
952,0.821440470521837,1,1,1,0,0,1,1,1,1,1
953,-0.643407717879713,1,0,1,1,0,0,0,0,1,0
954,0,1,1,1,0,0,1,1,1,0,0
955,1.53006480079511,1,1,1,1,1,1,1,1,1,1
956,1.60201008010165,1,1,1,1,1,1,1,1,1,1
957,-0.621534852598664,1,0,1,0,0,1,0,1,1,0
958,-0.251381004180425,1,0,1,0,0,1,1,0,1,0
959,0.131603534257289,1,1,1,0,0,1,0,1,0,1
960,0.18763872428816,1,0,1,0,0,0,0,1,1,0
961,-0.206384950407723,1,0,1,1,0,0,0,1,0,0
962,-1.42170337640825,0,0,0,0,0,1,0,1,0,0
963,-0.12970185553303,1,0,0,0,0,0,0,0,0,0
964,0,1,0,1,1,0,1,0,1,0,0
965,-0.977276907069607,0,0,0,0,0,0,1,1,0,0
966,0.973215097060458,1,1,1,1,0,1,1,1,0,1
967,-0.0198042162873202,0,0,0,0,1,1,1,0,1,0
968,0.477881630091063,1,0,0,1,1,1,0,1,1,1
969,1.11140905681651,1,1,1,1,1,1,1,0,1,1
970,0,1,0,1,1,0,1,0,1,0,1
971,-1.19995512609029,0,0,0,1,0,1,0,0,0,0
972,0,1,0,1,0,0,0,1,1,1,0
973,0.835945872000238,1,1,1,0,1,1,1,1,1,1
974,-0.993846740199934,0,0,1,0,0,1,1,1,0,0
975,-0.839749700747927,1,1,0,0,0,0,0,0,1,0
976,-1.28096740537162,0,1,0,0,0,0,1,0,1,0
977,-1.76613526054283,0,0,0,0,0,0,0,0,0,0
978,0.328406359821637,1,0,1,1,1,1,1,1,1,0
979,0,0,0,1,0,0,1,1,1,1,0
980,1.30250258349074,1,1,1,1,1,1,1,1,1,0
981,0.357577270113339,1,1,1,1,1,0,1,1,1,0
982,-1.10765161809522,1,0,0,0,0,0,0,0,0,0
983,0.562425363519158,1,1,1,1,0,1,0,0,1,0
984,1.02860182418306,1,1,1,1,1,0,1,1,1,1
985,0,1,1,0,1,0,0,1,1,0,0
986,-1.75794349024267,0,0,0,0,0,0,0,0,0,0
987,-0.522646016848175,1,0,1,1,0,1,0,0,1,0
988,-0.730884008472906,1,1,0,0,1,0,0,1,0,0
989,0,1,0,1,1,1,1,1,1,0,1
990,0,1,0,1,0,0,1,1,1,0,1
991,0,1,0,1,0,1,1,1,0,1,1
992,0.496610844734877,1,0,1,1,0,1,1,1,1,0
993,0.602820485352578,1,1,1,1,0,1,1,0,1,0
994,0,1,1,1,0,0,1,1,1,1,0
995,0,1,0,1,0,0,1,1,0,1,0
996,0.782066897145418,1,1,1,0,1,1,1,1,1,0
997,0.873011288456,1,1,1,1,0,0,1,1,0,1
998,0.722748752912506,1,1,1,1,1,1,0,1,1,1
999,0,1,0,1,0,1,1,1,1,1,0
1000,0.373198015505864,1,1,1,1,1,1,1,0,0,1
