"ID","Theta","Item1","Item2","Item3","Item4","Item5","Item6","Item7","Item8","Item9","Item10","Item11","Item12","Item13","Item14","Item15","Item16","Item17","Item18","Item19","Item20","Item21","Item22","Item23","Item24","Item25","Item26","Item27","Item28","Item29","Item30"
1,0.317181538871003,1,0,1,0,1,1,1,1,1,1,1,0,0,1,1,1,0,1,1,0,0,0,0,1,1,0,0,1,0,1
2,-1.22070947382416,1,0,0,0,0,0,0,0,1,1,0,0,0,1,1,0,0,0,0,0,0,0,0,0,0,0,0,0,0,0
3,0.0245994240168923,1,0,1,0,0,1,0,0,0,1,0,1,0,1,1,1,0,1,1,0,0,0,0,0,1,0,0,1,1,1
4,-0.328664324656938,1,0,1,0,0,1,1,0,1,1,0,1,1,1,1,1,0,1,1,0,0,0,0,1,1,0,0,1,0,1
5,-0.595633850591036,1,1,1,0,0,1,1,0,0,1,0,0,0,1,0,1,0,0,1,0,0,0,0,1,1,0,0,0,0,0
6,-1.4893153544685,0,0,0,0,0,0,0,0,1,0,0,0,0,1,0,1,0,0,0,0,0,0,0,0,0,0,0,0,0,1
7,-0.538093071134684,1,0,1,0,0,0,0,0,0,1,0,0,1,1,1,1,0,0,1,0,0,0,1,1,0,0,0,0,0,0
8,0.31408918676954,1,1,1,0,0,1,1,1,0,1,0,1,0,1,1,0,0,0,1,1,0,0,0,1,1,0,0,1,0,1
9,-0.0113295910164626,1,0,1,1,0,1,0,0,1,1,0,1,0,1,1,1,0,0,1,0,0,0,0,0,1,0,0,0,0,1
10,1.69157001841302,1,0,1,1,1,1,1,0,1,1,1,0,1,1,1,1,1,1,1,1,1,1,1,1,1,0,1,1,1,1
11,-0.817964815172004,1,0,1,0,0,0,1,0,0,0,0,0,1,1,1,0,0,1,0,0,0,0,0,1,1,0,0,1,1,0
12,-0.0409494156135262,1,0,1,0,0,1,1,0,0,1,0,0,0,1,1,1,0,0,1,0,0,0,0,1,1,0,0,1,0,1
13,-1.11974574232926,0,0,1,0,0,1,1,0,0,1,0,0,0,1,1,1,0,1,1,0,0,0,0,1,1,0,0,1,0,0
14,-0.335709998521779,1,0,1,0,0,1,1,0,0,1,0,0,0,1,1,1,0,0,1,0,0,0,0,0,1,0,0,0,0,0
15,-0.889811694545663,1,0,1,0,0,0,1,0,0,1,0,0,0,1,0,1,0,0,0,0,0,0,0,0,1,0,0,1,1,0
16,-3.17847958948185,0,0,0,0,0,0,0,0,0,0,0,0,0,0,0,0,0,1,0,0,0,0,0,0,0,0,0,0,0,0
17,-0.32257397597677,0,0,1,0,0,1,1,0,1,1,0,0,1,1,1,1,0,1,1,0,0,0,0,0,1,0,0,0,0,1
18,0.499750890235391,1,1,1,0,0,1,1,0,1,1,0,0,0,1,1,1,0,1,1,0,0,0,0,1,1,0,1,1,0,1
19,-0.0407462135946599,1,0,1,0,0,1,1,0,0,1,0,0,0,1,1,1,0,0,1,0,0,0,0,1,1,0,0,0,0,0
20,-0.74277012458884,1,0,1,0,0,0,0,0,1,1,0,0,0,1,1,1,0,0,0,0,0,0,0,0,1,0,0,1,0,1
21,-1.61214185648028,0,0,0,0,0,0,0,0,0,0,0,1,0,0,0,1,0,0,1,0,0,0,0,0,0,0,0,0,0,0
22,-0.523152202291481,0,0,0,0,0,1,0,0,1,1,0,0,0,1,1,1,0,1,1,0,0,0,0,1,0,0,0,0,0,0
23,1.22696646907909,1,1,1,0,0,1,1,0,1,1,1,1,0,1,1,1,0,1,1,1,0,0,1,1,1,1,1,0,0,1
24,2.4728160084182,1,1,1,1,0,1,1,1,1,1,1,1,1,1,1,1,1,1,1,1,1,1,1,1,1,1,1,1,1,1
25,0.779019647211063,1,1,1,0,0,1,1,0,0,1,0,1,1,1,1,1,0,0,1,0,0,0,0,1,1,0,0,1,1,1
26,0.217429888330255,1,1,1,0,0,0,1,0,1,1,0,1,0,1,1,1,0,0,1,0,0,0,0,1,1,0,1,1,1,1
27,0.00677256724997034,1,0,0,0,0,1,0,0,1,1,0,0,0,1,1,1,0,0,1,0,0,0,0,1,1,0,0,1,0,1
28,-1.24503039514397,0,0,1,0,0,0,1,0,1,1,0,1,0,1,0,0,0,0,1,0,0,0,0,1,0,0,0,0,0,1
29,1.3737239575153,1,0,1,0,1,1,1,0,1,1,1,0,1,1,1,1,0,1,1,1,1,1,1,1,1,0,1,1,1,1
30,1.30354466137138,1,0,1,0,0,1,1,0,1,1,0,1,1,1,1,1,0,1,1,0,0,0,1,1,1,0,1,1,1,1
31,1.57949603979569,1,1,1,1,1,1,1,1,0,1,0,1,0,1,1,1,1,0,1,1,1,0,0,1,1,0,1,1,1,1
32,0.609134789411777,1,0,1,0,1,1,1,0,1,1,0,0,0,1,1,1,0,1,1,1,0,1,0,1,1,1,0,1,1,1
33,1.08958539119739,1,0,1,0,1,1,0,0,0,1,1,1,1,1,1,1,0,0,1,0,0,1,1,1,1,0,1,1,0,1
34,0.364554524617005,1,1,1,0,0,1,1,1,1,1,1,1,0,1,1,1,0,0,1,1,0,0,0,1,1,0,0,1,1,1
35,-0.18338248917875,1,0,0,0,0,0,0,0,0,1,0,0,0,1,1,1,0,0,1,0,0,0,0,1,1,0,0,0,0,0
36,-0.965795066129427,1,0,1,0,0,1,0,0,0,0,0,0,0,1,1,0,0,1,1,0,0,0,0,0,1,0,0,1,0,0
37,0.527883797153727,1,1,1,0,1,0,1,0,1,1,0,1,1,1,1,1,0,1,0,0,0,0,0,1,1,0,0,1,1,1
38,-0.8048514034854,0,0,0,0,0,0,1,0,0,1,0,0,0,1,1,1,0,0,0,0,0,0,0,1,1,0,0,0,0,1
39,0.893805268834086,1,1,1,0,0,1,1,0,0,1,0,0,1,1,1,1,0,1,1,0,0,0,1,1,1,0,1,1,1,1
40,-0.757180010730576,0,0,0,0,0,0,1,0,0,1,0,0,0,1,1,0,0,1,1,0,0,0,0,1,1,0,0,0,0,1
41,0.916732161190801,1,1,1,0,0,1,0,0,1,1,0,1,1,1,1,1,0,1,1,0,0,0,0,1,1,0,0,1,1,1
42,-0.253774242718069,1,0,1,0,0,0,0,1,1,1,0,1,0,1,1,1,0,1,1,0,0,0,0,1,1,0,0,1,0,0
43,-2.17582173092649,1,0,0,0,0,0,0,0,0,0,0,0,0,0,0,0,0,0,1,0,0,0,0,1,0,0,0,0,0,0
44,-1.3515031494486,1,0,0,0,0,0,1,0,0,0,0,0,0,1,0,0,0,0,0,0,0,0,0,0,1,0,0,0,0,1
45,1.32828160406148,1,1,1,0,0,1,1,0,1,1,0,1,1,1,1,1,0,1,1,0,1,0,0,1,1,0,1,1,1,1
46,0.665577928516216,1,1,1,0,0,0,0,0,0,1,0,1,1,1,1,0,0,0,1,0,0,1,0,1,1,0,0,1,1,1
47,0.709807963604814,1,1,1,1,0,1,1,0,1,1,0,0,1,1,1,1,0,1,1,0,0,0,0,1,1,0,0,0,1,1
48,0.364679586900451,1,1,1,0,0,1,0,0,1,1,0,0,1,1,0,1,0,0,1,0,1,0,0,1,1,0,0,1,1,1
49,-1.03051939018513,0,0,0,0,0,1,0,0,1,1,0,0,0,1,1,1,0,0,0,0,0,0,0,1,1,0,0,1,0,1
50,-0.666743755913595,1,0,0,0,0,1,0,0,1,0,0,0,1,1,1,1,0,0,1,0,0,0,0,0,1,0,0,0,0,1
51,-0.415005327599647,1,1,1,0,0,0,0,0,1,1,0,0,0,1,1,1,0,1,1,0,0,0,0,0,0,0,0,0,0,1
52,1.42959758972383,1,1,1,1,0,1,1,0,1,1,1,1,1,1,1,1,0,0,1,1,0,1,0,1,1,1,1,1,1,1
53,0.0413582159323778,1,0,1,0,0,0,1,0,1,1,0,0,0,1,1,1,0,0,0,0,0,1,0,1,1,0,1,1,0,0
54,-0.873383271070824,0,0,0,0,0,0,0,0,0,0,0,0,0,1,1,0,0,0,0,0,0,0,0,0,1,0,0,0,1,0
55,0.541288267238068,1,1,1,0,0,1,1,0,1,1,0,0,1,1,1,1,0,1,1,1,0,1,0,1,1,0,0,0,0,1
56,1.164279353633,1,1,1,0,0,1,1,1,1,1,0,0,0,1,1,1,0,0,1,1,0,1,0,1,1,0,1,1,1,1
57,-0.713365803281556,0,0,1,0,0,0,0,0,0,1,0,0,0,1,0,0,0,0,0,0,0,0,0,0,1,0,0,1,0,0
58,1.65717760102465,1,1,1,1,0,1,0,1,1,1,1,1,1,1,1,1,0,0,1,1,1,1,1,1,1,0,0,1,1,1
59,1.22574370047256,1,1,1,0,0,1,1,0,1,1,0,0,1,1,1,1,0,0,1,1,0,1,0,1,1,0,0,1,0,1
60,0.342054119800718,1,0,1,0,0,1,0,1,0,1,0,0,0,1,1,1,0,1,1,1,0,0,1,1,1,0,0,0,1,1
61,1.53958462636183,1,1,1,0,1,1,1,0,1,1,0,1,1,1,1,1,1,0,1,1,1,0,0,1,1,1,1,1,0,1
62,1.07970822144626,1,1,1,0,1,1,1,0,1,1,0,1,0,1,1,1,0,1,1,0,0,1,1,1,1,0,1,1,0,1
63,-1.27437056384638,0,0,0,0,0,1,0,0,1,1,0,1,0,1,0,0,0,0,0,0,0,0,0,0,0,0,0,1,0,1
64,-1.55452931333991,0,0,0,0,0,1,0,0,0,0,0,0,0,1,0,0,0,0,0,0,0,0,0,0,1,0,0,0,0,1
65,1.27331573441394,1,1,1,1,0,1,1,1,1,1,0,1,1,1,1,1,0,0,1,0,0,0,1,0,1,0,1,1,1,1
66,0.726115831894809,1,0,1,0,0,1,1,0,1,1,0,1,0,1,1,1,0,0,1,0,0,0,0,1,1,0,1,1,0,1
67,1.26505998662431,1,1,1,0,0,1,1,0,1,1,0,0,1,1,1,1,0,1,1,1,0,0,0,1,1,0,0,1,0,1
68,-1.59974648746927,0,0,0,0,0,1,0,0,0,0,0,0,0,1,0,0,0,0,0,0,0,0,0,1,0,0,0,1,0,0
69,2.2971921951637,1,1,1,1,1,1,1,1,1,1,1,1,1,1,1,1,1,1,1,1,1,1,1,1,1,1,1,1,0,1
70,-0.682686138491068,0,0,1,0,0,0,1,0,1,1,0,1,0,1,1,0,0,0,0,0,0,0,0,0,1,0,0,0,0,1
71,1.2383190531855,1,1,1,0,1,1,1,0,1,1,1,1,1,1,1,1,0,1,1,0,0,1,1,1,1,0,0,1,1,1
72,-0.0460792740300167,0,0,1,0,0,1,1,0,1,1,0,0,1,1,1,1,0,0,1,1,0,0,0,1,1,0,0,1,1,1
73,-0.259995497908185,1,0,1,0,0,0,0,0,0,1,0,0,0,1,1,1,0,0,1,0,0,0,0,0,1,0,0,0,0,0
74,-0.870093684411992,0,0,1,0,0,0,0,0,1,1,0,0,0,1,1,1,0,0,1,0,0,0,0,1,1,0,0,1,0,1
75,1.2271987989065,1,1,1,0,0,1,1,0,1,1,0,0,1,1,1,1,0,0,1,0,1,0,1,1,1,0,0,1,1,1
76,0.90735645703661,1,0,1,0,0,1,1,0,1,1,0,1,0,1,1,1,0,1,1,0,0,1,1,1,1,0,0,1,0,1
77,0.105612366852823,1,0,1,0,0,1,0,0,1,1,0,1,0,1,1,1,0,0,1,0,0,1,0,1,1,0,0,1,0,1
78,0.362209577212834,1,1,1,0,0,0,1,0,1,1,0,1,0,1,1,1,0,0,1,1,0,0,1,1,1,0,0,1,1,1
79,-0.311636098836184,1,0,1,0,0,1,0,0,1,1,0,1,0,1,1,1,0,0,1,1,0,0,0,0,0,0,0,0,0,0
80,-0.333851318033918,1,0,0,0,0,1,1,0,0,1,0,1,0,1,1,0,0,1,1,0,0,0,0,1,1,0,0,1,0,1
81,-0.897634191511099,1,0,0,0,0,0,1,0,0,1,0,0,0,1,1,1,0,0,0,0,0,0,0,1,0,0,0,0,0,1
82,-0.949594388367208,0,0,1,0,0,1,0,0,1,1,0,0,0,1,1,0,0,0,0,0,0,0,0,0,1,0,0,0,0,1
83,0.46762924731422,1,0,1,0,0,1,1,0,1,1,0,0,0,1,1,1,0,0,1,0,0,0,0,1,1,0,0,1,0,1
84,-0.872894584818664,1,1,1,0,0,0,0,0,0,1,0,0,0,1,1,0,0,1,1,0,0,0,0,1,1,0,0,0,1,1
85,-0.116153579531448,1,0,1,0,0,1,1,0,1,1,0,1,0,1,1,1,0,1,1,0,0,0,0,0,1,0,0,0,0,1
86,0.470218478286766,1,0,1,0,0,1,0,0,0,1,0,1,1,1,1,1,1,1,1,1,0,0,0,1,1,0,0,1,0,1
87,2.02855260567346,1,1,1,0,0,1,1,1,1,1,1,1,1,1,1,1,1,1,1,1,1,1,1,1,1,1,1,1,1,1
88,-0.754490082612881,0,0,1,0,0,1,0,0,1,1,0,0,0,1,1,1,0,1,0,0,0,0,0,0,1,0,0,1,0,1
89,-0.59845537504879,1,0,1,0,0,1,0,0,0,1,0,0,0,1,1,1,0,0,1,0,0,0,0,0,1,0,0,0,0,1
90,0.320691862777294,1,0,1,0,0,0,0,0,0,1,0,0,0,1,1,1,0,0,1,0,0,0,0,1,1,0,0,1,0,1
91,-0.0737864186455936,1,1,1,0,0,1,1,0,1,1,0,1,0,1,0,1,0,0,0,0,0,0,0,1,1,0,0,1,1,1
92,-0.180056439731875,1,1,1,0,0,1,1,0,1,1,0,0,0,1,1,1,0,0,1,0,0,0,0,1,1,0,0,1,0,1
93,0.426724983483937,1,0,1,0,0,1,1,0,1,1,0,0,0,1,1,1,0,0,1,1,0,1,0,1,1,0,0,0,1,1
94,0.348315226855499,1,1,1,0,0,0,1,0,1,1,0,1,0,1,1,1,0,1,1,1,0,0,0,1,1,0,0,1,0,1
95,1.04421180526342,1,1,1,0,0,1,0,1,0,1,1,0,0,1,1,1,1,0,1,0,0,0,1,1,1,0,0,1,1,1
96,0.535606363000497,1,1,1,0,0,1,1,0,1,1,0,0,0,1,1,0,0,1,1,0,0,0,0,1,1,0,1,1,1,1
97,-0.964434749802722,1,0,0,0,0,1,0,0,0,0,0,0,0,1,1,0,0,0,1,0,0,0,0,1,0,0,0,1,0,0
98,-1.43052047658815,0,0,1,0,0,1,0,0,1,0,0,1,0,1,1,0,0,1,0,0,0,0,0,0,0,0,0,0,0,0
99,0.457687383182691,1,0,1,0,0,1,1,0,1,1,0,0,1,1,1,1,0,0,1,1,0,0,0,1,1,0,0,1,1,1
100,-0.127618215764977,1,1,1,0,0,1,1,0,0,1,0,0,0,1,1,1,0,0,1,1,0,0,0,1,1,0,0,1,0,1
101,0.621307424534141,1,0,1,0,0,0,1,0,0,1,0,1,1,1,1,1,0,1,1,0,0,1,0,1,1,0,1,1,0,1
102,-0.544533351460428,1,0,0,0,0,0,0,0,1,1,0,1,0,1,1,1,0,0,1,1,0,0,0,1,1,0,0,1,0,0
103,-2.2538521616597,0,0,0,0,0,0,0,0,0,0,0,0,0,0,0,0,0,0,0,0,0,0,0,0,0,0,0,0,0,0
104,-0.227281070201642,1,0,1,0,0,1,0,0,1,1,0,0,0,1,1,0,0,1,1,0,0,0,0,1,1,0,0,1,0,1
105,-0.939354161979519,1,0,1,0,0,0,0,0,0,1,0,0,0,1,0,1,0,0,1,0,0,0,1,1,1,0,0,0,0,1
106,-0.0206681678120708,1,1,1,1,0,1,1,0,0,1,0,1,1,1,1,1,0,1,1,0,0,0,0,1,1,0,0,1,0,1
107,-1.11327174961842,1,0,0,0,0,0,1,0,1,1,0,0,0,1,1,0,0,0,1,0,0,0,0,1,0,0,0,0,0,0
108,-0.0577124067292083,1,0,1,0,0,1,0,0,0,1,0,0,1,1,1,1,0,1,1,0,0,0,0,1,1,0,0,1,0,1
109,-1.14700824873242,1,0,1,0,0,0,0,0,0,1,0,0,0,0,1,0,0,0,0,1,0,0,0,1,1,0,0,0,0,1
110,0.486112238627014,1,0,1,0,0,1,0,0,1,1,0,1,0,1,1,1,0,0,1,0,0,0,1,1,1,0,0,1,0,1
111,-1.15317962290813,0,0,0,0,0,0,1,0,0,1,0,0,0,1,0,0,0,1,0,0,0,0,0,0,1,0,0,0,0,1
112,-1.14749883644436,1,0,0,0,0,0,1,0,0,1,0,0,0,0,0,1,0,0,1,0,0,0,0,1,1,0,0,1,0,0
113,0.225456368191978,1,0,1,0,0,1,0,1,1,1,0,0,1,1,1,1,0,0,1,1,0,0,0,1,1,0,0,0,1,1
114,-1.21026216312219,1,0,1,0,0,0,0,0,0,1,0,0,0,1,1,0,0,0,1,0,0,0,0,0,0,0,0,0,0,1
115,-1.60289089845161,0,0,0,0,0,0,1,0,0,0,0,0,0,1,0,0,0,0,0,0,0,0,0,0,1,0,0,0,0,0
116,-0.802677865116893,1,1,0,0,0,0,0,0,0,1,0,0,1,1,0,1,0,1,1,1,0,0,0,1,0,0,0,1,0,0
117,0.634419092585365,1,1,1,0,0,1,1,0,1,1,0,0,1,1,1,1,0,1,1,0,0,0,0,0,1,0,0,0,0,1
118,-2.28457344789926,0,0,0,0,0,0,0,0,0,1,0,0,0,0,0,0,0,0,0,0,0,0,0,0,0,0,0,0,0,0
119,0.466278340282292,1,1,1,0,0,0,1,0,1,1,0,0,1,1,1,1,0,1,1,0,0,0,0,1,1,0,0,1,0,1
120,-0.573500361710338,0,0,1,0,0,1,0,0,0,1,0,0,0,1,1,0,0,0,1,0,0,0,0,0,0,0,0,1,0,1
121,-1.37941980368416,0,0,0,0,0,0,0,0,1,0,0,0,0,1,1,0,0,0,0,0,0,0,0,0,1,0,0,0,0,0
122,-1.95278752391214,1,0,0,0,0,1,0,0,0,0,0,0,0,1,0,0,0,0,0,0,0,0,0,1,0,0,0,0,0,0
123,-0.566014337966131,1,1,1,0,0,0,0,0,1,1,0,0,0,1,1,0,0,1,1,0,0,0,0,1,0,0,0,1,0,1
124,0.355124379540237,1,1,1,0,0,1,1,1,0,1,0,1,1,1,1,1,0,1,1,0,0,0,0,1,1,0,0,1,0,1
125,0.134547807507649,1,1,0,0,0,0,0,0,1,1,0,0,0,1,1,1,0,1,1,0,0,0,0,1,1,0,1,0,0,1
126,0.345016969600217,1,0,1,0,0,1,1,0,1,1,0,1,1,1,1,1,0,0,1,0,0,0,0,1,1,0,0,1,0,0
127,-0.933324492964748,1,0,0,0,0,0,0,0,0,1,0,1,0,1,1,0,0,0,0,0,0,0,0,0,0,0,0,0,1,0
128,0.786077530886122,1,0,1,0,0,1,1,1,1,1,0,1,1,1,1,1,0,1,1,0,0,1,0,1,1,0,1,1,0,1
129,-0.429780133051653,1,0,1,0,0,1,0,0,0,1,0,0,0,1,1,1,0,1,1,1,0,0,0,0,0,0,0,0,0,0
130,1.32158335163519,1,1,1,1,1,1,1,1,1,1,1,1,0,1,1,1,1,1,1,1,0,1,0,1,1,0,0,1,1,1
131,0.700169979021571,1,0,1,0,0,1,1,0,1,1,1,0,0,1,1,1,0,1,0,1,0,0,0,1,1,0,1,1,1,1
132,-0.798302357068082,1,0,1,0,0,0,0,0,0,1,0,0,0,1,1,1,0,0,0,0,0,0,0,0,0,0,0,1,0,1
133,-0.442756610768876,1,0,0,0,0,0,0,0,1,1,0,0,0,1,1,0,0,0,1,0,0,0,0,1,1,0,0,1,0,1
134,-0.299237161258553,1,1,1,0,0,0,1,0,1,1,0,0,0,1,1,0,0,1,1,1,0,0,0,0,1,0,0,1,0,1
135,-0.568778013876355,1,0,1,0,0,0,1,0,1,1,0,0,0,1,1,0,0,1,1,0,0,0,0,1,1,0,0,0,1,1
136,1.37247075533918,1,0,1,0,1,1,0,0,1,1,0,1,1,1,1,1,1,0,1,1,1,1,1,1,1,0,1,1,1,1
137,-2.68352228833506,0,0,0,0,0,0,0,0,0,0,0,0,0,0,0,0,0,0,0,0,0,0,0,0,0,0,0,0,0,0
138,0.00136016474125019,1,0,1,0,0,1,0,0,1,1,0,0,0,1,1,1,0,1,1,0,0,0,0,1,0,0,0,1,0,1
139,-0.113830114081879,0,0,1,0,0,1,1,0,0,1,0,0,0,1,1,1,0,1,1,0,0,1,0,1,1,0,0,0,1,1
140,-1.63257689703284,1,0,0,0,0,0,0,0,1,1,0,0,0,1,1,0,0,1,0,0,0,0,0,0,0,0,0,0,0,1
141,-0.669598529805002,0,0,0,0,0,0,0,0,0,1,0,0,0,1,1,1,0,1,1,0,0,0,0,0,1,0,0,1,0,1
142,0.969776481847644,1,0,1,0,0,1,1,0,1,1,0,0,0,1,1,1,0,1,1,1,1,0,0,1,1,0,0,1,0,1
143,-0.880777583673784,0,0,1,0,0,0,1,0,1,1,0,0,0,1,1,1,0,0,1,0,0,0,0,0,1,0,0,0,1,1
144,-0.869247298894511,1,0,0,0,0,0,0,0,1,1,0,0,0,1,1,0,0,0,0,0,0,0,0,1,1,0,0,0,0,0
145,0.669323088557882,1,1,1,0,0,1,1,0,0,1,0,0,0,1,1,1,0,0,1,1,0,0,0,1,1,0,0,1,0,1
146,0.592686045910716,1,1,1,0,0,1,0,0,0,1,0,0,1,1,1,1,0,1,1,1,0,0,0,1,1,0,0,1,1,0
147,-0.0945541742759991,1,0,1,0,0,0,1,0,1,1,0,1,0,1,1,1,0,0,1,0,0,0,0,1,1,0,0,1,1,1
148,-2.40591977210854,0,0,0,0,0,1,0,0,1,0,0,0,0,0,0,0,0,1,0,0,0,0,0,0,0,0,0,0,0,0
149,1.00657641676867,1,1,1,0,0,1,1,1,0,1,0,1,1,1,1,1,0,1,1,1,0,0,0,1,1,0,1,1,1,1
150,-0.836957456729956,1,0,1,0,0,0,1,0,0,1,0,0,0,1,1,0,0,0,1,0,0,0,0,1,1,0,0,1,0,0
151,-0.0832930258244512,1,0,1,0,0,1,1,0,1,1,0,0,0,1,0,1,0,1,1,0,0,0,0,1,1,0,0,1,1,1
152,1.58818296566272,1,1,1,1,0,1,1,1,1,1,0,1,1,1,1,1,1,1,1,1,0,1,0,1,1,1,1,1,1,1
153,-1.49664500518321,1,0,1,0,0,0,0,0,0,1,0,0,0,1,0,0,0,0,0,0,0,0,0,1,0,0,0,0,0,0
154,1.07043139252271,1,1,1,0,1,1,0,0,1,1,1,1,1,1,1,1,0,1,1,1,0,0,1,1,1,0,1,1,1,1
155,1.02510004557855,1,1,1,0,0,1,0,1,1,1,1,1,0,1,1,1,1,1,1,1,0,1,0,1,1,1,1,1,0,1
156,-0.979675899506817,0,0,1,0,0,0,0,0,1,1,0,0,1,1,0,0,0,1,0,1,0,0,0,0,0,0,0,0,0,0
157,-2.31865229192161,0,0,0,0,0,0,0,0,0,0,0,0,0,1,1,0,0,0,0,0,0,0,0,0,0,0,0,0,0,0
158,0.656990741702623,1,1,1,0,0,1,1,0,1,1,1,1,0,1,1,1,0,0,1,0,0,0,0,1,1,0,1,1,1,1
159,0.818301495422373,1,0,0,0,0,1,1,0,1,1,0,1,0,1,0,1,0,1,1,1,0,0,0,1,1,0,0,1,1,1
160,0.609181432043718,1,1,1,0,0,1,1,1,1,1,0,1,1,1,1,1,1,0,1,1,0,1,0,1,0,1,0,0,0,1
161,-2.5265533070132,0,0,0,0,0,0,0,0,0,0,0,0,0,0,0,0,0,0,0,0,0,0,0,0,0,0,0,0,0,0
162,0.164013533368964,1,0,1,0,0,1,0,0,1,1,0,1,0,1,1,1,0,1,1,1,0,0,0,1,1,0,0,1,0,1
163,-0.847626802037864,1,0,0,0,0,0,0,0,0,1,0,0,0,1,1,1,0,0,1,0,0,0,0,1,1,0,0,0,0,1
164,-1.6405757987028,0,0,0,0,0,0,0,0,0,1,0,1,0,1,0,0,0,0,0,0,0,0,0,0,1,0,0,1,0,0
165,-0.807326014568973,1,0,1,0,0,0,1,0,0,1,0,1,0,1,1,1,0,0,1,0,0,0,0,0,0,0,0,0,0,0
166,-0.880537210415203,1,0,1,0,0,1,0,0,1,1,0,1,0,1,1,1,0,0,1,0,0,0,0,1,0,0,0,0,0,0
167,-0.389591202285941,1,0,1,0,0,1,0,0,1,0,0,0,0,1,0,1,0,1,1,0,0,0,0,0,1,0,0,0,0,0
168,0.303350095235464,1,0,1,0,0,0,0,0,0,1,0,0,0,1,1,1,0,1,1,0,0,0,0,1,1,0,1,0,0,0
169,-0.716044752141618,1,0,1,0,0,0,0,0,1,1,0,0,0,1,1,1,0,0,1,0,0,0,0,1,1,0,0,1,0,1
170,-1.4054067918934,0,0,1,0,0,1,0,0,0,0,0,0,1,1,0,0,0,0,1,0,0,0,0,0,0,0,0,0,0,0
171,-1.38784528578817,1,0,1,0,0,0,1,0,0,1,0,0,0,1,1,0,0,0,1,0,0,0,0,1,0,0,0,0,0,0
172,-0.239574565015978,1,0,1,0,0,1,1,0,0,1,0,1,0,1,1,0,0,0,1,0,0,0,0,0,1,0,0,1,0,1
173,1.10658808891758,1,1,1,0,1,1,1,1,1,1,0,0,0,1,1,1,1,1,1,0,0,1,1,1,1,1,1,1,1,1
174,0.409813458423199,1,0,1,0,0,1,0,0,1,1,0,1,0,1,1,1,0,1,1,0,0,0,1,0,1,0,0,1,1,1
175,-1.16730594797898,0,0,0,0,0,0,0,0,0,1,0,0,0,1,1,0,0,1,1,0,0,0,0,0,0,0,0,1,0,0
176,-0.348395204973648,1,0,1,0,0,1,0,0,1,1,0,0,0,1,1,1,0,0,1,0,0,0,0,0,1,0,0,1,0,0
177,-0.457804109761294,1,1,0,0,0,0,1,0,1,1,0,1,0,1,1,0,0,1,1,0,0,0,0,0,0,0,0,0,0,1
178,-1.05602391086005,1,0,1,0,0,0,1,0,1,0,0,0,0,1,1,0,0,0,0,0,0,0,0,0,1,0,0,1,0,1
179,1.18912285976057,1,1,1,0,1,1,1,0,1,1,1,1,1,1,1,1,0,1,0,1,1,1,0,1,1,0,1,1,1,1
180,-1.00324984264795,0,1,1,0,0,1,1,0,1,1,0,0,0,1,1,1,0,1,1,1,0,0,0,1,0,0,0,0,0,0
181,0.131413435906825,1,1,1,0,0,1,1,0,1,1,0,1,1,1,1,1,0,1,1,0,0,0,0,1,1,0,0,1,1,1
182,0.194991190166277,1,0,1,0,0,1,1,0,1,1,0,0,0,1,1,1,0,1,1,0,0,0,0,1,1,0,0,1,0,1
183,0.920710900499626,1,0,1,0,0,1,1,0,1,1,0,1,1,1,1,1,0,1,1,1,0,1,0,1,1,0,0,0,1,1
184,1.07456303718885,1,1,1,0,1,1,0,1,1,1,0,1,0,1,1,0,0,1,1,0,0,0,1,1,1,0,0,1,0,1
185,-0.840081983058142,1,0,0,0,0,1,1,0,1,0,0,0,0,1,1,1,0,0,1,1,0,0,0,1,0,0,0,0,0,1
186,1.08530267262189,1,0,1,1,0,0,1,0,1,1,1,1,0,1,1,1,1,1,1,0,0,1,0,0,1,0,0,1,0,1
187,-0.94927241722266,1,0,1,0,0,1,1,0,0,1,0,0,0,1,1,0,0,1,1,0,0,0,0,0,0,0,0,1,0,1
188,-1.58997732472371,0,0,0,0,0,0,1,0,1,1,0,0,0,0,0,0,0,0,1,0,0,0,0,0,0,0,0,0,0,0
189,-1.99277166307253,0,0,1,0,0,0,0,0,0,0,0,0,0,1,1,1,0,0,0,0,0,0,0,0,0,0,0,1,0,0
190,0.172048599490283,1,1,1,0,0,1,1,0,0,1,0,1,0,1,1,1,0,0,0,0,0,0,0,1,1,0,0,0,0,1
191,1.13832586710746,1,0,1,1,0,1,1,0,1,1,1,1,1,1,1,1,0,1,1,1,0,1,1,1,1,0,1,1,1,1
192,0.810211662818996,1,0,1,0,0,1,0,0,0,1,0,1,0,1,1,1,0,1,1,0,0,1,0,1,1,0,0,1,0,1
193,-0.177691879442392,1,0,1,0,0,0,1,0,1,1,0,0,0,1,1,1,0,0,1,0,0,0,0,1,1,0,0,1,0,1
194,-0.566008375450782,0,0,1,0,0,1,1,0,0,1,0,0,0,1,1,1,0,0,0,1,0,0,0,0,0,0,0,0,0,0
195,-0.404749426192061,1,0,1,0,0,0,0,0,1,1,0,0,0,1,1,1,0,1,1,0,0,0,0,1,1,0,0,1,1,1
196,0.392502924863914,1,0,1,0,0,1,1,0,1,1,0,1,1,1,1,1,0,1,1,0,0,0,0,1,1,0,0,1,0,1
197,0.603662655605669,1,1,1,0,0,1,1,0,1,1,0,1,1,1,1,1,0,0,1,1,0,0,0,1,1,0,1,1,0,0
198,-1.07442996731659,1,0,0,0,0,1,0,0,0,1,0,0,1,1,1,0,0,0,0,0,0,0,0,1,0,0,0,0,0,0
199,-2.47894199881747,0,0,0,0,0,0,0,0,0,0,0,0,0,0,0,0,0,1,0,0,0,0,0,0,0,0,0,0,0,0
200,-0.386981956257564,1,0,1,0,0,1,1,0,0,1,0,0,0,1,1,1,0,1,1,0,0,0,0,1,1,0,0,1,1,1
201,0.893589782218753,1,0,1,0,0,1,0,0,1,1,1,1,1,1,1,1,0,0,1,1,0,1,0,1,1,0,0,1,1,1
202,0.301826648875902,1,0,1,0,0,1,0,1,1,1,0,1,1,1,1,1,0,0,1,0,0,1,0,1,1,0,0,1,1,1
203,-0.484417572953458,1,1,0,0,0,0,1,0,0,1,0,1,1,0,1,1,0,1,1,0,0,0,0,1,1,0,0,1,0,0
204,-0.214516798394993,1,0,1,0,0,1,0,0,1,1,0,0,0,1,1,1,0,1,0,0,0,0,0,0,1,0,0,1,0,1
205,0.311490408292392,1,0,1,0,0,1,1,0,1,1,0,1,0,1,1,1,1,0,1,0,0,0,1,0,1,0,0,1,0,1
206,0.414303979350706,1,1,1,0,0,0,1,0,1,1,0,0,1,1,1,1,1,1,1,0,0,0,0,1,1,0,0,1,1,1
207,0.0482064026416907,1,0,1,0,0,0,0,0,1,1,1,0,0,1,1,1,0,1,1,0,0,0,0,1,0,0,0,0,0,0
208,0.757498927580688,1,1,1,0,0,1,0,1,1,1,0,1,0,1,1,1,0,1,1,0,0,0,0,1,1,0,1,1,0,1
209,-1.54629392404784,0,0,0,0,0,0,1,0,0,0,0,0,0,0,0,0,0,0,1,0,0,0,0,0,0,0,0,0,0,0
210,0.400795996953394,1,0,0,0,0,1,1,0,1,1,1,1,0,1,1,1,0,0,1,1,0,0,1,1,1,0,0,1,1,1
211,1.29631653787114,1,1,1,1,1,1,1,0,0,1,1,0,1,1,1,1,0,1,1,1,0,0,1,1,1,1,1,1,1,1
212,1.46573914666366,1,1,1,1,1,1,0,0,1,1,0,0,1,1,1,1,0,1,1,0,1,0,1,1,1,0,1,1,1,1
213,1.55767070918926,1,0,1,1,0,1,1,1,1,1,1,0,1,1,1,1,0,1,1,1,1,1,1,1,1,0,1,1,1,1
214,1.13805297761079,1,1,1,1,0,1,1,0,0,1,0,1,1,1,1,1,0,1,1,0,0,0,1,1,1,0,1,1,1,1
215,1.61349843617025,1,1,1,1,1,1,1,0,1,1,0,0,1,1,1,1,1,1,1,0,0,1,1,1,1,1,0,1,0,1
216,1.98146103043792,1,1,1,1,1,1,1,1,0,1,0,0,1,1,1,1,1,1,1,1,1,1,1,1,1,1,1,1,1,1
217,-1.03758557623042,0,0,0,0,0,1,0,0,1,1,0,0,0,1,1,1,0,1,1,0,0,0,0,0,1,0,0,1,0,0
218,0.614707592669104,1,0,1,0,0,1,0,1,1,1,0,1,0,1,1,1,0,1,1,0,0,0,0,0,0,0,0,1,1,1
219,1.22140434219814,1,1,1,0,0,1,1,1,1,1,0,1,1,1,1,0,1,0,1,1,0,0,0,1,1,0,1,1,1,1
220,-1.0334412030366,0,0,1,0,0,0,1,0,0,1,0,0,0,1,1,1,0,0,1,0,0,0,0,1,0,0,0,0,0,0
221,-0.531344813532486,1,0,1,0,0,1,1,0,1,1,0,0,0,1,1,1,0,0,1,0,0,0,0,1,1,0,0,0,0,0
222,1.00357780342729,0,0,1,0,0,1,1,0,1,1,0,1,0,1,1,1,0,0,1,1,0,1,0,1,1,0,0,1,0,1
223,-1.27915046946009,0,0,0,0,0,0,1,0,0,0,0,1,0,1,1,0,0,1,0,0,0,0,0,0,0,0,0,0,0,0
224,1.61033650750201,1,1,1,1,1,1,1,1,1,1,0,1,1,1,1,1,0,1,1,1,1,1,0,1,1,1,0,1,1,1
225,-1.28458816310916,1,0,1,0,0,0,0,0,1,0,0,0,0,0,1,0,0,0,0,0,0,0,0,0,0,0,0,0,0,0
226,-0.727691161382186,1,0,1,0,0,1,1,0,0,1,0,0,0,1,1,1,0,0,1,0,0,0,0,1,1,0,0,0,0,0
227,-0.592382771094867,1,0,0,0,0,1,0,0,0,1,0,0,1,1,1,1,0,0,1,0,0,0,0,0,1,0,0,1,0,1
228,0.836905090827138,1,1,1,0,0,1,1,0,1,1,1,0,0,1,1,1,0,0,1,0,1,0,0,1,1,0,0,1,1,1
229,-0.785588295578672,1,0,1,0,0,0,0,0,1,1,0,0,0,1,1,0,0,1,0,0,0,0,0,0,1,0,0,1,0,1
230,0.965333072481077,1,1,1,0,0,1,0,0,0,1,0,1,0,1,1,1,0,1,1,1,0,0,1,1,1,0,0,1,1,1
231,-0.602003762571194,1,0,1,0,0,0,1,0,0,1,0,0,0,1,1,0,0,0,1,0,0,0,0,1,1,0,0,0,0,0
232,-0.258629407554721,1,0,1,0,0,1,0,0,1,1,0,0,1,1,1,0,0,0,0,0,0,0,0,1,1,0,0,0,1,1
233,1.42912177324082,1,0,1,0,1,1,0,1,1,1,1,0,1,1,1,1,0,1,1,1,0,1,1,1,1,0,1,1,1,1
234,-1.87187634572132,0,0,0,0,0,0,0,0,1,1,0,0,0,1,0,0,0,0,0,0,0,0,0,0,0,0,0,1,0,0
235,-0.70000595484884,1,0,0,0,0,1,1,0,0,1,0,1,0,0,1,1,0,1,1,0,0,0,0,0,1,0,0,1,0,0
236,-0.314176735749252,1,0,1,0,0,0,1,0,1,1,0,0,0,1,1,1,0,1,0,0,0,0,0,1,1,0,0,1,0,0
237,0.146116698446102,1,0,1,0,0,1,1,0,0,0,0,0,1,1,1,1,0,1,1,1,0,0,0,1,1,0,0,1,0,1
238,-0.00173777768953195,1,0,1,0,0,1,1,0,1,1,0,0,0,1,1,1,0,1,1,0,0,0,0,1,1,0,0,1,0,1
239,0.369815645025425,1,0,1,0,0,1,1,0,0,1,0,0,1,1,1,1,0,0,1,0,0,0,0,1,1,0,0,1,0,1
240,2.97249792951375,1,1,1,1,1,1,1,1,1,1,1,1,1,1,1,1,1,1,1,1,1,1,1,1,1,1,1,1,0,1
241,-1.30071075687427,0,0,1,0,0,0,1,0,0,1,0,0,0,1,1,0,0,1,0,0,0,0,0,1,1,0,0,0,0,0
242,-0.611969421953953,1,0,1,0,0,1,1,0,1,1,0,1,0,1,1,1,0,0,1,1,0,0,0,1,1,0,0,1,0,1
243,-0.93918348610832,0,0,1,0,0,0,0,0,0,1,0,0,0,1,1,0,0,1,1,0,0,0,0,0,1,0,0,0,0,0
244,0.564726872949327,1,0,1,0,0,1,0,0,1,1,0,1,0,1,1,0,0,1,0,0,0,0,0,0,1,0,0,1,1,1
245,-0.30952810136996,1,0,1,0,0,1,1,0,1,1,0,0,0,1,1,0,0,0,1,0,0,0,0,0,1,0,0,1,0,1
246,0.367880527758571,1,1,0,0,0,1,0,0,1,1,0,0,0,1,1,1,0,1,1,1,0,0,0,1,1,0,0,1,1,1
247,1.68235626961593,1,1,1,1,1,1,0,1,1,1,0,1,1,1,1,1,0,1,1,1,0,1,1,1,1,0,1,1,1,1
248,0.00694148628693245,0,0,1,0,0,0,0,0,0,1,1,0,0,1,1,1,0,1,1,0,0,0,0,1,1,0,0,1,0,1
249,0.233423879616069,1,0,1,0,0,0,1,0,0,1,0,0,1,1,1,1,0,1,0,0,0,0,0,0,1,0,0,0,1,1
250,-0.208652705409447,1,0,1,0,0,1,0,0,1,1,0,1,0,1,1,0,0,0,1,0,0,0,0,1,1,0,0,0,1,1
251,0.699239298962536,1,1,1,0,1,1,1,0,1,1,1,0,1,1,1,1,0,1,1,1,0,1,0,1,1,0,1,1,1,1
252,-1.0645068950793,0,0,1,0,0,0,1,0,0,1,0,0,0,1,1,0,0,1,1,0,0,0,0,1,1,0,0,1,0,1
253,0.261076464304205,1,0,1,0,0,1,0,0,0,1,0,0,0,1,1,1,0,1,1,1,0,1,0,0,1,0,0,1,1,1
254,-0.239577040191688,1,0,1,0,0,1,1,0,1,1,0,0,1,1,1,0,0,1,1,0,0,0,0,0,1,0,0,0,0,1
255,0.0928291448494806,1,0,1,0,0,1,0,0,1,1,0,1,0,1,1,0,0,1,1,0,0,0,0,1,1,0,0,1,0,1
256,0.624605799623588,1,0,1,0,0,1,1,0,1,1,0,0,0,1,1,0,0,1,1,1,0,0,0,1,1,0,0,1,0,1
257,-0.48716621598239,1,0,1,0,0,0,1,0,0,1,0,0,0,1,1,1,0,0,1,0,0,0,0,1,0,0,0,0,0,1
258,-1.52208405617618,1,0,1,0,0,0,0,0,0,0,0,1,0,1,0,0,0,1,1,0,0,0,0,1,1,0,0,1,0,0
259,-1.44420661609056,1,0,1,0,0,0,0,0,1,1,0,0,0,1,1,1,0,0,0,0,0,0,0,0,0,0,0,0,0,1
260,-0.358042857216238,1,0,0,0,0,0,1,0,1,1,0,1,0,1,1,1,0,0,0,1,0,0,0,1,1,0,0,0,0,1
261,-0.33578474671211,1,0,1,0,0,1,0,0,0,1,0,0,0,1,1,1,0,0,1,0,0,0,0,1,1,0,0,0,1,1
262,0.683609984276455,1,1,1,0,0,1,0,0,1,1,0,1,0,1,1,1,0,1,1,1,1,1,1,1,1,0,0,0,0,1
263,-1.2396448996227,0,0,0,0,0,0,0,0,1,1,0,0,0,1,0,0,0,0,0,0,0,0,0,0,0,0,0,0,0,1
264,-0.116483845806008,0,1,1,0,0,1,1,0,1,1,0,0,1,1,1,0,0,1,0,0,0,0,0,1,1,0,0,1,0,1
265,-0.49579202329756,0,0,1,0,0,0,0,0,1,0,0,0,0,1,1,1,0,0,1,1,0,0,0,0,0,0,0,0,0,1
266,0.58987466876984,1,0,1,0,0,1,0,0,1,1,0,1,0,1,1,1,0,1,1,0,0,0,0,1,1,0,1,1,1,1
267,0.116522853893696,1,1,1,1,0,1,0,0,1,1,0,0,0,1,1,1,0,0,0,0,0,0,0,1,1,0,1,1,0,1
268,-0.969944716615929,0,0,0,0,0,1,1,0,1,1,0,0,0,1,1,0,0,0,1,0,0,0,0,0,0,0,0,1,0,1
269,0.706835070062187,1,1,1,0,0,1,0,0,1,1,0,1,0,1,1,1,1,1,1,0,0,0,0,0,1,0,1,1,1,1
270,0.344984760246106,1,0,1,0,0,0,0,0,1,1,0,1,0,1,1,1,0,1,1,0,0,0,1,0,1,0,0,1,0,1
271,-1.58106006419067,1,0,1,0,0,0,0,0,0,0,0,0,0,1,0,1,0,0,0,0,0,0,0,0,1,0,0,0,0,1
272,0.828533720484035,1,0,1,0,0,1,0,0,1,1,0,0,1,1,1,1,1,0,1,0,0,0,0,1,1,0,0,1,1,1
273,-0.52005348098268,0,0,1,0,0,1,0,0,1,1,0,0,0,1,1,1,0,0,1,1,0,0,0,0,1,0,0,1,0,1
274,0.0245999079841421,1,1,1,0,0,1,1,0,1,1,0,0,0,1,1,1,0,0,1,0,0,0,0,0,1,0,0,0,0,1
275,1.82285759482586,1,0,1,1,1,1,1,1,1,1,1,1,1,1,1,1,1,1,1,1,0,1,1,1,1,1,1,1,1,1
276,-2.11287238111242,0,0,0,0,0,0,1,0,0,0,0,0,0,0,0,1,0,0,0,0,0,0,0,1,0,0,0,0,0,0
277,-0.602534436644295,1,0,0,0,0,1,0,0,1,1,0,0,0,1,1,0,0,0,1,0,0,0,0,0,1,0,0,1,0,0
278,-0.199165546724085,1,0,0,0,0,0,0,0,1,1,0,0,0,1,1,0,0,1,1,0,0,0,0,1,1,0,0,1,1,1
279,-0.148085858490259,1,0,1,0,0,1,1,0,0,1,0,0,0,1,1,1,0,1,1,1,0,0,0,1,1,0,0,1,0,1
280,-1.6289001987678,0,0,0,0,0,0,0,0,0,0,0,0,0,1,1,0,0,0,1,0,0,0,0,0,0,0,0,0,0,0
281,-1.41152156501779,0,0,1,0,0,0,0,0,1,0,0,0,0,1,1,0,0,1,0,0,0,0,0,1,0,0,0,0,0,0
282,0.556467530045703,1,0,1,0,0,0,1,1,1,1,1,1,1,1,1,1,0,0,1,1,0,0,0,1,1,0,1,1,1,0
283,-2.28873048422448,0,0,0,0,0,0,0,0,0,0,0,0,0,0,0,0,0,0,0,0,0,0,0,0,0,0,0,0,0,0
284,-0.184872832084407,1,0,0,0,0,0,0,0,1,1,0,0,0,1,1,1,0,1,1,1,0,0,0,0,1,0,0,0,0,1
285,-1.23904876165495,0,0,0,0,0,0,0,0,0,1,0,0,0,1,1,0,0,1,0,0,0,0,0,1,0,0,0,0,0,0
286,-0.437922353419014,1,0,1,0,0,0,1,0,0,1,0,0,0,1,1,1,0,1,1,1,0,0,0,1,0,0,0,0,0,1
287,1.2863230676071,1,1,1,0,0,1,1,0,1,1,1,1,1,1,1,1,0,1,1,1,0,1,1,1,1,1,1,1,1,1
288,0.0463227732875639,1,0,1,0,0,1,0,0,1,1,0,1,0,1,1,1,0,1,1,0,0,0,0,1,1,0,0,1,0,1
289,0.581265487556357,1,0,1,0,0,1,1,0,1,1,0,1,0,1,1,1,0,0,1,1,0,0,0,1,1,0,0,1,1,1
290,0.679303199285379,1,0,1,0,0,1,1,0,1,1,0,1,1,1,1,1,0,1,1,0,0,0,0,1,1,0,1,1,0,1
291,-0.917357718705619,0,0,1,0,0,1,0,0,1,1,0,0,0,1,1,1,0,1,0,0,0,1,0,0,0,0,0,0,0,1
292,-0.122521159132533,0,0,1,0,0,0,0,0,1,1,0,1,0,1,1,1,0,0,0,0,0,0,0,1,1,0,0,1,0,1
293,-0.555461753147304,1,0,1,0,0,0,0,0,1,1,0,0,0,1,1,1,0,0,1,0,0,0,0,0,1,0,0,0,0,0
294,1.15772358999389,1,0,1,0,0,1,1,0,1,1,1,1,0,1,1,1,0,1,1,0,1,0,0,1,1,0,0,1,1,1
295,-1.22650741261397,0,0,0,0,0,0,0,0,0,1,0,0,0,1,0,0,0,1,1,0,0,0,0,0,1,0,0,0,0,0
296,2.47874481928389,1,1,1,1,1,1,1,1,1,1,1,1,1,1,1,1,1,1,1,1,1,1,1,1,1,1,1,1,1,1
297,-0.0711989311803785,0,0,1,0,0,0,0,0,0,1,0,0,0,1,1,1,0,1,1,0,0,0,0,0,1,0,0,1,0,0
298,-1.17913099820418,1,0,1,0,0,0,0,0,0,1,0,0,0,1,1,0,0,0,0,0,0,0,0,0,0,0,0,1,0,1
299,1.1153849428841,1,1,1,0,0,1,1,0,1,1,0,0,1,1,1,0,0,1,1,1,0,0,0,1,1,0,1,1,1,1
300,0.143115985065313,1,0,0,0,0,1,1,0,1,1,0,1,0,1,1,1,0,1,1,0,0,0,0,1,1,0,0,1,0,1
301,-1.25624214833214,1,1,1,0,0,1,0,0,0,0,0,0,0,1,0,1,0,0,0,1,0,0,0,1,1,0,0,1,1,0
302,-1.19424084633648,1,0,0,0,0,0,0,0,0,1,0,0,0,1,0,1,0,1,0,0,0,0,0,0,1,0,0,0,0,0
303,-0.748788643552436,1,0,1,0,0,0,0,0,1,0,0,0,0,1,1,1,0,0,1,0,0,0,0,1,1,0,0,1,0,1
304,-0.0599889363423711,1,0,1,0,0,1,0,0,1,1,0,0,1,1,1,1,0,1,1,0,0,0,0,1,1,0,1,1,0,1
305,0.7501695111637,1,0,1,0,0,1,1,0,0,1,0,0,0,1,1,1,0,1,1,1,1,0,0,1,1,0,0,1,0,1
306,0.615668811563793,0,0,1,0,0,1,0,0,1,1,0,0,1,1,1,1,0,1,1,1,0,0,0,1,1,0,0,1,0,1
307,-0.311977813530893,1,0,1,0,0,1,1,0,0,1,0,0,0,1,1,1,0,0,1,1,0,0,0,0,1,0,0,0,0,1
308,0.270630519803295,1,1,1,0,0,1,1,0,1,1,0,0,1,1,1,1,0,1,1,1,0,0,1,1,1,0,0,1,0,1
309,-1.04948199736845,1,0,1,0,0,0,1,0,0,1,0,1,0,1,0,1,0,1,1,0,0,0,0,0,0,0,0,1,0,1
310,-0.0988750782808702,1,0,1,0,0,1,0,0,1,1,0,1,0,1,1,1,0,0,1,0,0,0,0,1,1,0,0,0,0,1
311,-1.96385470591338,0,0,0,0,0,0,0,0,0,0,0,0,0,1,0,0,0,1,1,0,0,0,0,0,0,0,0,0,0,0
312,-0.598461453278703,1,0,0,0,0,0,0,0,1,1,0,0,0,1,1,1,0,0,1,0,0,0,0,1,0,0,0,1,0,1
313,0.190387945233806,1,0,1,0,0,1,1,0,1,1,0,0,1,1,1,1,0,0,1,0,0,0,1,0,1,0,0,1,1,0
314,-0.60648381902494,0,0,1,0,0,0,0,0,0,1,0,0,0,1,1,0,0,0,0,0,0,0,0,0,0,0,0,0,0,1
315,0.577104081682815,1,1,1,0,1,1,0,0,1,1,0,0,1,1,1,1,0,0,1,1,0,0,0,1,1,0,1,1,1,1
316,0.782490036314149,1,0,1,0,0,1,0,0,1,1,0,1,1,1,1,1,0,0,1,1,0,0,0,1,1,0,0,1,0,1
317,-0.74249626507003,0,0,0,0,0,0,0,0,1,1,0,0,0,1,1,0,0,1,0,0,0,0,0,0,1,0,0,1,0,1
318,0.424522329885844,1,0,1,0,0,1,0,0,0,1,0,1,0,1,1,1,0,0,1,0,0,0,0,1,1,0,0,1,1,1
319,1.27403834786414,1,1,1,1,1,0,1,0,1,1,0,0,0,1,1,1,1,1,1,1,0,1,1,1,1,0,1,1,0,1
320,0.601661860521038,1,0,1,0,0,0,1,0,1,1,0,1,0,1,1,1,0,1,1,0,0,1,0,1,1,0,0,1,1,1
321,0.623415373182569,1,0,1,1,0,1,1,0,0,1,0,1,0,1,1,1,0,1,1,1,0,0,0,1,1,0,0,1,0,1
322,0.60654198435262,1,1,1,0,0,1,0,0,1,1,0,1,1,1,1,1,0,1,1,0,0,0,0,1,1,0,0,0,1,1
323,-1.6304255606176,0,0,1,0,0,0,1,0,0,1,0,0,0,1,0,0,0,0,0,0,0,0,0,0,0,0,0,0,0,0
324,0.76152062716718,1,1,1,0,0,1,1,0,1,1,0,1,0,1,1,1,0,1,1,1,0,0,0,1,1,0,0,1,1,1
325,-0.373145921261363,1,0,1,0,0,1,0,0,1,1,0,1,1,1,1,1,0,0,1,0,0,0,0,0,1,0,0,0,1,1
326,-1.31292348797424,1,0,1,0,0,0,0,0,1,0,0,0,0,1,0,0,0,0,1,0,0,0,0,0,1,0,0,0,0,0
327,1.04400862056703,1,1,1,0,0,1,0,0,1,1,0,1,1,1,1,1,0,1,1,1,0,1,1,1,1,0,0,1,0,1
328,-0.06975478282938,1,0,1,0,0,0,0,0,0,1,0,1,0,1,1,1,0,0,1,1,0,0,0,1,1,0,0,1,0,1
329,1.47291625586992,1,1,1,1,0,0,0,0,1,1,1,0,0,1,1,1,0,1,1,1,0,0,1,1,1,1,1,1,1,1
330,0.556665073893267,1,0,1,0,0,1,1,0,1,1,0,1,1,1,1,1,0,1,1,1,0,0,0,1,1,0,0,0,0,1
331,1.10304118589882,1,1,1,0,0,1,1,1,1,1,1,1,1,1,1,1,0,1,1,0,0,1,1,1,1,0,0,1,0,1
332,1.39166510138664,1,1,1,1,1,1,1,1,1,1,1,0,0,1,1,1,1,1,1,1,0,0,0,1,1,0,1,1,0,1
333,-1.6416689923967,0,0,1,0,0,0,0,0,0,0,0,0,0,0,0,0,0,0,0,0,0,0,0,0,1,0,0,1,0,0
334,-2.11553108675302,0,0,0,0,0,0,0,0,0,0,0,0,0,1,0,0,0,0,0,0,0,0,0,0,0,0,0,0,0,0
335,0.273160850496423,1,0,1,0,0,1,1,0,0,0,0,1,0,1,1,0,0,0,1,0,0,0,0,0,1,0,1,1,0,1
336,0.52010189648385,1,0,1,0,0,1,1,0,1,1,0,1,0,1,1,1,0,0,1,0,0,0,0,1,1,0,1,1,0,1
337,0.472794698074473,1,1,0,0,0,1,0,1,1,1,0,0,1,1,1,1,0,0,1,0,0,0,0,1,1,0,0,1,0,1
338,1.08438760803245,1,0,1,0,0,1,0,0,1,1,0,1,1,1,1,1,0,0,1,0,0,0,0,0,1,0,0,1,0,1
339,1.36544437115903,1,1,1,0,0,0,1,1,1,1,1,1,1,1,1,1,0,1,1,0,1,1,1,1,1,0,1,1,1,1
340,-0.748831308734419,1,0,1,0,0,0,1,0,0,1,0,0,0,1,0,0,0,1,0,0,0,0,0,1,1,0,0,1,0,1
341,-2.77819327198222,0,0,0,0,0,0,0,0,0,0,0,0,0,0,0,0,0,0,0,0,0,0,0,0,0,0,0,0,0,0
342,-0.467547164259464,1,0,1,0,0,0,0,0,1,1,0,1,0,1,1,1,0,1,1,1,0,0,0,1,0,0,0,1,0,1
343,-3.24195168981352,0,0,0,0,0,0,0,0,0,0,0,0,0,0,0,0,0,0,0,0,0,0,0,0,0,0,0,0,0,0
344,-0.193148084180097,1,0,0,0,0,1,0,0,1,1,0,1,0,1,1,1,0,1,1,0,0,0,0,1,1,0,0,0,0,1
345,-0.905373018195867,0,0,1,0,0,0,1,0,0,1,0,0,0,1,1,0,0,0,0,0,0,0,0,0,1,0,0,0,0,0
346,-0.345789338248835,1,0,1,0,0,1,1,0,1,1,0,0,0,1,1,0,0,1,1,0,0,0,0,1,1,0,0,0,0,0
347,-1.84038258423406,0,0,0,0,0,0,0,0,0,0,0,0,0,0,1,0,0,0,1,0,0,0,0,0,0,0,0,0,0,0
348,1.18391409154861,1,1,1,0,0,0,1,0,1,1,0,1,1,1,1,1,1,1,1,1,1,0,1,1,1,0,1,1,1,1
349,2.2293600082253,1,1,1,1,0,1,1,1,1,1,0,0,1,1,1,1,1,1,1,1,1,1,1,1,1,1,1,1,1,1
350,-0.640442809767433,1,0,1,0,0,0,1,0,0,1,0,0,0,1,1,0,0,0,1,0,0,0,0,0,1,0,1,0,0,1
351,-1.47405079198656,0,0,0,0,0,0,0,0,0,1,0,0,0,0,0,0,0,0,0,0,0,0,0,0,1,0,0,0,1,1
352,-0.556205187726087,1,0,1,0,0,1,1,0,1,1,0,1,0,1,0,1,0,0,1,0,0,0,0,1,1,0,0,1,0,1
353,-1.36595402877246,0,0,0,0,0,0,0,0,1,0,0,0,1,1,1,1,0,0,1,0,0,0,0,0,1,0,0,0,0,1
354,0.169287750831886,1,1,1,0,0,1,0,0,1,1,0,1,0,1,1,1,0,1,1,0,0,0,0,1,1,0,0,1,0,1
355,-0.740462899065897,1,1,0,0,0,0,1,0,1,1,0,0,0,1,1,0,0,0,1,1,0,0,0,0,1,0,0,0,0,1
356,0.0874953582945733,1,0,1,0,0,1,1,0,1,1,0,1,0,1,1,1,0,0,1,1,0,0,0,0,1,0,0,0,1,0
357,0.336209408026362,1,0,1,0,0,1,1,0,1,1,0,1,0,1,1,1,0,1,1,1,0,0,0,1,1,0,0,1,1,0
358,0.636904849438133,1,0,1,0,0,1,1,0,0,1,0,1,0,1,1,1,0,1,1,0,0,0,1,1,1,0,0,1,0,1
359,-0.41500794292909,1,0,1,0,0,0,1,0,1,1,0,1,0,1,1,1,0,1,1,0,0,0,0,1,1,0,0,1,0,1
360,0.246154973115433,1,0,0,0,0,1,1,0,1,1,0,0,0,1,1,1,0,0,1,0,0,0,0,1,1,0,1,0,0,1
361,0.224766928767858,1,0,1,0,0,1,1,0,0,1,0,0,1,1,1,1,0,1,1,0,0,0,0,1,0,0,0,1,1,1
362,0.842919501381856,1,1,1,0,0,1,1,0,1,1,0,1,0,1,1,1,0,0,1,0,0,0,1,1,1,0,1,1,0,1
363,-0.80446750947004,0,0,1,0,0,1,1,0,0,1,0,0,0,1,1,0,0,1,1,0,0,0,0,1,1,0,0,0,0,1
364,1.79758394811012,1,1,1,1,0,1,0,0,1,1,1,1,1,1,1,1,1,0,1,1,1,0,0,1,1,1,1,1,0,1
365,0.438007913223193,1,0,1,0,1,0,1,0,1,1,0,0,0,1,1,1,0,1,1,1,1,0,0,0,1,0,1,1,0,1
366,2.25649222330701,1,1,1,1,1,1,1,1,1,1,1,1,1,1,1,1,1,1,1,1,1,1,1,1,1,0,1,1,1,1
367,1.71569709883131,1,1,1,0,1,1,1,0,1,1,0,1,1,1,1,1,0,1,1,1,0,1,1,1,1,0,1,1,1,1
368,0.33138259074673,1,0,1,0,0,1,1,0,1,1,0,0,1,1,1,0,0,0,1,0,0,0,0,1,1,0,0,1,1,1
369,0.0170126358402493,1,1,1,0,0,1,1,0,1,1,0,0,1,1,1,1,0,0,1,0,0,0,0,1,1,0,0,1,0,1
370,-1.25943656328386,0,0,0,0,0,0,0,0,0,1,0,0,0,1,1,0,0,0,0,0,0,0,0,0,0,0,0,1,0,0
371,-1.13343442866205,0,0,0,0,0,1,1,0,1,0,0,1,1,1,0,0,0,0,0,0,0,0,0,0,0,0,0,1,0,0
372,0.41714088536867,1,0,1,0,0,1,0,0,0,1,0,0,1,1,1,1,0,1,1,0,0,0,0,1,1,0,0,1,0,1
373,0.330817048617328,1,0,1,0,0,0,1,0,1,1,0,1,0,1,1,1,0,1,1,0,1,0,0,1,1,0,0,1,0,1
374,-0.92191619335765,0,0,0,0,0,0,1,0,1,1,0,0,0,1,1,1,0,0,1,0,0,0,0,0,0,0,0,0,0,1
375,-0.745388841274917,1,0,0,0,0,0,0,0,1,1,0,0,0,1,1,0,0,1,1,0,0,0,0,0,1,0,0,1,1,1
376,-0.0273504062444175,1,0,1,0,0,1,1,0,1,1,0,0,0,1,1,1,0,1,1,1,0,0,0,1,1,0,0,1,1,1
377,-0.0136103294862516,1,0,1,0,0,1,0,0,0,1,0,0,0,1,1,1,0,1,1,1,0,0,0,1,1,0,0,1,1,1
378,0.584516891579787,1,0,1,0,0,1,0,0,1,1,0,0,0,1,1,1,0,1,1,1,0,0,0,1,1,0,0,1,0,1
379,0.185789132689691,1,0,1,0,0,1,1,0,1,1,0,1,1,1,1,1,0,1,1,0,0,0,0,1,0,0,0,0,1,1
380,0.884048917314495,1,0,1,0,0,0,0,0,1,1,0,1,1,1,1,1,0,1,1,0,0,0,1,1,1,0,0,1,0,1
381,-0.541338918104479,1,0,0,0,0,1,1,0,0,1,0,0,1,1,1,1,0,0,1,0,0,0,0,1,1,0,0,1,0,1
382,-1.39156791137201,0,0,0,0,0,0,1,0,1,0,0,0,0,1,0,0,0,0,0,0,0,0,0,0,1,0,0,0,0,0
383,-1.21675581199071,1,0,1,0,0,0,0,0,1,1,0,1,0,1,0,0,0,0,0,0,0,0,0,0,1,0,0,0,0,0
384,-0.63168842409667,1,0,1,0,0,1,0,0,1,1,0,1,0,1,1,0,0,0,0,0,0,0,0,1,0,0,0,0,1,0
385,1.052796322286,1,1,1,0,1,1,1,1,1,1,1,0,1,1,1,1,0,1,1,1,0,1,0,1,1,0,0,1,0,1
386,0.300850719140683,1,0,0,0,0,1,1,0,1,1,0,0,0,1,1,1,0,0,1,0,0,0,0,1,1,0,0,1,1,1
387,-1.56606171111924,0,0,0,0,0,0,0,0,1,0,0,0,0,1,1,1,0,0,1,0,0,0,0,0,0,0,0,1,0,0
388,0.0581206303687265,1,1,1,0,0,1,1,0,1,1,0,0,0,1,1,1,0,1,1,0,0,0,0,0,1,0,0,1,1,1
389,1.04766102867648,1,0,1,1,0,1,1,1,1,1,1,1,1,1,1,1,0,1,1,0,0,1,0,1,1,1,1,1,0,1
390,0.232918873914224,1,1,1,0,0,1,1,0,1,1,0,0,0,1,1,0,0,0,1,0,0,0,0,0,1,0,1,1,1,1
391,-0.164744090791505,1,0,1,0,0,1,1,0,1,1,0,0,0,1,0,1,0,0,0,0,0,0,0,1,1,0,0,1,0,0
392,3.18460735380298,1,1,1,1,1,1,1,1,1,1,1,1,1,1,1,1,1,1,1,1,1,1,1,1,1,1,1,1,1,1
393,-1.36553935819511,0,0,0,0,0,0,1,0,0,1,0,0,0,1,0,0,0,0,0,1,0,0,0,0,0,0,0,0,0,1
394,-1.46320507757822,0,0,0,0,0,0,0,0,0,0,0,0,0,1,0,0,0,1,0,0,0,0,0,0,1,0,0,0,0,0
395,-0.407417983185585,1,0,1,0,0,0,0,0,0,1,0,0,0,1,1,1,0,0,1,1,0,0,1,0,1,0,0,0,0,1
396,0.737164859430513,1,1,1,0,0,1,1,0,1,1,0,0,1,1,1,1,0,1,1,1,0,0,0,1,1,0,1,1,1,0
397,0.298542547196108,1,0,0,0,0,0,0,0,1,1,0,1,0,1,1,1,0,1,1,0,0,1,0,1,1,0,0,1,0,1
398,-1.38110540570382,0,0,0,0,0,0,0,0,0,0,0,0,0,1,0,1,0,1,0,0,0,0,0,0,0,0,0,0,0,0
399,0.896888693564013,1,1,1,0,1,1,0,0,1,1,0,1,1,1,1,1,0,1,1,1,0,0,0,1,1,0,1,1,1,1
400,-0.398059375586351,1,0,1,0,0,0,0,0,0,1,0,0,0,1,1,1,0,0,1,0,0,0,0,1,1,0,0,0,0,1
401,-1.04804555812093,1,0,1,0,0,0,1,0,0,0,0,0,0,1,1,0,0,0,0,0,0,0,0,0,0,0,0,0,0,1
402,-0.0559213525664415,1,0,1,0,0,1,0,0,1,1,0,0,0,1,1,0,0,0,1,1,0,0,1,0,1,0,0,0,0,1
403,0.531240868253114,1,0,1,0,1,1,1,0,1,1,0,0,0,1,1,1,0,0,1,0,0,0,0,1,1,0,0,1,1,0
404,-0.51763848484119,1,0,1,0,0,0,0,0,1,1,0,1,0,1,1,1,0,1,1,0,0,0,0,0,1,0,0,1,0,1
405,-0.589345538106253,0,0,1,0,0,1,0,0,1,1,0,0,0,1,1,1,0,1,0,0,0,0,0,0,0,0,0,0,0,1
406,-0.442578017469683,1,0,1,0,0,1,1,0,1,1,0,0,0,1,1,1,0,0,1,0,0,0,0,1,1,0,0,0,0,1
407,0.706461711318002,1,1,1,0,0,0,1,0,1,1,0,1,1,1,1,1,0,1,1,0,0,0,0,1,1,0,1,1,0,1
408,0.260784314563864,1,1,1,0,0,1,0,0,1,1,1,0,0,1,1,1,0,1,1,1,0,0,1,1,1,0,0,0,0,0
409,-1.30211885995845,0,0,0,0,0,0,0,0,1,0,0,0,1,1,0,0,0,1,0,0,0,0,0,1,1,0,0,1,0,0
410,-1.29579816847076,0,0,1,0,0,0,1,0,0,1,0,0,0,1,0,0,0,1,0,0,0,0,0,0,0,0,0,1,0,0
411,-0.0295645178804278,1,0,1,0,0,1,1,0,1,1,0,1,1,1,1,1,0,1,0,0,0,0,0,1,1,0,0,1,0,1
412,-0.113704260590547,1,0,1,0,0,1,0,0,0,1,0,1,0,1,1,1,0,0,1,0,0,0,0,1,1,0,0,0,0,0
413,1.74823307430168,1,1,1,1,0,1,1,1,1,1,0,1,1,1,1,1,1,1,1,1,1,1,1,1,1,0,1,1,0,1
414,-0.634719168208948,1,0,1,0,0,0,1,0,1,1,0,0,1,1,1,1,0,0,0,0,0,0,0,0,1,0,0,0,0,0
415,-0.59647132169853,0,0,0,0,0,1,0,0,0,1,0,0,0,1,1,0,0,0,0,0,0,0,0,0,1,0,0,1,0,1
416,-0.232509236481306,0,0,1,0,0,0,0,0,0,1,0,0,0,1,1,1,0,1,1,0,0,0,0,1,1,0,0,0,0,1
417,-0.782598872778177,1,0,0,0,0,1,0,0,0,1,0,1,0,1,1,1,0,1,0,0,0,0,0,1,1,0,0,0,0,1
418,1.19050614943108,1,1,1,0,0,1,1,1,1,1,0,1,1,1,1,1,1,1,1,1,0,0,0,1,1,0,0,1,1,1
419,0.473232450829887,1,1,1,0,1,1,1,0,1,1,0,1,0,1,1,0,0,1,1,0,0,0,1,1,1,0,0,1,0,1
420,-0.570691836949176,0,0,1,0,0,0,0,0,1,1,0,0,1,1,0,0,0,0,1,0,0,0,0,0,0,0,0,1,0,1
421,0.543448398399517,1,1,1,0,0,1,1,0,1,1,0,0,1,1,1,1,0,0,1,1,0,0,0,1,1,0,0,1,1,1
422,0.0198910228080217,1,0,1,0,0,0,1,0,0,1,0,0,1,1,1,1,0,1,0,0,0,0,1,1,1,0,1,1,1,1
423,0.235780706992805,1,0,1,0,0,1,0,0,0,1,0,0,0,1,1,1,0,0,1,0,0,0,0,0,1,0,0,1,0,1
424,0.129513544835843,1,0,0,0,0,0,0,0,1,1,0,0,1,1,1,1,0,1,1,1,0,0,0,1,1,0,0,1,0,0
425,-0.257964356223344,1,0,1,0,0,0,1,0,1,1,0,1,0,1,1,1,0,0,1,0,0,0,0,1,1,0,0,0,0,1
426,-0.560050209402175,1,0,1,0,0,0,1,0,1,1,0,0,0,1,1,1,0,0,1,0,0,0,0,0,1,0,1,1,0,0
427,-0.593408726280289,0,0,0,0,0,0,0,0,0,1,0,0,0,1,1,1,0,1,1,0,0,0,0,0,1,0,0,0,0,1
428,0.0829659193021118,1,0,1,0,0,0,1,0,1,1,0,0,0,1,1,1,0,1,1,0,0,0,0,1,1,0,0,1,0,1
429,-0.0165144947089951,1,0,1,0,0,1,1,0,1,1,0,0,0,1,1,1,0,0,1,0,0,0,0,1,1,0,0,1,0,1
430,-1.26481105387577,1,0,0,0,0,1,0,0,0,1,0,0,0,0,1,0,0,0,0,0,0,0,0,1,1,0,0,0,0,0
431,-0.452560738710983,1,0,1,0,0,1,0,0,1,1,0,1,0,1,1,0,0,0,1,0,0,0,0,1,1,0,0,0,0,1
432,0.511948617566818,1,1,1,0,0,1,1,0,1,1,0,1,1,1,1,0,0,1,1,0,0,0,0,1,1,0,0,0,0,1
433,-0.463469838413527,1,1,1,0,0,0,0,0,0,1,0,0,0,1,1,0,0,1,1,0,0,0,0,1,1,0,0,1,1,0
434,1.38805797230607,1,0,1,0,1,1,1,0,1,1,1,1,0,1,1,1,0,1,1,1,0,1,0,1,1,0,1,1,1,1
435,-0.876809072692904,0,0,0,0,0,1,0,0,0,1,0,0,0,1,1,1,0,0,0,0,0,0,0,0,1,0,0,1,0,1
436,-0.63485928476736,0,0,0,0,0,0,0,0,1,1,0,0,1,1,1,1,0,0,0,0,0,0,0,0,1,0,0,0,0,0
437,-0.562507270655833,1,0,0,0,0,0,1,0,0,1,0,0,0,1,1,1,0,1,1,0,0,0,0,1,0,0,0,0,0,1
438,0.119885361775444,1,0,1,0,0,1,1,0,1,1,0,0,0,1,1,1,0,0,1,0,0,0,0,1,1,0,0,1,1,1
439,0.991161897098062,1,0,1,1,1,1,1,0,1,1,1,1,1,1,1,1,0,1,1,1,0,0,1,1,1,0,0,1,1,1
440,-0.778403603691559,0,0,0,0,0,0,1,0,0,0,0,0,0,1,1,1,0,1,0,0,0,0,0,0,1,0,0,1,0,0
441,-1.70526135293262,0,0,1,0,0,0,0,0,1,0,0,1,0,1,0,0,0,0,0,0,0,0,0,0,0,0,0,0,0,0
442,-1.26705494727342,0,0,0,0,0,0,1,0,0,1,0,0,0,0,1,0,0,1,1,0,0,0,0,1,1,0,0,0,0,1
443,0.606590969469055,1,1,1,0,0,0,0,0,1,1,0,1,0,1,1,1,0,1,1,1,0,0,0,1,1,0,1,1,1,1
444,0.912559716747238,1,1,1,0,0,1,1,1,1,1,0,1,0,1,1,1,1,1,1,0,0,0,1,1,1,0,1,1,0,1
445,0.152441378633542,1,1,1,0,0,1,1,0,1,1,0,1,0,1,1,1,0,1,1,1,0,0,0,1,1,0,0,0,1,1
446,-1.15932931847533,0,0,1,0,0,1,0,0,0,1,0,0,0,1,0,0,0,0,0,0,0,0,0,1,0,0,0,0,0,0
447,0.85990010102652,1,0,1,0,0,0,0,0,1,1,0,0,0,1,1,1,1,0,1,0,0,0,0,1,1,0,1,1,1,1
448,2.43923173592585,1,1,1,1,1,1,1,1,1,1,1,0,1,1,1,1,1,1,1,1,1,1,1,1,1,0,1,1,1,1
449,-0.0922201094984093,1,0,1,0,0,1,1,0,1,1,0,0,0,1,1,1,0,0,1,0,0,0,0,1,0,0,0,1,0,1
450,1.05195667902469,1,0,1,1,0,1,1,0,1,1,0,1,0,1,1,1,0,1,1,1,1,0,0,1,1,0,1,1,0,1
451,-0.770010361350748,1,0,1,0,0,0,1,0,0,1,0,1,0,1,1,1,0,0,0,0,0,0,0,0,1,0,0,0,0,0
452,-0.0507918579992016,1,0,1,0,0,1,0,0,1,1,0,1,0,1,1,1,0,1,1,0,1,0,0,0,1,0,0,1,0,0
453,0.457848061522465,1,0,1,0,0,1,1,0,0,1,0,1,0,1,1,1,0,0,1,0,0,0,0,1,1,0,0,1,1,1
454,0.384509321492224,1,1,1,0,0,1,0,0,0,1,0,1,0,1,1,1,0,1,1,0,0,0,0,1,1,0,0,1,1,1
455,1.09347975912694,1,0,1,0,0,1,1,1,1,1,1,1,1,1,1,1,0,0,1,1,0,1,0,1,1,0,1,1,1,1
456,1.50538823482509,1,0,1,1,0,1,1,1,1,1,1,1,0,1,1,1,0,1,1,0,0,0,1,1,1,0,1,1,1,1
457,0.364558186168038,1,0,0,1,0,1,1,0,1,1,0,0,1,1,1,1,0,0,1,0,0,0,0,1,1,0,0,1,0,1
458,-0.178390906469601,1,0,1,0,0,1,0,0,1,1,0,0,0,1,1,1,0,0,0,0,0,0,0,1,1,0,0,1,0,1
459,-1.47415674004806,0,0,1,0,0,1,0,0,0,0,0,0,0,0,0,0,0,0,0,0,0,0,0,0,0,0,0,1,0,0
460,-0.214349818060842,1,1,1,0,0,0,0,0,0,1,0,0,0,1,1,1,0,0,0,1,0,0,0,1,0,0,0,1,1,1
461,-0.176597247178934,1,1,1,0,0,1,1,0,1,1,0,1,0,1,1,1,0,1,1,1,0,0,0,1,1,0,1,1,0,1
462,-1.65118301053222,0,0,1,0,0,0,0,0,0,0,0,0,0,1,0,0,0,0,0,0,0,0,0,1,1,0,0,0,0,0
463,0.463428425484681,1,0,1,0,0,0,1,0,1,1,0,1,0,1,1,1,0,1,1,0,0,0,0,0,1,0,0,1,1,1
464,0.565428818815675,1,0,1,0,0,1,0,0,1,1,0,1,1,1,1,1,0,0,1,1,0,0,0,1,1,0,0,1,1,1
465,0.73965454426261,1,1,1,0,0,1,1,0,0,1,0,1,0,1,1,1,0,0,1,1,0,0,0,1,1,0,0,1,0,1
466,-0.119393979818835,1,0,1,0,0,0,0,0,1,1,0,0,1,1,1,0,0,1,0,0,0,0,0,1,1,0,0,1,0,1
467,0.893805268834086,1,1,1,0,0,1,1,0,1,1,0,1,0,1,1,1,1,1,1,0,1,0,1,1,1,0,1,1,1,1
468,-0.611575120822933,0,0,1,0,0,1,1,0,1,1,0,0,0,1,0,1,0,0,0,0,0,0,0,0,1,0,0,0,1,1
469,-0.504811666258356,0,0,1,0,0,1,0,0,0,1,0,0,0,1,1,1,0,0,0,0,0,0,0,0,1,0,0,0,0,1
470,-1.50514809658104,0,0,0,0,0,0,0,0,0,0,0,0,0,0,0,0,0,0,0,0,0,0,0,0,0,0,0,0,0,0
471,-0.649806527737416,1,0,1,0,0,0,0,0,1,1,0,0,0,1,1,1,0,1,1,0,0,0,0,1,1,0,0,0,0,0
472,0.342660256785054,1,0,1,0,0,0,1,0,0,1,0,1,0,1,1,1,0,0,1,0,0,0,0,0,1,0,0,1,0,1
473,-0.267965229718382,0,0,0,0,0,0,0,0,1,1,0,1,0,1,1,1,0,1,1,0,0,0,0,1,1,0,0,1,1,1
474,0.281667041433159,1,0,1,0,0,1,1,0,1,1,0,1,0,1,1,1,0,1,1,0,0,0,0,1,0,0,0,0,0,0
475,-0.394810513082811,1,1,1,0,0,1,0,0,0,1,0,1,0,1,1,0,0,1,1,0,0,0,0,1,1,0,0,0,0,1
476,-0.0981759055657228,1,0,1,0,0,0,1,0,1,1,0,0,0,1,1,1,0,0,1,0,0,0,1,1,1,0,0,1,0,1
477,-0.632035370191236,1,1,1,0,0,1,0,0,1,1,0,0,1,1,0,1,0,0,1,0,0,0,0,0,1,0,0,1,0,1
478,-0.516651960350795,1,0,1,0,0,0,1,0,1,1,0,0,0,1,1,1,0,1,0,0,0,0,0,0,1,0,0,1,1,1
479,1.21004489735909,1,1,1,0,0,1,1,0,1,1,1,0,0,1,1,1,1,1,1,1,0,0,1,1,1,0,0,1,1,0
480,-1.19930380049056,0,0,1,0,0,0,1,0,0,1,0,0,0,1,0,0,0,0,0,0,0,0,0,0,0,0,0,0,0,1
481,-1.12283266686436,0,0,1,0,0,0,1,0,0,1,0,0,1,1,0,1,0,0,1,0,0,0,0,0,1,0,0,1,0,0
482,0.691556415944531,1,0,1,1,0,1,0,0,0,1,0,0,0,1,1,1,1,1,1,1,1,0,0,1,1,0,0,1,1,1
483,0.478942404326632,1,1,1,0,0,1,0,0,1,1,0,0,0,1,1,1,0,1,1,0,0,0,0,1,1,0,1,1,1,1
484,1.41364708641846,1,1,1,1,0,1,1,1,1,1,0,0,1,1,1,1,0,1,1,1,0,1,0,1,1,0,0,1,1,1
485,-1.9160643303469,0,0,0,0,0,0,0,0,0,0,0,0,0,1,0,0,0,0,0,0,0,0,0,0,0,0,0,0,0,0
486,1.47393429565107,1,1,1,0,1,1,1,0,1,1,1,0,1,1,1,1,0,0,1,1,0,0,1,1,1,0,1,1,1,1
487,-0.574056243392768,0,0,1,0,0,1,0,0,1,1,0,1,0,1,1,1,0,0,1,0,0,0,0,1,1,0,0,1,0,0
488,-0.323768889179495,1,0,1,0,0,1,1,0,0,1,0,1,0,1,1,1,0,1,0,1,0,0,0,1,0,0,0,0,0,1
489,0.92806237386488,1,0,1,0,0,1,0,0,1,1,1,0,0,1,1,1,0,1,1,1,0,0,0,1,1,0,1,1,1,1
490,0.79842808518151,1,1,1,1,1,0,1,1,0,1,0,0,0,1,1,1,0,1,1,1,0,0,0,0,1,0,0,1,1,1
491,0.101002712150606,1,0,0,0,0,0,0,0,1,1,0,1,0,1,1,1,0,0,1,0,0,0,0,1,1,0,0,1,1,0
492,0.689928693061967,1,0,1,0,1,1,0,0,1,1,0,1,0,1,1,1,0,0,1,1,1,0,0,1,1,0,0,1,0,1
493,-0.381527640039181,0,0,1,0,0,1,0,0,1,1,0,1,1,1,1,1,0,0,1,1,0,0,0,0,1,0,0,1,0,1
494,-0.867086481830616,1,0,1,0,0,0,0,0,1,1,0,0,0,1,1,1,0,1,1,0,0,0,0,1,0,0,0,1,0,0
495,1.9325512631015,1,1,1,1,1,1,1,1,1,1,0,1,1,1,1,1,0,0,1,0,0,0,1,1,1,1,0,1,1,1
496,-0.311105321466518,1,0,1,0,0,1,1,0,1,1,0,0,0,1,1,0,0,0,1,0,0,0,0,1,0,0,0,1,0,0
497,-0.897012465544015,0,0,0,0,0,1,0,0,0,1,0,0,1,1,1,0,0,0,1,0,0,0,0,1,1,0,0,1,0,0
498,0.733108458051615,1,0,1,0,0,1,0,0,1,1,0,1,1,1,1,1,0,1,1,1,0,0,0,1,1,0,0,0,0,1
499,0.843124936423189,1,1,1,0,0,1,1,0,0,1,0,1,0,1,1,1,0,0,1,1,0,0,0,1,1,0,1,1,1,1
500,-1.81351074157142,0,0,0,0,0,0,0,0,0,0,0,0,0,1,0,0,0,0,1,0,0,0,0,0,1,0,0,1,0,0
501,1.76380824659504,1,1,1,0,1,1,1,1,1,1,1,1,1,1,1,1,1,1,1,1,1,1,1,1,1,1,0,1,0,1
502,-0.185270599840987,1,1,1,0,0,0,1,0,1,1,1,1,0,1,1,1,0,1,1,0,0,0,0,1,1,0,0,0,1,1
503,-2.81043757359229,0,0,0,0,0,0,1,0,0,0,0,0,0,0,0,0,0,0,0,0,0,0,0,0,0,0,0,0,0,0
504,0.0274102282585025,1,1,1,0,0,0,1,0,0,1,0,1,0,1,1,1,0,1,0,0,0,0,0,0,1,0,0,1,0,1
505,0.147631574031206,1,1,1,0,0,1,1,0,1,1,0,0,0,1,1,1,0,1,1,1,0,0,1,1,1,0,0,0,0,1
506,-0.263605352071289,1,0,0,0,0,1,0,0,1,1,0,0,0,1,1,1,0,1,1,0,0,0,0,1,1,0,0,1,0,1
507,0.766656031869504,1,1,1,0,0,1,1,0,1,1,0,1,1,1,1,1,0,1,1,1,0,1,1,1,1,0,0,1,0,1
508,-0.733916809398839,0,0,1,0,0,1,0,0,1,1,0,0,0,1,1,1,0,1,1,0,0,0,0,0,0,0,0,1,0,1
509,-0.314127966586041,1,0,1,0,0,1,0,0,0,1,0,0,0,1,1,1,0,0,1,0,0,0,0,1,0,0,0,0,0,1
510,-1.70370204149163,0,0,0,0,0,1,0,0,1,1,0,0,0,1,1,0,0,0,0,0,0,0,0,0,1,0,0,1,0,0
511,0.0304620517555882,1,1,1,0,0,0,1,0,1,1,0,0,0,1,1,1,0,0,1,0,0,0,0,1,1,0,0,1,1,1
512,0.409774339626758,1,1,1,0,0,1,1,0,0,1,0,1,0,1,1,1,0,0,1,0,0,0,0,1,1,0,0,1,0,1
513,0.537671485748707,1,0,1,0,0,1,1,0,1,1,0,0,1,1,1,1,0,1,1,1,0,0,0,1,1,0,0,0,1,1
514,0.00181280667692767,1,0,1,0,0,1,1,0,1,1,0,0,0,1,1,1,0,0,1,0,0,0,0,1,1,0,1,1,0,1
515,-0.290073748394251,1,0,1,0,0,1,1,0,0,1,0,1,0,1,1,1,0,1,1,0,0,0,0,1,1,0,0,1,1,1
516,-0.911705014618269,0,0,0,0,0,0,1,0,1,1,0,1,0,1,1,0,0,0,0,0,0,0,0,0,1,0,0,0,0,1
517,1.99174505331817,1,1,1,0,1,1,1,0,1,1,1,1,0,1,1,1,1,0,1,1,1,1,1,1,1,1,0,1,1,1
518,-0.637712947388298,0,0,1,0,0,1,0,0,0,1,0,0,0,1,1,0,0,0,1,0,0,0,0,1,1,0,0,1,0,0
519,-0.132211265509049,1,0,1,0,0,1,1,0,1,1,0,0,0,1,1,1,0,1,1,0,0,0,1,0,1,0,0,0,0,1
520,0.821881553095463,1,1,1,0,0,1,1,1,1,1,1,0,0,1,1,1,1,1,1,1,1,0,1,1,1,0,1,1,1,1
521,-0.726910857754407,1,0,1,0,0,0,0,0,0,1,0,0,0,1,1,1,0,1,1,0,0,0,0,0,1,0,0,1,1,1
522,-1.37557969874963,0,0,0,0,0,0,1,0,0,1,0,0,0,1,1,0,0,1,0,0,0,0,0,0,0,0,0,0,0,1
523,0.411737631168204,1,0,1,0,0,1,1,0,1,1,0,1,0,1,1,1,0,0,1,1,0,0,1,1,1,0,0,1,1,0
524,-0.228043752912895,1,0,1,0,0,0,1,0,0,1,0,0,0,1,1,1,0,0,1,0,0,0,0,1,1,0,0,1,0,0
525,-0.706735656187676,1,0,1,0,0,0,0,0,1,1,0,0,0,1,0,1,0,0,1,0,0,0,0,1,1,0,0,0,0,1
526,2.54532397882792,1,1,1,1,1,1,1,1,1,1,1,1,1,1,1,1,1,1,1,1,1,1,1,1,1,1,1,1,1,1
527,0.969483989160039,1,1,1,0,0,1,1,0,0,1,1,1,1,1,1,1,0,0,1,1,0,1,0,1,1,0,0,1,1,1
528,1.27824009094667,1,0,1,1,1,1,1,1,1,1,0,1,1,1,1,1,0,1,1,0,0,0,1,1,1,0,1,1,1,1
529,-0.956762810724667,0,0,0,0,0,0,0,0,0,1,0,0,0,1,1,1,0,0,0,0,0,0,0,1,1,0,0,1,0,0
530,-0.440068140995071,1,0,1,0,0,1,0,0,1,1,0,0,0,1,1,0,0,0,1,0,0,0,0,0,0,0,0,0,0,0
531,1.23249496007676,1,0,1,0,1,1,1,0,1,1,0,1,1,1,1,1,0,1,1,1,1,0,0,1,1,0,1,1,1,1
532,0.085407371096095,0,0,1,0,0,1,0,0,1,1,0,1,0,1,1,1,0,1,1,0,0,0,0,1,1,0,0,1,0,0
533,0.162052234914444,1,0,1,0,0,1,0,0,1,1,0,1,0,1,1,1,0,0,1,1,0,0,0,1,1,0,0,1,1,1
534,-2.10682928428474,0,1,0,0,0,0,0,0,0,0,0,0,0,0,0,0,0,0,1,0,0,0,0,0,0,0,0,1,0,0
535,1.83992143963287,1,1,1,0,0,1,1,1,1,1,1,0,1,1,1,1,1,1,1,1,0,1,0,1,1,0,1,1,1,1
536,1.27109084218901,1,1,1,1,1,1,0,1,1,1,0,1,1,1,1,1,0,1,1,0,0,1,0,1,1,0,0,1,1,1
537,-1.1678778824843,0,0,1,0,0,0,0,0,0,1,0,0,0,1,1,1,0,0,1,0,0,0,0,0,1,0,0,1,0,0
538,1.4233666912016,1,0,1,0,1,1,1,0,1,1,0,1,1,1,1,1,0,0,1,1,1,1,0,1,1,0,1,1,1,1
539,-0.555218819701913,1,0,0,0,0,1,1,0,1,1,0,0,0,1,1,0,0,0,1,0,0,0,0,1,1,0,0,0,0,1
540,0.788693571036166,1,0,1,0,0,1,1,0,1,1,0,1,1,1,1,1,0,0,1,1,0,0,1,1,1,0,0,1,0,1
541,2.29915666013668,1,1,1,1,1,1,1,1,1,1,0,1,1,1,1,1,1,1,1,1,1,0,1,1,1,1,1,1,1,1
542,-1.55731074319118,0,0,1,0,0,0,1,0,1,0,0,0,0,1,1,0,0,0,0,0,0,0,0,0,0,0,1,0,0,0
543,0.6118670328869,1,1,1,0,0,1,0,0,0,1,0,1,1,1,1,1,0,1,1,0,0,1,0,1,1,0,0,0,0,1
544,0.987444320669685,1,0,1,1,1,1,1,0,1,1,1,1,0,1,1,1,0,1,1,1,0,1,1,1,1,0,1,1,1,1
545,1.35141639431643,1,1,1,0,1,1,1,0,1,1,0,1,1,1,1,1,0,1,1,0,0,1,1,1,1,1,1,1,0,1
546,0.275539197707743,1,1,1,0,1,0,0,0,1,1,0,0,1,1,1,1,0,0,1,0,0,0,0,1,1,0,1,1,1,1
547,0.889621435542592,1,1,1,0,0,1,1,0,1,1,0,1,1,1,1,1,0,0,1,0,1,0,0,1,1,0,0,1,1,1
548,-1.27321838933038,0,0,1,0,0,0,0,0,0,1,0,0,0,1,1,0,0,0,1,0,0,0,0,1,1,0,0,1,0,1
549,-2.61437404609552,0,0,0,0,0,0,0,0,0,0,0,0,0,0,0,0,0,0,0,0,0,0,0,0,0,0,0,0,0,0
550,-0.54935135005356,1,0,1,0,0,0,1,0,0,1,0,0,0,1,1,1,0,0,1,0,0,0,0,0,0,0,0,0,0,1
551,-0.345439479575157,1,0,1,0,0,0,1,0,0,1,0,1,0,1,1,1,0,1,1,0,0,0,0,1,1,0,0,0,0,1
552,1.09427374648218,1,1,1,0,1,1,1,0,1,1,1,1,1,1,1,1,0,0,1,0,0,0,0,1,1,0,1,0,0,1
553,-0.232883708018558,1,0,0,0,0,0,1,0,1,1,0,0,0,1,1,1,0,0,1,0,0,0,0,1,1,0,0,1,1,1
554,1.99327465208517,1,1,1,1,1,1,1,1,1,1,1,1,1,1,1,1,1,1,1,1,1,1,0,1,1,0,1,1,1,1
555,-0.0139230704901707,0,0,1,0,0,0,0,0,1,1,0,0,0,1,1,1,0,1,0,0,0,0,0,1,1,0,0,0,1,1
556,-1.11306214227084,1,0,0,0,0,0,1,0,0,1,0,1,0,1,1,0,0,0,0,1,0,0,0,1,0,0,0,0,0,0
557,1.02054407177872,1,1,1,0,0,1,1,1,1,1,1,1,1,1,1,1,0,1,1,1,0,0,1,1,1,0,0,1,1,1
558,2.20419744229013,1,1,1,1,1,1,0,1,1,1,1,1,1,1,1,1,1,1,1,1,1,1,1,1,1,1,1,1,1,1
559,0.653663492155397,1,1,0,0,0,1,1,1,0,1,0,0,0,1,1,1,0,1,1,1,0,0,0,1,1,0,1,1,0,1
560,1.90276902142429,1,1,1,1,0,1,1,1,1,1,0,1,1,1,1,1,1,1,1,1,0,1,0,1,1,0,1,1,1,1
561,-1.26544808257141,0,0,0,0,0,1,0,0,0,1,0,0,0,1,1,1,0,0,1,0,0,0,0,1,0,0,0,1,0,1
562,0.085577402340062,1,1,1,0,0,1,1,0,0,1,0,0,0,1,1,1,0,0,1,0,0,0,0,1,1,0,0,0,1,1
563,-1.42893276201617,0,1,0,0,0,1,0,0,1,0,0,0,0,0,0,0,0,0,1,0,0,0,0,0,0,0,0,0,0,0
564,1.27923410561019,0,1,1,1,1,1,1,0,1,1,1,0,1,1,1,1,0,1,1,1,0,1,1,1,1,0,1,1,1,0
565,1.47098906852109,1,1,1,0,1,1,1,1,1,1,1,1,1,1,1,1,0,0,1,1,1,1,0,1,1,1,0,1,0,1
566,1.6225199313079,1,1,1,0,0,1,1,1,1,1,0,1,0,1,1,1,0,1,1,1,0,1,1,1,1,1,1,1,1,1
567,1.04842295581486,1,1,1,0,0,1,1,0,1,1,0,1,1,1,1,1,0,0,0,1,0,0,0,1,1,0,0,1,1,1
568,-0.666390829943258,0,0,1,0,0,1,1,0,0,1,0,0,0,1,1,0,0,0,0,0,0,0,0,1,0,0,0,1,0,0
569,0.528045257374853,1,1,1,0,0,1,1,1,1,1,0,1,0,1,1,1,0,1,1,0,0,0,1,1,1,0,0,0,0,1
570,0.251588550927108,1,1,1,0,1,1,0,1,0,1,0,0,1,1,1,1,0,1,1,1,0,0,0,1,1,0,0,0,1,1
571,-0.17606055772673,1,0,1,0,0,0,0,0,1,1,0,0,0,1,1,1,0,1,1,0,0,0,0,0,0,0,0,1,0,1
572,0.173647252327445,1,0,1,0,0,1,1,0,1,1,0,1,1,0,1,1,0,1,1,1,0,0,0,1,1,0,0,0,0,1
573,0.380223348263726,1,0,1,0,0,1,1,0,1,1,1,1,1,1,1,1,0,1,1,1,0,0,0,1,1,0,1,1,0,1
574,1.20010941797962,1,0,1,0,1,1,1,0,1,1,0,0,1,1,1,1,0,1,1,1,0,1,0,1,1,0,0,1,1,1
575,-0.0720600433311297,1,0,1,0,0,0,0,0,0,1,0,1,0,1,1,1,0,1,1,0,0,0,0,0,1,0,0,1,1,1
576,-1.12246036261187,1,0,1,0,0,0,0,0,0,1,0,1,0,1,1,1,0,1,1,0,0,0,0,1,0,0,0,0,0,0
577,0.85687912643946,1,0,1,0,0,0,0,1,1,1,0,1,0,1,1,1,0,1,1,1,0,1,0,1,1,1,0,1,1,1
578,-0.742493096784729,1,0,0,0,0,0,0,0,0,1,0,0,0,1,1,0,0,0,0,0,0,0,0,1,1,0,0,0,0,1
579,0.0735470206694531,1,1,1,1,0,1,1,0,0,1,0,1,0,1,1,1,0,0,1,0,0,0,0,1,1,0,0,1,0,1
580,-0.740197922870864,0,0,0,0,0,1,0,0,1,0,0,0,0,1,1,1,0,0,0,0,0,0,0,0,1,0,0,1,0,0
581,1.65930990085814,1,1,1,0,1,1,1,1,1,1,0,1,1,1,1,1,0,1,1,0,0,0,1,1,1,1,1,1,1,1
582,1.20507687459082,1,1,1,0,0,1,1,0,1,1,0,0,1,1,1,1,0,1,1,1,0,1,1,1,1,0,1,1,1,1
583,0.0617003800217444,1,0,1,0,0,1,1,0,1,1,0,1,0,1,1,1,0,0,0,0,0,0,0,1,1,0,0,1,0,1
584,0.113048888634898,0,0,1,0,1,0,1,0,1,1,0,1,0,1,1,1,0,1,1,0,0,0,0,1,1,0,0,1,0,1
585,0.961886657065606,1,1,1,0,0,1,1,0,1,1,1,1,0,1,1,1,1,1,1,1,0,1,1,1,1,0,0,1,0,1
586,0.94972898331977,1,1,1,1,1,1,1,0,1,1,0,1,1,1,1,0,0,0,1,1,1,1,0,1,1,0,0,1,1,1
587,0.672744519676308,1,0,1,0,0,1,1,0,1,1,0,0,0,1,1,1,0,1,1,0,0,0,0,1,1,0,0,1,0,1
588,-0.316954917205948,0,0,1,0,0,1,1,0,0,1,0,0,0,1,1,0,0,1,1,0,0,0,0,1,1,0,0,1,0,1
589,-0.921646912931296,1,1,1,0,0,0,0,0,1,1,0,0,0,1,1,0,0,1,1,0,0,0,0,0,1,0,0,0,0,0
590,-0.338538985359731,1,1,1,0,0,1,0,0,0,1,0,1,0,1,1,0,0,0,1,0,0,0,0,1,1,0,0,0,0,0
591,2.32856324596089,1,1,1,1,1,1,1,0,1,1,1,1,1,1,1,1,1,1,1,1,1,1,1,1,1,1,1,1,1,1
592,-0.465960320013083,0,0,1,0,0,0,0,0,1,0,0,0,0,1,1,1,0,0,1,0,0,0,0,0,1,0,0,1,0,0
593,1.22115200237426,1,1,1,1,0,1,1,0,1,1,0,1,1,1,1,1,1,1,1,1,0,0,0,1,1,0,1,0,1,1
594,1.70432466906834,1,1,1,1,1,1,1,0,1,1,1,0,1,1,1,1,1,0,1,1,1,0,0,1,1,1,0,1,1,1
595,-0.106196840633377,1,0,1,0,0,1,1,0,1,1,0,0,0,1,1,1,0,1,1,0,0,0,0,1,1,0,1,1,0,1
596,0.656590311052131,1,1,1,1,0,1,1,0,0,1,0,1,1,1,1,1,0,1,1,1,1,0,0,1,1,0,1,0,0,1
597,1.35132577122255,0,1,1,0,0,1,0,0,1,1,1,1,0,1,1,1,1,0,1,1,0,0,1,1,1,0,0,1,1,1
598,2.13062979346983,1,1,1,1,0,1,1,1,1,1,1,1,1,1,1,1,1,1,1,1,1,1,1,1,1,1,1,1,1,1
599,0.0530128749792574,1,0,1,0,0,1,1,0,1,1,1,1,0,1,1,1,0,1,1,0,0,0,0,0,1,0,0,1,1,0
600,-1.88733383808856,0,0,0,0,0,0,0,0,0,0,0,0,0,1,0,0,0,0,0,0,0,0,0,0,1,0,0,0,0,0
601,0.322835032440587,1,0,0,0,0,0,0,0,1,1,0,0,0,1,1,1,0,1,1,0,0,0,0,1,0,0,0,0,0,1
602,0.564728851902625,1,0,1,0,0,0,1,0,1,1,0,1,1,1,1,1,0,1,1,0,0,0,1,1,1,0,0,0,1,1
603,0.782203823429254,1,0,1,1,1,0,1,0,1,1,0,0,1,1,1,0,1,1,1,1,0,0,1,0,1,0,0,1,1,1
604,-0.146033900913144,1,0,1,0,0,1,1,0,1,1,0,0,0,1,1,1,0,1,1,0,0,0,0,0,1,0,0,1,0,1
605,0.438197493106141,1,0,1,0,0,1,0,0,1,1,0,1,0,1,1,1,0,1,1,0,0,0,1,1,1,0,0,1,1,1
606,-1.21170062770111,0,0,0,0,0,1,0,0,0,1,0,0,0,1,1,0,0,0,1,0,0,0,0,0,0,0,0,0,0,0
607,-1.582314952859,0,0,0,0,0,0,0,0,0,1,0,0,0,0,0,1,0,1,0,0,0,0,0,0,1,0,0,0,0,0
608,0.997925480420107,1,1,1,0,0,1,1,0,1,1,0,1,1,1,1,0,0,1,1,1,0,1,0,1,1,0,1,1,1,1
609,1.43755424578539,1,1,1,0,0,1,1,0,0,1,0,1,1,1,1,1,1,1,1,1,0,1,1,1,1,0,0,1,1,1
610,-0.907968212513641,1,0,0,0,0,1,1,0,0,1,0,0,0,1,0,1,0,0,0,0,0,0,0,0,1,0,0,1,0,1
611,1.23901919121969,1,0,1,0,0,1,1,0,1,1,0,1,1,1,1,1,0,0,1,1,0,0,0,1,1,0,1,1,0,1
612,1.42151154123308,1,1,1,0,1,1,1,0,1,1,1,1,1,1,1,1,0,1,1,1,0,1,1,1,1,0,0,1,1,1
613,-1.77765558739574,0,0,1,0,0,0,0,0,0,1,0,0,0,0,0,0,0,1,0,0,0,0,0,1,0,0,0,0,0,1
614,0.171610951251381,0,0,1,0,0,1,1,0,1,1,0,0,0,1,1,0,0,0,1,1,0,0,0,1,1,0,0,1,0,0
615,-0.161397366761682,1,0,0,0,0,1,1,0,0,1,0,0,0,0,1,1,0,0,1,0,0,0,0,1,1,0,0,1,1,1
616,-0.541877757516515,0,1,0,0,0,1,0,0,0,1,0,1,1,1,1,0,0,0,1,0,0,0,0,1,1,0,0,0,0,1
617,1.00651365796795,1,0,1,0,1,1,1,0,1,1,0,1,1,1,1,1,0,0,1,1,0,0,0,1,1,0,0,1,1,1
618,-0.467836803511227,1,0,1,0,0,1,1,0,1,1,0,0,1,1,1,1,0,0,0,0,0,0,0,1,1,0,0,0,0,1
619,-0.991750455136794,0,0,0,0,0,1,0,0,1,1,0,0,0,1,1,0,0,0,0,0,0,0,0,1,0,0,0,0,0,0
620,-1.55512017275936,1,0,0,0,0,0,0,0,0,0,0,0,0,1,1,1,0,0,0,0,0,0,0,0,0,0,0,0,0,0
621,2.25231036256402,1,1,1,1,1,1,1,1,1,1,1,0,1,1,1,1,1,1,1,1,1,1,1,1,1,0,1,1,1,1
622,-0.0192036070101201,1,0,0,0,0,0,1,0,1,1,0,0,1,1,1,0,0,0,1,0,0,0,0,0,1,0,0,0,1,1
623,-0.457931966685419,1,0,1,0,0,1,1,0,1,1,0,0,0,1,1,1,0,1,1,0,0,0,0,1,1,0,0,1,0,1
624,1.66712241945106,1,1,1,1,1,1,1,1,1,1,1,0,0,1,1,1,1,1,1,1,0,0,1,1,1,1,1,1,1,1
625,0.590312034933044,1,1,1,0,1,1,1,0,1,1,1,1,0,1,1,1,0,0,1,0,0,0,1,1,1,0,0,0,0,1
626,0.0949561296085537,1,0,1,0,0,1,1,0,1,1,0,1,0,1,1,1,0,0,1,0,0,0,0,0,1,0,0,1,1,1
627,0.238903042587391,1,0,1,0,0,1,1,0,1,1,0,0,0,1,1,1,0,0,1,0,0,0,0,1,1,0,0,1,0,1
628,0.42677839656674,1,1,1,0,0,1,1,0,1,1,0,1,0,1,1,1,0,0,1,0,0,0,0,1,1,0,0,1,0,1
629,-0.171135406553689,1,0,1,0,0,1,0,0,1,1,0,0,0,1,1,0,0,0,1,1,0,0,0,1,1,0,0,0,0,1
630,1.04917403192583,1,0,1,0,1,1,1,1,1,1,0,0,1,1,1,1,1,0,1,0,0,0,0,1,1,0,0,1,0,1
631,-0.0281387531566494,1,0,1,0,0,1,0,0,0,1,0,0,0,1,0,1,1,0,1,0,0,0,0,0,1,0,1,1,0,1
632,-0.00951496707222049,1,1,1,0,0,0,1,0,0,1,0,1,0,1,1,0,0,0,1,0,0,0,0,1,1,0,0,1,1,1
633,-1.51174022334133,0,0,0,0,0,0,1,0,0,0,0,0,0,0,1,0,0,0,0,0,0,0,0,0,0,0,0,0,0,1
634,-0.0533755946497935,1,0,0,0,0,0,0,0,1,1,0,0,0,1,1,0,0,0,1,0,0,0,0,0,1,0,0,1,0,1
635,0.164504795817735,0,0,1,0,0,1,0,0,0,1,0,0,0,1,1,0,0,1,1,1,0,1,0,1,1,0,0,1,0,1
636,0.263474682260074,1,0,1,0,0,1,1,0,1,1,0,0,0,1,1,1,0,0,1,0,0,0,0,1,1,0,1,0,1,1
637,0.215943343696603,1,0,0,0,0,1,1,0,0,1,0,0,0,1,1,1,0,1,0,1,0,0,0,0,1,0,0,1,0,1
638,0.287111886783827,0,0,1,0,0,1,1,0,1,1,0,0,1,1,1,0,0,1,1,1,0,0,0,1,1,0,0,1,0,1
639,0.78254835841914,1,1,1,0,1,1,0,0,1,1,0,1,1,1,1,1,0,1,1,1,0,0,0,1,1,0,0,0,0,1
640,-0.779072618194611,1,0,0,0,0,0,1,0,1,1,0,1,0,1,1,0,0,1,0,1,0,0,0,0,0,0,0,1,0,0
641,1.54937486236055,1,0,1,0,1,1,1,1,1,1,1,1,1,1,1,1,0,1,1,1,0,1,0,1,1,0,0,1,1,1
642,-0.222498634920575,1,0,1,0,0,1,0,0,1,1,0,0,0,1,1,0,0,1,0,0,0,0,0,1,1,0,0,1,0,1
643,0.501476561749858,1,0,1,0,0,1,1,0,1,1,0,1,0,1,1,1,0,0,1,1,0,0,0,1,1,0,1,1,0,1
644,-0.350777561911017,1,0,1,0,0,0,1,0,1,1,0,0,1,1,1,1,0,0,1,0,0,0,0,1,1,0,0,1,0,1
645,0.763801697470183,1,0,1,0,0,1,1,0,1,1,0,0,1,1,1,1,0,0,1,0,0,1,0,1,1,0,0,1,1,1
646,0.892832642251549,1,1,1,0,0,1,1,0,1,1,0,0,1,1,1,1,1,0,1,0,0,0,1,1,1,0,1,1,0,1
647,0.788104920450596,1,0,0,0,0,1,1,1,1,1,1,1,0,1,1,1,0,1,1,0,0,0,0,1,1,0,0,0,0,1
648,-2.22329180452937,0,0,1,0,0,0,0,0,0,1,0,0,0,1,1,0,0,0,0,0,0,0,0,0,0,0,0,0,0,0
649,1.3673681777311,1,1,1,0,1,1,0,1,1,1,1,1,0,1,1,1,1,1,1,1,0,1,1,1,1,0,1,1,0,1
650,0.885115110474819,1,1,1,0,0,1,1,1,1,1,0,1,0,1,1,1,0,0,1,1,1,0,0,1,1,0,0,1,0,1
651,-1.90079044959755,0,0,0,0,0,0,0,0,0,0,0,0,0,1,0,0,0,0,0,0,0,0,0,0,0,0,0,0,0,0
652,-0.519962096851679,1,0,1,0,0,0,1,0,1,1,0,0,1,1,1,0,0,1,1,0,0,0,0,1,1,0,0,0,0,1
653,0.68905518838649,1,1,1,0,0,1,1,0,0,1,0,1,1,1,1,1,0,0,0,0,0,0,0,1,1,1,0,1,1,1
654,-0.657078872306366,0,0,0,0,0,1,1,0,0,1,0,1,0,1,0,0,0,0,1,0,0,0,0,1,1,0,0,0,0,1
655,-0.234851659224017,1,1,1,0,0,1,1,0,1,0,0,0,0,1,1,1,0,0,1,0,0,0,1,1,1,0,0,1,1,1
656,0.702610831659078,1,0,1,0,0,1,0,0,0,1,0,1,0,1,1,1,0,1,0,0,0,0,0,1,1,0,0,1,1,1
657,0.092139141235904,1,1,1,0,0,1,0,0,1,1,0,1,0,1,1,0,0,0,1,0,0,0,0,1,1,0,0,1,1,1
658,-1.03442888917082,1,1,0,0,0,0,0,0,0,1,0,0,0,1,1,0,0,0,1,0,0,0,0,0,0,0,0,0,0,0
659,-1.08007935965826,1,0,0,0,0,0,0,0,1,1,0,0,0,1,1,1,0,0,1,0,0,0,0,0,1,0,0,0,0,0
660,0.802223759567597,1,0,1,0,0,1,1,1,1,1,0,1,0,1,1,1,0,1,1,0,0,0,1,1,1,0,1,1,0,1
661,-0.116301101996554,0,0,1,0,0,1,1,0,0,1,0,0,0,1,1,1,1,1,1,0,0,0,0,1,1,0,0,1,1,1
662,0.932767545406316,1,0,1,0,0,1,1,0,1,1,0,0,0,1,1,1,0,1,1,1,0,0,1,1,1,0,0,1,1,0
663,-1.06019611118002,1,0,0,0,0,1,0,0,0,1,0,1,0,1,1,1,0,0,1,0,0,0,0,1,0,0,0,0,0,0
664,-1.01620878124477,1,0,0,0,0,0,0,0,0,0,0,0,0,1,1,0,0,0,0,0,0,0,0,0,0,0,0,1,0,0
665,0.700530196699298,1,1,1,0,0,1,0,0,1,1,0,0,0,1,1,1,1,1,1,0,0,0,0,1,1,0,0,1,0,1
666,-0.0121372952122206,1,0,1,0,0,1,0,0,1,1,0,0,0,1,1,1,0,0,1,1,0,0,0,1,1,0,0,1,0,1
667,0.651485405079267,1,1,1,0,0,0,1,0,1,1,0,0,1,1,1,1,0,0,1,0,0,0,0,1,1,1,0,1,0,1
668,0.182814268648615,1,0,1,0,0,0,1,0,1,1,0,1,0,1,1,0,0,1,1,0,0,0,0,1,1,0,0,1,0,1
669,0.423922421663329,1,0,1,0,0,0,1,0,1,1,0,0,1,1,1,1,0,1,1,1,0,0,0,1,1,0,0,0,0,1
670,-0.514799131829904,1,0,1,0,0,0,0,0,1,1,0,0,0,1,0,1,0,0,0,0,0,0,0,0,1,0,0,1,0,1
671,-1.20981938278557,0,0,0,0,0,0,0,0,0,0,0,0,0,1,1,0,0,1,0,1,0,0,0,1,0,0,0,1,0,0
672,0.082924769062424,0,0,0,0,0,1,0,0,1,1,0,0,1,1,1,1,0,0,0,0,0,0,0,0,1,0,0,1,0,1
673,-0.0614517766556789,0,0,1,0,0,1,0,0,1,1,0,0,0,1,1,1,0,1,1,0,0,0,0,1,1,0,0,0,1,1
674,0.0824132702578808,1,0,1,0,0,1,0,0,1,1,0,0,0,1,1,1,0,0,1,0,0,0,0,1,1,0,1,0,1,1
675,-1.37307187096116,0,0,0,0,0,0,0,0,0,0,0,0,0,1,0,0,0,0,0,0,0,0,0,0,0,0,0,0,0,0
676,0.347110183490428,1,0,1,0,0,1,1,0,1,1,0,1,0,1,1,1,0,1,1,0,0,0,0,1,1,0,0,1,0,1
677,1.91970718652663,1,0,1,0,0,1,1,1,1,1,0,1,1,1,1,1,1,1,1,1,0,1,1,1,1,1,1,1,1,1
678,0.00140624052997932,1,1,1,0,0,1,1,0,1,1,0,0,1,1,1,1,0,1,1,0,0,0,0,1,1,0,0,1,0,1
679,-0.961309098622934,1,0,1,0,0,0,0,0,0,1,0,0,0,1,1,1,0,1,0,0,0,0,0,0,1,0,0,0,0,1
680,-0.0595393561733267,1,0,1,0,0,1,1,0,1,1,0,1,1,1,1,1,0,1,1,0,0,0,0,1,1,0,0,1,0,1
681,-0.862163260814577,0,0,1,0,0,0,0,0,0,1,0,0,0,1,0,1,0,0,1,0,0,0,0,1,1,0,0,1,0,0
682,0.580924744952657,1,1,1,0,0,1,1,0,1,1,0,0,1,1,1,1,0,0,1,1,1,0,0,1,1,0,0,1,0,1
683,-0.998395883344611,1,0,1,0,0,0,0,0,1,1,0,0,0,0,0,1,0,0,1,0,0,0,0,1,0,0,0,0,0,0
684,-0.577594408974298,1,0,0,0,0,0,0,0,1,1,0,0,0,1,1,1,0,1,0,0,0,0,0,1,1,0,0,0,1,1
685,0.166003933787054,1,0,0,0,0,0,1,0,1,1,0,0,0,1,1,1,0,1,1,0,0,0,0,1,0,0,0,1,0,1
686,0.525877555596255,1,0,1,0,0,1,1,0,1,1,0,1,0,1,1,1,0,1,1,0,0,0,0,1,1,0,0,1,0,1
687,0.609564475869187,1,0,1,0,0,1,1,0,1,1,0,0,1,1,1,1,0,1,1,0,0,0,0,1,1,0,0,1,0,1
688,0.688484166970975,1,0,0,0,0,1,0,1,1,1,0,0,0,1,1,1,0,1,1,0,0,0,0,1,1,0,1,1,0,1
689,-0.348103585875048,1,0,1,0,0,1,0,0,1,1,0,1,0,1,1,0,0,0,1,0,0,0,0,1,1,0,0,0,0,1
690,1.4428210917998,1,1,1,0,0,1,1,0,1,1,0,1,1,1,1,1,1,1,1,1,0,0,0,1,1,0,0,1,1,1
691,-1.16335850179905,1,0,0,0,0,1,0,0,1,1,0,0,0,1,0,0,0,1,0,0,0,0,0,0,0,0,0,0,0,1
692,1.31370741245753,1,0,1,0,1,1,1,1,1,1,1,1,1,1,1,1,0,0,1,1,0,1,1,1,1,0,0,0,0,1
693,-1.82870302283222,0,0,0,0,0,0,0,0,1,0,0,0,0,1,0,0,0,0,0,0,0,0,0,0,0,0,0,0,1,0
694,-3.11489775983893,0,0,0,0,0,0,0,0,0,0,0,0,0,0,0,0,0,0,0,0,0,0,0,0,0,0,0,0,0,0
695,-1.51108260530052,1,0,0,0,0,1,1,0,0,1,0,0,0,1,0,0,0,1,0,0,0,0,0,1,1,0,0,0,0,0
696,-0.559104164924807,1,0,1,0,0,0,0,0,0,0,0,1,1,1,1,0,0,0,1,1,0,0,0,1,1,0,0,0,1,1
697,-1.76672135149121,0,0,1,0,0,0,0,0,0,1,0,0,0,0,1,0,0,0,0,0,0,0,0,0,0,0,0,0,0,0
698,1.68385440958324,1,1,1,0,1,1,1,1,1,1,0,1,1,1,1,1,1,1,1,1,0,1,1,1,1,0,1,1,1,1
699,0.676856248235782,1,1,1,0,0,1,0,0,1,1,0,0,1,1,1,0,0,1,1,0,0,0,0,1,1,0,0,1,0,0
700,0.353585361406902,1,0,1,0,0,1,1,0,1,1,0,0,0,1,1,1,0,1,1,0,0,0,0,1,0,0,0,1,0,1
701,0.549397928038537,1,1,1,0,0,1,1,0,1,1,0,1,0,1,1,0,0,1,1,0,1,0,0,1,1,0,0,0,1,1
702,-1.39462475054486,0,0,0,0,0,1,0,0,1,1,0,0,0,1,1,0,0,0,0,0,0,0,0,1,1,0,0,0,0,0
703,-0.48652031908931,0,0,0,0,0,0,0,0,0,1,0,0,0,1,1,0,0,1,0,0,0,0,0,0,0,0,0,0,1,1
704,-1.39329093689478,0,0,0,0,0,0,0,0,0,0,0,1,0,1,0,1,0,0,1,0,0,0,0,0,0,0,0,0,0,1
705,-0.760516986487467,1,0,0,0,0,1,0,0,1,1,0,0,0,1,1,0,0,0,1,0,0,0,0,0,1,0,0,1,1,0
706,-1.47705531855184,0,0,1,0,0,0,1,0,0,1,0,0,0,0,0,1,0,0,0,0,0,0,0,0,1,0,0,0,0,1
707,0.549257832813234,1,0,1,0,0,1,1,0,1,1,0,0,1,1,1,1,0,1,1,0,0,0,0,1,1,0,0,0,1,1
708,-0.570502043834109,1,1,0,0,0,0,0,0,0,1,0,1,0,1,1,1,0,0,0,0,0,0,0,0,1,0,0,1,1,0
709,0.31172514655487,1,1,1,1,0,1,0,0,1,1,0,1,0,1,1,1,0,0,1,1,0,0,0,1,1,0,0,1,1,1
710,-0.0170883034430549,1,0,1,0,0,0,0,0,1,1,0,0,0,1,1,1,0,0,1,0,0,0,0,1,1,0,0,0,0,1
711,-1.73735936514361,0,0,1,0,0,0,0,0,0,0,0,0,0,0,0,1,0,0,0,0,0,0,0,0,0,0,0,0,0,0
712,-0.621528634436523,1,0,1,0,0,0,1,0,0,1,0,0,0,1,0,1,0,1,0,0,0,0,0,0,1,0,0,0,1,0
713,-0.148541699248162,1,1,1,0,0,1,1,0,1,1,0,1,0,1,1,1,1,0,1,0,0,0,0,1,1,0,0,0,1,1
714,0.0194519109854222,1,0,1,0,0,1,1,0,0,1,0,1,0,1,1,1,0,0,0,0,0,0,0,1,1,0,0,1,1,1
715,0.9620492172605,1,1,1,0,0,1,1,1,1,1,0,1,0,1,1,1,0,1,1,0,0,1,0,1,1,1,0,1,0,1
716,0.481680825847564,1,0,1,0,0,1,1,1,0,1,0,1,0,1,1,1,0,1,0,0,0,0,0,1,1,0,0,1,1,1
717,-0.983048705509668,0,0,1,0,0,0,1,0,0,1,0,0,0,1,1,0,0,0,1,0,0,0,0,0,0,0,0,1,0,0
718,1.06546943608611,1,0,0,1,1,1,1,1,1,1,0,1,1,1,1,0,0,0,1,0,1,0,0,1,1,0,0,1,1,1
719,-0.581004676137071,1,0,1,0,0,0,0,0,0,1,1,1,0,1,1,1,0,0,1,0,0,0,0,0,1,0,0,0,0,0
720,0.708877605620408,1,0,1,0,0,1,1,0,1,1,0,0,0,1,1,1,0,0,1,1,0,0,0,1,1,0,0,1,1,1
721,1.04316625767782,1,0,1,1,0,1,1,0,1,1,0,0,1,1,1,1,0,1,1,1,0,0,0,1,1,0,1,1,1,1
722,1.60355489243777,1,1,1,1,0,1,1,1,1,1,1,1,1,1,1,1,0,1,1,1,0,1,1,1,1,0,1,1,1,1
723,0.415054150317905,1,1,1,0,0,1,1,0,1,1,0,0,0,1,1,1,0,0,1,1,0,0,1,0,1,0,0,1,0,0
724,-1.62227598981801,0,0,0,0,0,0,0,0,0,0,0,0,0,0,0,0,0,0,0,0,0,0,0,0,0,0,0,0,0,0
725,-2.23150832108832,0,0,0,0,0,0,0,0,0,0,0,0,0,0,0,0,0,0,0,0,0,0,0,0,0,0,0,0,0,0
726,0.0949516317472887,0,1,1,0,0,0,0,1,1,1,0,0,0,1,1,1,0,0,1,1,0,0,0,1,1,0,0,1,0,1
727,-1.27396002603845,0,0,0,0,0,0,1,0,0,0,0,0,0,1,1,0,0,0,0,0,0,0,0,1,0,0,0,0,0,1
728,-0.699593670967256,0,1,1,0,0,0,0,0,1,1,0,1,0,1,1,1,0,0,1,0,0,0,0,1,1,0,0,0,0,0
729,0.916334899055777,1,0,1,0,0,1,1,1,1,1,0,0,0,1,1,1,0,1,1,0,0,0,1,1,1,0,1,1,0,1
730,0.411868647634164,1,1,1,0,0,0,1,0,1,1,1,1,0,1,1,1,0,1,0,0,0,1,0,0,1,0,0,1,0,1
731,-0.773310823634949,1,0,1,0,0,1,0,0,0,1,0,0,0,1,1,1,0,0,0,0,0,0,0,1,1,0,0,1,0,0
732,-0.392123222940328,1,0,1,0,0,1,0,0,1,1,1,0,0,1,1,1,0,1,1,0,0,0,0,1,0,0,0,0,0,1
733,1.59786930489953,1,1,1,1,0,1,1,1,1,1,1,1,1,1,1,1,1,1,1,1,1,1,1,1,1,1,1,1,0,1
734,-0.832758914627861,0,0,1,0,0,1,0,0,0,1,0,0,0,0,0,0,0,0,1,0,0,0,0,0,0,0,0,0,0,0
735,0.257587701724524,1,1,1,0,0,1,1,0,1,1,0,1,0,1,1,1,0,0,1,0,0,0,0,1,1,0,0,1,0,1
736,1.56359463069702,1,1,1,1,1,1,1,1,1,1,0,1,1,1,1,1,1,1,1,0,1,1,0,1,1,0,0,1,1,1
737,-1.75655801224734,0,0,0,0,0,0,0,0,0,1,0,0,0,1,0,0,0,0,0,0,0,0,0,0,0,0,0,0,0,0
738,-0.994013252751706,0,0,0,0,0,1,0,0,0,1,0,0,1,1,0,0,0,0,0,0,0,0,0,0,1,0,0,0,0,1
739,1.24836653444702,1,1,1,0,1,1,1,0,1,1,0,1,0,1,1,1,0,1,1,0,0,0,1,1,1,0,0,1,1,1
740,-0.634070295964099,1,1,0,0,0,1,0,0,0,0,0,0,1,1,1,1,0,1,0,0,0,0,0,1,1,0,0,0,0,1
741,0.112886418864718,1,0,1,0,0,1,1,0,1,1,0,0,1,1,1,1,0,1,1,0,0,0,0,1,1,0,0,1,1,1
742,-0.956571281881134,0,0,1,0,0,1,1,0,0,1,0,0,0,1,1,1,0,0,1,0,0,0,0,0,1,0,0,0,0,1
743,-0.407101461319046,1,0,1,0,0,0,1,0,0,1,0,0,0,1,1,1,0,1,1,0,0,0,0,0,1,0,0,1,0,1
744,0.880429712782447,1,1,1,0,0,1,1,0,1,1,0,1,0,1,1,1,0,0,1,1,0,0,0,1,1,0,0,1,0,1
745,-0.0318637833044265,1,1,0,0,0,1,1,0,0,1,0,0,0,1,1,1,0,0,1,0,0,0,0,1,1,0,0,1,0,1
746,0.671877406033878,1,0,1,0,0,1,1,0,1,1,0,1,1,1,1,1,0,0,1,0,0,1,1,1,1,1,1,1,1,0
747,-0.514796382055582,0,0,1,0,0,0,0,0,0,1,0,0,0,1,1,1,0,0,0,0,0,0,0,0,1,0,0,0,0,1
748,0.342792226367712,1,0,1,0,0,1,0,0,1,1,0,1,1,1,1,1,0,1,0,0,0,0,0,1,1,0,0,1,1,1
749,0.384509848715941,1,0,1,0,0,1,1,0,1,1,0,1,0,1,1,1,0,1,0,1,0,0,0,1,1,0,0,1,1,1
750,0.164704436860792,1,0,1,0,0,0,1,0,0,1,0,0,0,1,1,1,0,1,1,0,0,0,0,1,1,0,0,1,0,0
751,1.70508420454941,1,1,1,1,1,1,1,1,1,1,1,1,0,1,1,1,1,1,1,1,0,0,1,1,1,0,1,1,1,1
752,0.164213575140751,1,0,1,0,0,0,0,0,1,1,0,0,0,1,1,1,0,1,1,1,0,0,0,1,1,0,0,0,0,1
753,0.26775987895317,1,0,1,0,0,1,0,0,1,1,0,1,0,1,1,1,0,0,1,0,0,0,0,1,1,0,1,1,0,1
754,0.375124748639766,1,0,1,0,0,1,1,0,1,1,0,1,1,1,1,1,0,1,1,0,0,0,0,1,1,0,1,0,1,1
755,-0.254110006217453,1,1,1,0,0,1,1,0,0,1,0,0,0,1,1,1,0,0,1,0,0,0,0,1,1,0,0,1,0,1
756,-0.0325119261875593,1,0,1,0,0,1,1,0,1,1,0,0,0,1,1,1,0,1,1,1,0,0,0,1,1,0,0,1,0,1
757,-0.850328747572989,1,0,0,0,0,0,0,0,1,1,0,0,0,1,1,0,0,1,0,0,0,0,0,0,1,0,0,1,0,0
758,1.35384407070935,1,1,1,0,0,1,1,0,1,1,0,0,1,1,1,1,1,1,1,0,0,1,0,1,1,0,1,0,1,1
759,1.12885153137934,1,1,1,1,0,1,1,1,1,1,1,1,1,1,1,1,1,1,1,1,0,0,1,1,1,0,1,1,1,1
760,1.09479591230552,1,0,1,0,0,1,1,0,1,1,0,1,1,1,1,1,0,0,1,0,0,1,1,1,1,0,1,1,0,1
761,-0.183056438961441,1,0,1,0,0,1,0,0,1,1,0,0,0,1,1,1,0,0,1,0,0,0,0,1,1,0,0,1,1,0
762,0.174676694379497,1,1,1,0,0,0,1,0,1,1,0,0,1,1,1,1,0,1,1,1,0,0,0,1,1,0,0,1,1,1
763,0.126559907687049,1,0,1,0,0,1,0,0,1,1,0,0,0,1,1,1,0,0,1,0,0,0,0,1,1,0,0,1,1,1
764,1.10810774420218,1,0,1,0,0,1,1,0,1,1,0,1,1,1,1,1,0,1,1,0,1,0,1,1,1,1,1,1,0,1
765,-0.282297143048855,0,0,1,0,0,0,1,0,1,1,0,1,0,1,1,1,0,1,1,0,0,0,0,1,1,0,0,0,1,1
766,2.17004125888955,1,1,1,1,1,1,1,0,1,1,1,1,0,1,1,1,1,1,1,1,1,1,1,1,1,1,1,1,1,1
767,-0.828687609238615,1,0,1,0,0,0,0,0,0,1,0,0,0,1,1,1,0,0,0,0,0,0,0,0,1,0,0,0,0,0
768,0.555319562081771,1,0,1,0,0,1,1,0,1,1,0,1,0,1,1,1,1,0,1,0,0,0,0,1,1,0,1,1,0,1
769,0.46762924731422,1,1,1,0,0,1,1,0,1,1,0,0,0,1,1,1,0,1,1,1,0,0,0,1,1,0,0,1,1,0
770,-0.220396552140255,1,0,0,0,0,0,0,0,1,1,0,0,0,1,1,1,0,1,1,0,0,0,0,1,1,0,0,0,0,1
771,1.12413596775787,1,1,1,0,0,1,1,1,1,1,1,1,1,1,1,1,0,0,1,0,0,1,1,1,1,1,1,1,1,1
772,0.682364957198944,1,1,1,0,0,1,0,0,1,1,0,1,0,1,1,1,0,1,1,0,0,1,1,0,1,0,0,1,1,1
773,-0.392397025161391,0,0,1,0,0,1,1,0,0,1,0,0,0,1,1,1,0,0,1,0,0,0,0,1,1,0,0,0,1,1
774,-0.265981471486535,1,0,1,0,0,1,0,0,1,1,0,0,0,1,1,1,0,1,1,0,0,0,0,1,1,0,0,0,0,0
775,-1.4627738835481,0,0,0,0,0,0,0,0,0,1,0,0,0,1,1,0,0,0,0,1,0,0,0,0,0,0,0,0,0,0
776,0.583646137074239,1,1,1,0,0,0,1,0,1,1,0,1,0,1,1,1,0,1,1,1,0,0,0,1,1,0,1,1,0,1
777,0.0947527706110032,1,1,1,0,0,1,0,0,0,1,0,0,0,1,1,1,1,1,1,0,0,0,0,1,1,0,0,0,0,1
778,-0.525922671967699,1,0,1,0,0,0,0,0,0,1,0,0,0,1,1,1,0,1,0,0,0,0,0,0,1,0,0,1,0,1
779,0.0201723774359319,1,0,1,0,0,0,0,0,0,1,0,1,1,1,1,0,0,1,1,1,0,0,0,1,1,0,0,1,1,1
780,-0.0321162270481606,1,0,0,0,0,1,0,0,1,1,0,1,0,1,1,0,0,1,0,0,0,1,0,1,1,0,0,1,0,1
781,-0.620350980188686,1,0,1,0,0,1,1,0,0,1,0,0,0,1,0,0,0,0,1,0,0,0,0,1,1,0,0,0,1,1
782,0.0372840317411335,0,0,1,0,0,1,1,0,1,1,0,0,0,1,1,1,0,0,0,1,0,0,0,1,1,0,0,1,0,1
783,0.637961361070114,1,1,0,0,0,1,1,0,1,1,0,1,0,1,1,1,0,0,1,1,0,0,0,1,1,0,0,1,0,1
784,0.310997636870285,1,0,1,0,0,0,1,0,0,1,0,1,0,1,1,1,0,0,1,1,0,0,0,1,0,0,0,1,1,1
785,-2.0494360776206,0,0,1,0,0,0,0,0,1,0,0,0,0,1,0,0,0,0,0,0,0,0,0,0,0,0,0,1,0,0
786,-0.859376685123359,1,0,0,0,0,0,1,0,0,0,0,0,0,1,1,0,0,0,0,0,0,0,0,1,1,0,0,1,0,0
787,-1.15310495703775,1,0,0,0,0,0,0,0,0,1,1,1,1,0,0,0,0,0,0,0,0,0,0,0,0,0,0,1,0,1
788,-0.256474427719742,1,0,1,0,0,1,1,0,0,1,0,0,0,1,1,1,0,0,1,0,0,0,0,1,1,0,0,0,0,0
789,0.580925869408511,1,0,1,0,0,1,1,0,1,1,0,1,0,1,1,1,0,1,1,0,0,0,0,1,1,0,0,1,0,0
790,0.559962375268676,1,0,1,0,0,1,1,0,1,1,0,0,1,1,1,1,0,1,1,1,0,0,0,1,1,0,1,1,0,1
791,-0.722222905479539,1,0,1,0,0,1,1,0,1,1,0,0,0,1,1,1,0,0,1,0,0,0,0,0,1,0,0,0,1,1
792,0.279577124195603,1,0,0,0,0,1,1,0,0,1,0,1,0,1,1,1,0,0,1,0,0,0,0,1,1,0,1,0,0,1
793,-0.272614245999029,1,0,1,0,0,0,1,0,0,1,0,0,0,1,1,0,0,1,1,0,0,0,1,1,1,0,0,1,0,0
794,0.753824829608754,1,0,1,0,1,1,1,0,1,1,0,1,1,1,1,1,0,1,1,1,0,0,0,1,1,0,1,1,0,1
795,-0.10129675578567,1,0,0,0,0,1,1,0,0,1,0,0,0,1,1,1,0,1,1,0,0,0,0,0,1,0,0,1,0,1
796,1.02940414986952,1,0,1,0,0,1,1,0,1,1,0,1,1,1,1,1,1,1,1,1,0,1,1,1,1,0,1,1,1,1
797,0.330818953402285,1,0,1,0,1,1,0,0,1,1,0,1,1,1,1,1,0,1,1,0,0,0,0,0,1,1,0,1,0,1
798,-0.749498674911668,1,1,0,0,0,0,1,0,0,1,0,1,0,1,1,1,0,1,1,0,0,0,0,0,1,0,0,0,0,0
799,0.303687726972352,1,0,1,0,0,1,1,0,1,1,0,1,1,1,1,1,0,1,1,0,0,0,0,0,1,0,0,0,0,1
800,0.336018369107563,1,0,1,0,0,1,1,0,0,1,0,1,1,1,1,1,0,0,1,1,0,1,0,1,1,0,0,1,1,1
801,0.41981474803249,1,0,1,0,0,1,0,0,1,1,0,1,0,0,1,1,0,1,1,0,0,0,0,1,1,1,1,1,1,1
802,1.45170189842321,1,1,1,0,0,1,1,0,1,1,1,1,1,1,1,1,0,1,1,1,0,0,1,1,1,0,1,1,1,1
803,0.640173277025262,1,1,1,0,0,0,0,0,1,1,0,0,1,1,1,1,0,0,1,0,0,1,0,1,1,0,0,0,1,1
804,-0.843443001395522,1,0,0,0,0,1,0,0,1,1,0,0,0,1,1,0,0,1,1,0,0,0,0,0,1,0,0,0,0,1
805,-0.0221469330134501,1,1,0,0,0,1,0,0,1,1,0,1,1,1,1,1,0,1,1,1,0,0,0,1,1,0,0,0,0,0
806,-0.549684312783603,1,0,0,0,0,1,0,0,1,1,0,0,0,1,1,1,0,0,1,0,0,0,0,1,1,0,0,0,0,0
807,0.325249128143541,1,0,1,0,0,1,1,0,0,1,0,0,0,1,1,1,0,1,1,0,0,0,0,1,1,1,0,1,1,1
808,1.11238692711688,1,1,1,0,0,1,1,1,1,1,0,0,1,1,1,1,1,1,1,1,0,1,1,1,1,0,1,1,1,1
809,-0.400701093769655,1,0,1,0,0,0,0,0,1,1,0,0,0,1,1,0,0,0,1,0,0,0,0,1,1,0,0,1,0,1
810,0.0408311802561547,1,1,1,0,0,1,0,0,0,1,0,0,0,1,1,1,0,1,1,1,0,0,0,1,1,0,0,0,0,1
811,0.292835798043328,1,0,1,0,0,1,1,0,0,1,0,1,1,1,1,1,0,0,1,1,0,0,0,1,1,0,1,0,1,1
812,0.685687522992433,1,0,1,0,0,1,1,1,0,1,0,0,0,1,1,1,0,1,1,1,0,0,1,0,1,1,0,0,1,1
813,0.547404832026306,1,1,1,0,0,1,1,1,1,1,1,1,0,1,1,1,1,1,1,0,0,0,0,1,1,0,1,1,1,1
814,-1.81521051582434,0,0,0,0,0,0,1,0,0,0,0,0,0,0,0,0,0,0,0,0,0,0,0,0,0,0,0,0,0,0
815,1.25041173094981,1,1,1,1,1,1,1,1,1,1,0,1,0,1,1,1,0,1,1,0,1,1,0,1,1,0,0,1,1,1
816,1.03058359604051,1,1,1,0,0,1,1,0,1,1,1,1,1,1,1,1,0,1,1,1,0,1,1,1,1,1,1,1,1,1
817,-1.87190218686291,0,0,0,0,0,1,0,0,0,1,0,1,0,0,0,0,0,0,0,0,0,0,0,0,0,0,0,0,0,0
818,-0.333036072178382,1,0,1,0,0,1,0,0,0,1,0,1,0,1,1,1,0,0,0,0,0,0,0,1,1,0,0,0,0,0
819,0.270625137309734,1,0,1,0,0,1,0,1,1,1,0,0,0,1,1,1,0,1,1,0,0,0,0,1,1,0,0,1,0,0
820,-0.463520989788701,1,0,1,0,0,1,0,0,0,0,0,0,0,1,1,1,0,0,1,0,0,0,0,1,1,0,0,1,1,0
821,-0.213466750991125,1,0,1,0,0,1,1,0,0,1,0,1,0,1,1,1,0,0,1,0,0,0,1,0,0,0,0,0,1,1
822,0.90524958910229,1,0,1,0,0,1,0,1,0,1,0,0,1,1,1,1,0,0,1,0,0,0,0,1,1,0,1,1,0,1
823,0.509851998391863,1,1,1,0,0,1,0,0,1,1,0,0,1,1,1,1,1,1,1,1,0,0,1,1,1,0,1,1,0,1
824,-0.289474847840162,1,0,0,0,0,1,0,0,0,1,0,0,0,1,1,1,0,1,1,0,0,0,0,1,1,0,0,1,0,1
825,0.306070484866302,1,0,1,0,1,1,0,0,1,1,0,0,0,1,1,1,0,0,1,1,1,1,0,1,0,0,0,1,1,1
826,0.31448454659844,1,0,0,0,0,1,1,0,1,1,0,0,0,1,1,1,0,1,0,0,0,0,1,1,1,0,1,1,0,1
827,1.41174163806769,1,1,1,0,1,1,1,0,1,1,0,1,1,1,1,1,0,0,1,0,0,0,0,1,1,0,0,1,1,1
828,0.175981315137328,1,1,1,0,0,0,1,0,1,1,0,0,1,1,1,1,0,1,1,1,0,0,0,1,1,0,0,0,0,1
829,-0.220127566649705,1,0,0,0,0,0,1,0,0,1,0,0,0,1,1,1,0,0,1,0,0,0,0,1,1,0,0,1,0,0
830,0.726752207367985,1,1,1,0,0,1,1,0,1,1,0,0,1,1,1,1,1,1,1,0,0,0,1,1,1,0,0,1,1,1
831,-0.0167339243856105,1,0,1,0,0,1,1,0,1,1,0,1,0,1,1,0,0,1,1,1,0,0,0,1,1,0,0,1,1,1
832,1.60104330276575,1,1,1,0,0,1,1,1,1,1,0,0,1,1,1,1,1,1,1,0,0,1,0,1,1,1,1,1,0,1
833,-1.85297427779066,0,0,0,0,0,1,0,0,1,0,0,0,0,1,0,1,0,1,0,0,0,0,0,0,0,0,0,0,0,0
834,1.73900885146896,1,0,1,1,1,1,1,0,1,1,1,1,1,1,1,1,1,1,1,0,1,1,1,1,1,1,1,1,1,1
835,0.241285296442125,1,1,1,0,0,0,1,0,1,1,0,1,0,1,1,1,0,0,1,0,0,0,0,1,1,0,0,1,1,1
836,1.41360472798523,1,0,1,0,1,1,1,0,1,1,0,1,1,1,1,1,0,0,1,1,1,1,1,1,1,1,0,1,1,1
837,-0.358215494298479,1,0,1,0,0,0,0,0,1,1,0,1,0,1,1,1,0,1,0,1,0,0,0,0,1,0,0,0,0,1
838,0.201683775261799,1,0,1,0,0,1,0,0,0,1,0,0,0,1,1,1,0,1,1,0,0,0,0,1,1,0,0,1,1,1
839,0.991696399642689,1,1,1,0,0,1,0,0,1,1,0,1,1,1,1,1,0,0,1,0,0,0,1,1,1,0,1,0,0,1
840,0.419819647675926,1,0,1,0,0,1,1,0,1,1,0,0,0,1,1,1,0,0,1,0,0,0,0,1,1,0,0,0,0,1
841,0.161324999594977,1,0,1,0,0,0,1,0,1,1,0,0,0,1,1,0,0,1,1,0,0,0,0,0,1,0,0,0,0,1
842,1.94570274340652,1,1,1,1,1,1,1,1,1,1,0,1,1,1,1,1,1,1,1,1,0,1,1,1,1,1,1,1,1,1
843,-0.77094212588773,1,0,1,0,0,1,1,0,0,1,0,0,0,1,1,0,0,0,1,0,0,0,0,0,1,0,0,0,0,1
844,-1.66074181472258,0,0,0,0,0,0,0,0,0,0,0,0,0,0,0,0,0,0,0,0,0,0,0,0,0,0,0,0,0,0
845,1.56633057757809,1,1,1,0,1,1,1,0,1,1,1,1,1,1,1,1,1,1,1,1,0,0,1,1,1,0,0,1,1,1
846,1.04173947674843,1,1,1,0,1,1,1,0,1,1,0,1,1,1,1,1,0,0,1,1,0,1,1,1,1,0,1,1,0,1
847,0.911377260614858,1,0,1,0,0,0,1,0,0,1,0,0,1,1,1,1,0,1,1,1,0,1,0,1,1,0,0,1,1,1
848,0.475400862036632,1,1,1,0,0,0,1,0,0,1,0,0,0,1,1,1,0,0,1,0,0,0,1,1,1,0,0,1,0,0
849,0.437878092477027,1,0,1,1,0,1,1,0,1,1,0,1,1,1,1,1,0,1,1,0,0,0,0,1,1,0,1,1,1,1
850,-0.386585458922107,0,0,1,0,0,1,1,0,0,1,0,1,0,1,1,1,0,0,1,0,0,0,0,1,1,0,0,1,0,1
851,-1.00712678952094,0,0,1,0,0,1,0,0,0,1,0,1,0,1,1,1,0,0,0,0,0,0,0,1,0,0,0,0,1,1
852,1.17414152457615,1,0,1,0,1,1,1,0,1,1,0,1,1,1,1,1,0,1,1,1,0,1,1,1,1,0,0,1,0,1
853,-0.539039181155187,1,0,1,0,0,1,1,0,1,1,0,0,0,1,1,0,0,0,0,1,0,0,0,0,1,0,0,1,0,1
854,-1.94839573001229,0,0,0,0,0,0,0,0,0,1,0,0,0,1,1,0,0,0,0,0,0,0,0,0,1,0,0,0,0,0
855,0.0159904160692342,1,1,1,0,0,1,0,0,1,1,0,1,0,1,1,1,0,0,1,1,0,0,0,1,1,0,0,1,1,1
856,-0.0350937658777255,1,0,1,0,0,1,1,0,1,1,0,0,0,1,1,1,0,0,0,0,0,0,1,1,1,0,0,1,0,1
857,-0.649346169851147,1,0,0,0,0,0,0,0,0,1,0,0,0,1,1,1,0,1,1,0,0,0,0,1,1,0,0,0,0,1
858,-0.198618720984716,1,0,0,0,0,1,0,0,1,1,0,0,0,1,1,1,0,0,1,0,0,0,0,0,1,0,0,0,0,1
859,-0.344905106234619,1,0,1,0,0,0,0,0,1,1,0,0,0,1,1,1,0,1,0,0,0,0,0,1,1,0,0,1,0,1
860,0.152763917529354,1,0,1,0,0,1,1,0,0,1,1,0,0,1,1,1,0,1,1,1,0,0,0,1,1,0,0,1,0,1
861,-0.877984432887144,1,0,1,0,0,0,0,0,1,1,0,0,0,1,1,1,0,0,0,0,0,0,0,0,1,0,0,0,0,0
862,-1.00645855740298,1,0,0,0,0,0,1,0,0,1,0,1,0,1,1,1,0,0,1,0,0,0,0,0,1,0,0,1,0,0
863,-0.611718100990873,1,0,1,0,0,0,1,0,0,1,0,0,0,1,1,1,0,0,1,0,0,0,0,1,1,0,0,0,0,1
864,0.227535849962373,1,0,1,0,0,1,1,0,1,1,0,0,0,1,1,1,0,0,1,0,0,1,0,1,1,0,0,0,1,0
865,-0.1316325284294,1,1,1,0,0,0,1,0,1,1,0,1,1,1,1,0,0,0,1,1,0,0,0,1,1,0,1,1,0,1
866,1.51198319504379,1,1,1,0,1,1,1,0,1,1,0,1,1,1,1,1,1,1,1,0,1,1,0,1,1,0,1,1,1,1
867,-1.01645011004249,1,1,1,0,0,0,1,0,1,1,0,0,0,1,1,1,0,0,0,1,0,0,0,0,1,0,0,0,0,0
868,-0.386981956257564,1,0,1,0,0,0,0,0,1,1,0,1,0,1,1,1,0,1,0,0,0,0,0,1,1,0,0,1,0,1
869,-1.2452650802174,1,0,1,0,0,0,0,0,0,1,0,0,0,1,1,1,0,1,0,0,0,0,0,1,0,0,0,1,0,0
870,-0.314695781690506,1,0,1,0,0,0,0,0,1,1,0,1,0,1,1,1,0,0,1,1,0,0,0,1,1,0,0,1,0,1
871,0.966104604407599,1,0,1,0,0,1,1,0,1,1,0,0,0,1,1,1,0,1,1,1,0,1,0,1,1,0,0,1,0,1
872,0.507794920839078,1,0,1,0,0,0,1,0,1,1,1,0,0,1,1,1,0,1,1,0,0,0,0,1,1,0,0,1,0,1
873,-0.773515058544705,1,0,0,0,0,0,0,0,0,1,0,0,0,1,1,1,0,0,0,0,0,0,1,0,1,0,0,0,0,0
874,-2.53624372669596,0,0,0,0,0,0,0,0,0,0,0,0,0,0,0,0,0,0,0,0,0,0,0,1,0,0,0,0,0,0
875,-0.0113164677977363,1,0,1,0,0,0,0,0,1,1,0,0,0,1,1,1,0,0,1,0,0,0,0,1,1,0,0,0,0,0
876,0.333935441847968,1,1,1,0,0,1,1,0,0,1,0,0,0,1,1,1,0,0,1,0,0,0,0,1,1,0,0,1,1,0
877,0.577106069625301,1,0,0,0,0,1,0,0,1,1,0,1,1,1,1,1,0,1,1,0,0,0,0,1,1,0,1,0,1,1
878,0.977654478985052,1,1,1,0,0,1,1,0,1,1,0,1,1,1,1,1,0,1,1,0,0,0,1,1,1,0,0,1,1,1
879,0.726533209909865,1,1,1,0,0,0,0,0,1,1,0,1,1,1,1,1,0,1,1,1,1,0,0,1,1,0,1,1,1,1
880,-0.379964806818625,1,0,1,0,0,0,0,0,0,1,0,0,0,1,1,1,0,0,1,0,0,0,0,1,1,0,0,0,0,1
881,-0.928337869041127,0,0,1,0,0,0,0,0,0,0,0,0,1,1,0,0,0,0,1,0,0,0,0,0,1,0,0,1,0,0
882,-0.166623638475235,1,1,1,0,0,0,0,0,0,1,0,1,1,1,0,1,0,1,1,0,0,0,0,0,1,0,0,0,0,0
883,1.02947841064352,1,1,1,1,0,1,0,0,1,1,0,1,1,1,1,1,1,1,1,0,0,0,1,1,1,0,1,1,0,1
884,-0.232625514437276,1,0,1,0,0,1,0,0,1,1,0,0,1,1,1,0,0,0,1,0,0,0,0,1,1,0,0,0,0,1
885,1.13228074665718,1,1,1,0,0,1,0,1,1,1,1,0,1,1,1,1,0,1,1,1,0,0,1,1,1,1,0,1,1,1
886,-0.928348475456658,1,0,0,0,0,0,0,0,0,1,0,0,0,1,1,0,0,0,0,0,0,0,0,0,0,0,0,0,0,1
887,-1.1889570275777,0,0,0,0,0,0,0,0,0,1,0,0,0,1,1,0,0,0,0,0,0,0,0,0,1,0,0,0,0,0
888,2.53095004054495,1,1,1,1,1,1,1,1,1,1,1,1,1,1,1,1,1,1,1,1,0,0,1,1,1,1,1,1,1,1
889,0.294346948672561,1,0,1,0,0,1,1,0,1,1,0,1,1,1,1,1,0,1,1,0,0,0,0,1,1,0,1,1,1,0
890,1.23419572746684,1,1,1,0,0,1,0,1,1,1,1,1,1,1,1,1,1,1,1,0,0,1,1,1,1,0,0,1,1,1
891,1.66629977115686,1,0,1,1,1,1,0,1,0,1,0,1,1,1,1,1,1,1,1,1,1,1,1,1,1,0,1,1,0,1
892,0.129381956713308,1,0,1,0,0,1,1,0,1,1,0,0,0,1,1,1,0,1,1,0,0,0,0,1,1,0,0,0,0,1
893,-0.228006278339746,1,1,1,0,0,1,1,0,1,0,0,0,0,1,1,1,0,0,1,0,0,0,0,1,1,0,0,1,0,1
894,-0.990401001828568,0,0,1,0,0,0,1,0,1,1,0,0,0,1,1,0,0,0,1,0,0,0,0,0,0,0,0,1,0,1
895,-0.65681249383138,1,1,0,0,0,1,0,0,0,1,0,0,0,1,1,1,0,1,0,0,0,0,0,1,1,0,0,0,1,1
896,-0.700011683577667,1,0,1,0,0,0,0,0,0,1,0,0,0,1,1,0,0,1,1,0,0,0,0,0,1,0,0,1,0,0
897,0.738970868523779,1,1,1,0,0,1,1,0,1,1,0,0,1,1,1,1,0,0,1,0,0,0,1,1,1,0,0,0,1,1
898,0.0270576158762891,1,0,1,0,0,1,1,0,1,1,0,0,0,1,1,1,0,1,0,0,0,0,0,1,1,0,0,1,0,1
899,0.126563849464767,1,0,1,0,0,0,1,0,1,1,0,0,0,1,1,1,0,0,1,1,0,0,0,1,1,0,0,1,0,1
900,0.6691334831027,1,0,1,1,0,1,1,0,1,1,0,1,1,1,1,1,0,1,0,0,0,0,0,1,1,0,0,1,1,1
901,1.30888251217454,1,1,1,0,0,1,1,1,1,1,1,1,1,1,1,1,0,1,1,1,0,0,1,1,1,0,0,0,1,1
902,-1.09334351326701,0,0,1,0,0,1,0,0,0,0,0,0,0,1,1,0,0,0,1,0,0,0,0,0,1,0,0,1,0,0
903,-1.11819609155711,1,0,0,0,0,0,0,0,0,1,0,0,0,1,1,0,0,0,0,0,0,0,0,1,0,0,0,1,0,0
904,-0.721712361135294,0,0,1,0,0,0,0,0,0,1,0,0,0,1,1,1,0,1,1,0,0,0,0,1,0,0,0,0,0,1
905,0.785691192722349,1,0,1,0,0,1,0,0,1,1,0,1,0,1,1,1,0,1,1,0,0,0,0,1,1,0,0,1,1,1
906,0.0584417640446151,1,0,0,0,0,1,1,0,1,1,0,0,0,1,1,1,0,1,1,0,0,0,0,1,1,0,0,0,1,1
907,1.28599220387136,1,1,1,1,0,1,1,1,1,1,0,0,1,1,1,1,1,1,1,0,0,0,1,1,1,0,1,1,1,1
908,1.16342128488406,1,1,1,1,0,1,1,0,1,1,0,1,1,1,1,1,0,1,1,1,0,1,1,1,1,0,0,1,1,1
909,0.361935606140323,1,1,1,0,0,1,1,0,1,1,0,1,1,1,1,0,0,1,1,0,0,0,0,1,1,0,1,1,1,0
910,0.50444856833059,1,0,0,0,1,1,1,0,0,1,0,1,0,1,1,1,0,1,1,0,0,0,0,1,1,0,0,1,1,1
911,-0.103529420913753,1,0,0,0,0,1,0,0,1,1,0,1,1,1,1,1,0,0,1,0,0,0,0,0,1,0,0,1,1,1
912,1.50642204474012,1,0,1,1,1,1,1,1,1,1,0,1,1,1,1,1,1,1,1,1,0,1,1,1,1,1,1,0,1,0
913,-1.93091950973281,0,0,0,0,0,1,0,0,0,0,0,0,0,1,0,0,0,0,0,0,0,0,0,0,0,0,0,0,0,1
914,1.23249496007676,1,1,1,0,0,1,1,0,1,1,1,1,0,1,1,1,1,1,1,0,0,0,1,1,1,0,1,1,0,1
915,2.17696425867247,1,1,1,1,0,1,1,1,1,1,1,1,1,1,1,1,1,1,1,1,1,1,1,1,1,1,1,1,1,1
916,1.80246837326938,1,0,1,1,1,1,1,1,1,1,1,1,1,1,1,1,1,1,1,1,0,1,1,1,1,1,0,1,1,1
917,1.43633006650478,1,0,1,1,0,1,1,0,1,1,1,0,1,1,1,1,1,1,1,1,1,1,1,1,1,1,1,1,1,1
918,-1.06124631552319,1,0,1,0,0,0,1,0,1,1,0,1,0,1,1,1,0,1,1,0,0,0,0,0,1,0,0,0,0,0
919,0.99057148978585,1,1,0,0,0,1,1,1,1,1,1,1,0,1,1,1,0,1,1,0,0,0,0,1,1,0,0,0,1,1
920,-0.190309654080095,1,1,1,0,0,0,0,0,0,1,0,0,0,1,1,0,0,1,1,0,0,0,0,0,1,0,0,0,0,1
921,1.18255324564392,1,1,1,1,0,0,1,0,1,1,0,1,1,1,1,1,0,0,1,1,1,0,0,1,1,0,0,1,0,1
922,-0.833498153936464,1,0,1,0,0,0,0,0,1,1,0,0,0,1,1,0,0,0,1,1,0,0,0,1,0,0,0,1,0,0
923,-1.33529291462321,1,0,0,0,0,0,0,0,0,0,0,0,0,0,0,0,0,1,1,1,0,0,0,0,0,0,0,0,1,1
924,-0.631545659180571,0,0,1,0,0,0,0,0,0,1,0,1,1,1,1,1,0,0,0,0,0,0,0,1,1,0,0,1,0,1
925,-1.05202190257602,1,0,1,0,0,0,0,0,0,0,0,0,0,1,1,1,0,1,1,0,0,0,0,1,1,0,0,0,0,0
926,-1.45025468379144,1,0,0,0,0,1,0,0,0,0,0,0,0,1,1,0,0,0,0,0,0,0,0,0,0,0,0,0,0,1
927,0.987721284100128,1,1,1,0,0,1,0,0,1,1,1,1,0,1,1,1,0,1,1,1,0,0,1,1,1,0,1,1,0,1
928,-2.17091143917302,0,0,1,0,0,0,1,0,0,0,0,0,0,1,0,0,0,1,0,0,0,0,0,0,0,0,0,0,0,0
929,-1.81593541901283,0,0,0,0,0,0,0,0,0,0,0,0,0,1,0,0,0,0,0,0,0,0,0,0,0,0,0,0,0,0
930,0.820263064355937,1,0,0,0,0,1,1,0,1,1,0,1,0,1,1,1,0,1,1,1,0,1,0,0,1,1,1,1,1,1
931,1.52880068740188,1,0,1,0,1,1,1,0,1,1,0,1,1,1,1,1,0,1,1,1,0,0,0,1,1,1,0,1,0,1
932,-0.222661487153334,1,0,0,0,0,1,1,0,0,1,0,0,0,1,1,0,0,1,1,0,0,0,0,0,0,0,0,1,1,1
933,-0.148288022897568,1,0,1,0,0,0,1,0,0,1,0,0,0,1,1,1,0,1,1,0,0,0,0,0,1,0,0,1,0,1
934,-0.390333514221559,0,1,1,0,0,0,0,0,1,1,0,0,0,1,1,1,0,1,0,0,0,0,0,1,1,0,0,1,0,1
935,-1.19138565644563,1,0,0,0,0,0,1,0,1,1,0,0,0,1,1,1,0,0,0,0,0,0,0,1,1,0,0,0,0,0
936,-0.944702467786213,1,0,0,0,0,0,0,0,0,1,0,0,0,1,1,0,0,1,1,0,0,0,0,0,0,0,0,0,0,0
937,1.19472442176886,1,0,1,0,0,1,0,1,1,1,0,1,1,1,1,1,1,1,1,0,1,0,1,1,1,0,0,1,1,1
938,1.54026217906095,1,1,1,0,1,1,1,0,1,1,1,1,1,1,1,1,0,1,1,1,0,1,1,1,1,0,1,1,0,1
939,-0.792564543011027,1,0,0,0,0,0,1,0,0,0,0,0,0,1,0,0,0,1,1,0,0,0,0,1,1,0,0,0,1,1
940,0.679995257825226,1,0,1,0,0,1,1,0,0,1,0,0,1,1,1,1,1,1,1,0,0,0,0,1,1,0,0,1,1,1
941,-0.646973294984347,1,0,0,0,0,0,1,0,0,1,0,0,0,1,1,0,0,0,0,0,0,0,0,1,1,0,0,0,0,0
942,0.683609984276455,1,1,1,0,0,1,1,0,1,1,0,0,1,1,1,1,0,1,1,1,0,0,0,1,1,0,1,1,0,1
943,0.679303900234281,1,0,1,0,0,1,0,0,1,1,0,1,0,1,1,1,0,1,1,1,0,1,0,1,1,0,1,1,0,1
944,1.45109213781959,1,1,1,0,1,1,1,1,0,1,1,1,1,1,1,1,0,0,1,1,1,1,0,1,1,1,1,1,1,1
945,-0.0044635924964284,1,0,1,0,0,0,1,0,0,1,0,0,0,1,1,1,0,0,0,1,0,0,0,1,1,0,0,1,0,1
946,-1.84094934868368,0,0,0,0,0,0,0,0,0,0,0,0,0,0,1,0,0,1,0,0,0,0,0,0,0,0,0,0,0,0
947,0.72268911758328,1,0,1,0,0,1,1,0,1,1,0,0,1,1,1,1,0,1,1,0,0,1,0,1,1,0,0,0,0,1
948,0.522234306594363,1,1,1,1,0,0,1,0,1,1,1,0,0,1,1,1,0,0,1,1,0,0,1,1,1,0,1,1,0,1
949,0.294525193228496,1,0,0,0,0,1,1,1,1,1,0,0,1,1,1,1,0,0,1,0,0,0,0,1,1,0,1,1,1,1
950,0.228257590862527,0,1,1,0,0,1,1,0,0,1,0,1,1,1,1,1,0,0,1,1,0,0,0,1,1,0,0,0,1,0
951,-0.660378171818802,0,0,1,0,0,0,0,0,0,1,0,0,0,1,1,1,0,1,1,0,0,0,0,0,1,0,0,0,0,0
952,-0.0594221253496705,0,0,1,0,0,1,0,0,1,1,0,0,1,1,1,1,0,1,1,0,0,0,0,1,1,0,0,0,0,1
953,1.85027166149823,1,0,1,1,1,1,0,1,1,1,1,1,1,1,1,1,1,1,1,1,1,1,1,1,1,0,1,1,1,1
954,1.20448018904416,1,1,1,0,0,1,1,0,1,1,0,1,1,1,1,0,1,1,1,0,0,0,0,1,1,0,1,1,1,1
955,-1.4559194430908,0,0,0,0,0,0,1,0,0,0,0,0,0,1,1,1,0,0,1,0,0,0,0,0,1,0,0,0,0,0
956,-0.317141828569757,1,1,0,0,0,0,1,0,1,1,0,1,0,1,1,1,0,1,1,0,0,0,0,0,1,0,0,0,0,1
957,-0.0459197838042975,1,1,1,0,0,1,1,0,1,1,0,0,1,1,1,0,0,1,1,0,0,0,0,0,0,0,0,1,0,1
958,-1.64000133931797,0,0,0,0,0,1,0,0,0,0,0,0,0,1,0,0,0,0,0,0,0,0,0,0,0,0,0,0,0,1
959,0.677459455238222,1,1,0,0,0,1,0,1,1,1,0,0,0,1,1,0,0,0,1,0,1,0,0,1,1,0,0,1,0,1
960,0.556167395676862,1,0,1,0,0,1,1,0,1,1,0,1,0,1,1,1,0,1,1,1,0,0,0,1,1,1,1,1,1,1
961,-0.501268318224678,0,1,0,0,0,1,0,0,0,1,0,1,0,1,1,0,0,1,1,0,0,0,0,1,1,0,0,0,0,1
962,-1.03293742669623,0,0,1,0,0,1,0,0,1,0,0,0,0,1,1,1,0,0,0,0,0,0,0,0,1,0,0,0,0,1
963,-0.424280071770263,1,0,1,0,0,1,0,0,0,1,0,0,0,1,1,1,0,0,0,0,0,0,0,1,1,0,0,0,0,1
964,0.660267813221369,1,1,1,0,1,1,1,0,1,1,0,1,0,1,1,1,0,1,0,0,0,1,1,1,1,1,0,0,1,1
965,1.14244247343721,1,1,1,0,0,1,1,0,1,1,1,1,1,1,1,1,0,1,1,1,0,0,1,1,1,1,0,1,0,1
966,0.679860551442768,1,1,1,0,0,0,1,0,1,1,0,0,1,1,1,1,0,1,1,1,0,0,0,1,1,0,0,1,0,1
967,-1.85388706103675,0,0,1,0,0,0,0,0,0,0,0,0,0,1,1,0,0,0,0,0,0,0,0,1,0,0,0,0,0,0
968,-0.0595786052783414,0,0,0,0,0,1,0,0,1,1,0,1,1,1,1,0,0,0,1,0,0,0,0,1,1,0,0,1,0,1
969,0.920700415113486,1,1,1,0,0,1,1,0,1,1,1,1,1,1,1,1,0,0,0,1,0,0,0,1,1,0,1,1,1,1
970,-0.394757677156183,1,0,1,0,0,0,1,0,1,1,0,0,0,1,1,1,0,0,0,0,0,0,0,0,1,0,0,1,0,0
971,-0.628072337196027,1,0,1,0,0,1,0,1,1,1,0,1,0,1,1,0,0,1,1,0,0,0,0,0,1,0,0,0,0,1
972,-0.178097534577874,1,0,1,0,0,1,1,0,1,1,0,0,0,1,1,1,0,1,1,1,0,0,0,1,1,0,0,0,0,1
973,-1.40609585666515,1,0,1,0,0,0,1,0,0,1,0,0,0,1,0,0,0,0,1,0,0,0,0,0,1,0,0,0,0,0
974,-0.510264942384892,1,0,1,0,0,1,1,0,0,1,0,0,0,1,1,1,0,0,1,0,0,0,0,1,1,0,0,1,0,0
975,-0.287592792425982,1,1,1,0,0,1,1,0,1,1,0,1,1,1,1,1,0,0,0,0,0,0,0,1,0,0,0,0,0,0
976,-2.43427564203444,0,0,0,0,0,0,0,0,0,0,0,0,0,0,0,0,0,0,0,0,0,0,0,0,0,0,0,0,0,0
977,0.0374646992706078,1,0,1,0,0,1,0,0,1,1,0,0,1,1,1,1,0,1,1,0,0,0,0,1,1,0,0,1,0,1
978,0.617656443426464,1,0,1,1,1,1,1,0,0,1,0,0,0,1,1,1,1,0,1,0,0,0,1,1,0,0,0,1,1,1
979,1.65830295410203,1,1,1,0,1,1,1,1,0,1,1,1,1,1,1,1,0,0,1,1,1,1,1,1,1,1,0,1,1,1
980,-0.15861352279769,1,0,1,0,0,1,1,0,0,1,0,1,0,1,0,1,0,1,1,0,0,0,0,1,0,0,0,1,1,1
981,-0.798531312656049,1,0,1,0,0,0,1,0,0,0,0,0,0,1,1,1,0,0,0,0,0,0,0,0,1,0,0,1,0,1
982,-1.08966352513016,0,0,1,0,0,0,0,0,1,1,0,0,0,1,0,0,0,1,1,0,0,0,0,1,1,0,0,0,0,1
983,-0.453071653486811,1,1,0,0,0,1,0,0,0,1,0,0,0,1,1,0,0,1,1,0,0,0,0,1,1,0,0,1,0,1
984,0.507374055535516,1,0,1,0,0,1,0,0,1,1,1,1,1,1,1,1,0,0,1,0,0,0,1,1,1,0,1,1,1,1
985,1.7367984242994,1,1,1,1,1,1,0,1,1,1,0,1,1,1,1,1,1,1,1,1,1,1,1,1,1,0,1,1,1,1
986,-0.386631606729541,0,0,1,0,0,0,0,0,1,1,0,0,0,1,1,1,0,0,1,0,0,0,0,0,1,0,0,0,1,1
987,1.41285325025532,1,0,1,1,1,1,0,1,1,1,1,1,1,1,1,1,0,1,1,1,1,1,1,1,1,0,1,1,1,1
988,1.70632458284236,1,1,1,1,1,1,1,0,1,1,1,1,1,1,1,1,0,1,1,1,1,1,1,1,1,1,1,1,1,1
989,-0.311982512815629,1,0,1,0,0,1,1,0,1,1,0,1,0,1,1,1,0,1,1,0,0,0,0,1,1,0,0,0,0,0
990,1.32748424046236,1,0,1,1,0,1,0,1,1,1,0,1,1,1,1,1,1,1,1,0,0,1,0,1,1,0,1,1,0,1
991,1.49653197746644,1,1,1,1,1,1,1,0,1,1,0,1,1,1,1,1,1,1,1,1,0,0,1,1,1,0,1,1,1,1
992,-0.325866627275288,1,0,1,0,0,1,0,0,1,1,0,0,0,1,0,0,0,1,1,0,0,0,0,1,1,0,0,0,0,0
993,-0.177522704122516,1,0,0,0,0,1,1,0,1,1,0,0,0,1,1,1,0,1,1,0,0,0,0,1,0,0,0,1,1,1
994,-0.925630760404115,0,0,1,1,0,0,1,0,0,1,1,0,0,1,1,0,0,0,0,0,0,0,0,1,0,0,0,0,0,1
995,-0.173891956881995,1,1,1,0,0,1,0,0,0,1,0,0,0,1,1,1,0,0,1,1,0,0,0,1,1,0,0,0,1,1
996,1.69362004674496,1,0,1,1,1,1,0,1,1,1,1,1,1,1,1,1,0,1,1,1,0,1,1,1,1,0,1,1,1,1
997,-0.265090146814355,1,0,1,0,0,1,1,0,1,1,0,0,0,1,1,1,0,0,1,0,0,0,0,1,1,0,0,1,0,1
998,-0.669646445189847,0,0,1,0,0,1,1,0,0,1,0,1,0,1,1,0,0,0,1,0,0,0,0,0,1,0,0,1,1,1
999,1.49647838473196,1,1,1,1,0,1,1,1,1,1,0,1,1,1,1,1,0,0,1,1,0,1,1,1,1,0,0,1,1,1
1000,2.40163865194428,1,1,1,1,1,1,1,1,1,1,1,1,1,1,1,1,1,1,1,1,1,1,1,1,1,1,1,1,0,1
1001,0.297258696758543,1,0,1,0,0,1,1,0,1,1,0,1,0,1,1,1,0,1,1,0,0,0,0,0,1,0,0,0,1,1
1002,1.26650342061026,1,1,1,0,0,1,1,0,0,1,0,1,0,1,1,1,0,1,1,0,0,1,1,1,1,0,1,1,1,1
1003,-0.0923585127791056,1,0,1,0,0,1,1,0,1,1,0,1,1,1,1,0,0,1,1,0,0,0,0,1,1,0,0,1,1,0
1004,-0.520618978719765,1,0,0,0,0,1,0,0,1,1,0,0,0,1,1,1,0,0,0,1,0,0,0,1,1,0,0,0,0,1
1005,-0.656938985759487,1,0,1,0,0,1,0,0,1,1,0,0,0,1,1,1,0,0,0,0,0,0,0,0,1,0,0,1,1,0
1006,0.528625534848499,1,0,1,0,0,1,0,0,1,1,0,1,0,1,1,1,0,1,1,0,0,0,0,1,1,0,0,1,1,1
1007,0.631945695612527,1,0,1,0,0,1,0,0,1,1,0,0,0,1,1,1,0,1,1,1,0,1,0,1,1,0,0,1,0,1
1008,-0.54396856032844,1,0,0,0,0,0,1,0,1,1,0,0,0,1,0,1,0,0,1,0,0,0,0,0,1,0,0,1,0,1
1009,0.691972888328639,1,1,1,0,0,1,0,1,0,1,0,1,0,1,1,1,0,0,1,0,0,1,0,1,1,0,1,1,0,1
1010,-0.189944242135196,1,1,1,0,0,1,1,0,1,1,0,0,0,1,1,1,0,0,0,0,0,0,0,1,1,0,0,1,1,1
1011,-0.0505063025153878,1,0,1,0,0,0,0,1,1,1,0,0,0,1,1,1,0,1,1,1,0,0,0,0,0,0,0,1,0,1
1012,-0.528580002165615,1,0,1,0,0,1,0,0,0,0,0,0,0,0,1,1,0,0,1,0,0,0,0,1,1,0,1,1,0,1
1013,-0.177076234475593,1,0,1,0,0,1,0,0,0,1,0,1,1,1,1,1,0,0,1,0,0,0,0,1,1,0,0,0,1,1
1014,0.0369562880618252,1,1,1,0,0,1,1,0,1,1,0,1,0,1,1,1,0,1,1,0,0,0,0,1,1,0,0,1,0,1
1015,-0.936598956391809,1,0,1,0,0,1,1,0,0,0,0,0,0,1,0,0,0,0,0,0,0,0,0,1,0,0,0,1,0,0
1016,0.229765715324773,1,0,1,0,0,1,1,0,1,1,1,0,0,1,1,1,0,0,1,1,0,0,0,1,1,0,0,1,1,1
1017,-0.0439022211373899,1,0,1,0,0,1,1,0,1,1,0,1,1,1,1,1,0,0,1,0,0,0,0,1,1,0,0,1,0,0
1018,0.742961946634582,1,0,1,0,0,1,0,0,1,1,1,0,0,1,1,1,0,0,1,0,0,0,0,1,1,0,1,1,0,1
1019,-0.581044448624612,0,0,0,0,0,0,0,0,0,1,0,0,0,1,1,0,0,1,0,0,0,0,0,0,1,0,0,0,0,1
1020,-0.745764426312767,0,1,1,0,0,0,1,0,0,1,0,0,0,1,1,0,0,0,0,0,0,0,1,0,1,0,0,0,1,1
1021,0.609050383846746,1,1,1,0,0,1,0,0,1,1,0,0,1,1,1,1,0,0,1,1,0,0,1,1,1,0,0,1,1,1
1022,-0.810655473592268,0,1,0,0,0,0,0,0,0,1,0,0,0,1,0,1,0,0,0,1,0,0,0,1,1,0,0,0,1,0
1023,-0.284868568319394,1,0,1,0,0,0,0,0,0,1,0,1,0,1,1,1,0,1,1,0,0,0,0,0,1,0,0,0,1,1
1024,-0.512155479095133,0,0,1,0,0,1,0,0,0,1,0,0,0,1,1,0,0,1,1,0,0,0,0,0,1,0,0,1,0,1
1025,-0.232625514437276,1,0,1,0,0,0,1,0,0,1,0,0,0,1,1,1,0,0,1,0,0,0,0,1,1,0,1,1,1,0
1026,-0.426544429384416,1,0,1,0,0,0,1,0,1,1,0,0,0,1,1,0,0,0,1,0,0,0,0,1,0,0,0,1,0,1
1027,1.05741466220202,1,1,1,0,0,0,1,1,0,1,0,1,1,1,1,1,0,1,1,0,0,0,1,1,1,0,0,1,0,1
1028,-1.20610827592266,0,0,0,0,0,0,0,0,0,1,0,0,0,1,1,0,0,0,1,0,0,0,0,1,0,0,0,0,0,1
1029,-0.454844345150867,1,0,0,0,0,0,1,0,1,1,0,0,1,1,1,0,0,0,0,0,0,0,0,1,1,0,0,0,0,1
1030,-0.0903433085032394,1,0,1,0,0,0,0,0,0,1,0,0,0,1,1,1,0,1,1,0,0,0,0,1,1,0,0,1,1,1
1031,-0.131773954449929,0,1,0,0,0,0,0,0,0,1,1,1,0,1,1,1,0,1,1,0,0,0,0,1,1,0,1,0,0,1
1032,0.617264578746481,1,0,1,0,0,1,1,1,0,1,0,1,1,1,1,1,0,1,1,1,0,0,0,0,1,0,0,0,0,1
1033,-3.12104992535069,0,0,0,0,0,0,0,0,0,0,0,0,0,0,0,0,0,0,0,0,0,0,0,0,0,0,0,0,0,0
1034,-0.859782454758993,0,0,1,0,0,0,1,0,0,1,0,0,0,1,1,1,0,1,0,0,0,0,0,1,1,0,0,0,0,0
1035,-0.712478458127769,1,0,1,0,0,0,0,0,0,1,0,1,0,1,1,1,0,0,1,1,0,0,0,0,0,0,0,0,0,1
1036,0.145385487649676,1,0,1,0,0,0,0,0,1,1,0,0,0,1,1,1,0,0,0,0,0,0,0,1,1,0,0,1,1,1
1037,-0.192561598518952,1,0,1,0,0,1,1,0,1,1,0,1,0,1,1,1,0,0,1,0,0,1,0,1,1,0,0,0,0,0
1038,0.0070971042221517,0,0,1,0,0,1,1,0,1,1,0,0,0,1,1,1,0,1,1,1,0,0,1,1,1,0,0,1,1,1
1039,-0.920928962507342,0,0,0,0,0,0,0,0,0,1,0,0,0,1,1,1,0,1,0,0,0,0,0,1,1,0,0,0,0,1
1040,-0.556207963983619,1,0,0,0,0,1,0,0,1,1,0,0,0,1,1,1,0,1,0,0,0,0,0,1,1,0,0,1,1,1
1041,0.437296848709027,1,0,1,0,0,1,1,1,0,1,0,1,0,1,1,1,0,1,1,0,0,1,0,0,1,0,0,1,0,1
1042,-1.79115090679959,0,0,0,0,0,0,0,0,0,0,0,1,0,1,0,1,0,0,0,0,0,0,0,0,0,0,0,0,0,0
1043,-1.16270842522475,0,0,0,0,0,0,1,0,1,1,0,0,0,1,1,0,0,1,0,0,0,0,0,0,1,0,0,1,0,1
1044,1.40560260709789,1,0,1,1,0,1,1,0,1,1,1,1,1,1,1,1,0,1,1,1,0,1,1,1,1,0,0,1,0,1
1045,-0.689425971613465,1,0,1,0,0,1,0,0,0,1,0,0,0,1,1,1,0,1,0,0,0,0,0,0,0,0,0,0,1,1
1046,0.297408027349557,1,0,0,0,0,1,0,0,1,1,0,0,1,1,1,1,0,0,1,0,0,0,0,1,1,0,0,1,0,1
1047,0.0720970164764121,0,0,1,0,1,1,1,0,0,1,0,0,0,1,1,1,0,1,1,1,0,0,0,1,1,0,0,1,0,1
1048,1.12292662794916,1,1,1,1,0,1,1,0,1,1,0,1,0,1,1,1,1,1,1,1,0,0,1,1,1,0,1,0,1,1
1049,-0.477937988517843,1,0,1,0,0,1,1,0,1,1,0,1,0,1,1,1,0,0,1,0,0,0,0,1,1,0,0,0,0,1
1050,-0.686245935365659,0,0,1,0,0,0,1,0,1,1,0,0,0,1,0,1,0,0,1,0,0,0,0,0,1,0,0,0,0,1
1051,-0.566145447737214,0,0,0,0,0,1,0,0,1,1,0,0,0,1,1,1,0,1,1,0,0,0,1,1,1,0,0,0,1,0
1052,-1.08602033308947,1,1,0,0,0,0,1,0,1,1,0,0,0,1,1,0,0,0,1,0,0,0,0,0,0,0,0,0,0,0
1053,0.14067464306618,1,0,1,0,0,0,0,1,1,1,0,0,1,1,1,1,0,0,1,0,0,0,0,1,1,0,0,1,1,1
1054,0.143283610155882,0,0,1,0,0,1,0,0,1,1,0,0,0,1,1,0,0,0,1,1,0,0,1,1,1,0,0,0,0,1
1055,-0.41438496972632,1,0,0,0,0,1,1,0,1,0,0,0,0,1,1,1,0,0,1,0,0,0,0,1,1,0,0,1,0,1
1056,-1.39196375819361,0,0,0,0,0,1,1,0,0,0,0,0,0,1,1,0,0,0,0,0,0,0,0,1,0,0,0,1,0,0
1057,-0.840484579716219,1,0,1,0,0,1,1,0,0,1,0,0,0,1,1,1,0,1,1,0,0,0,0,1,1,0,0,1,1,0
1058,0.208701267718486,1,0,1,0,0,1,0,0,1,1,0,0,0,1,1,1,0,0,1,0,0,0,0,1,1,0,0,1,0,1
1059,1.71676908134111,1,1,1,1,0,1,1,0,1,1,1,1,1,1,1,1,1,1,1,1,1,1,1,1,1,0,1,1,1,1
1060,0.719133633635194,1,0,1,0,0,1,1,0,1,1,0,0,1,1,1,1,0,1,1,1,0,0,1,1,1,0,0,1,0,1
1061,-0.593063795114069,1,0,1,0,0,1,1,0,0,1,0,0,0,1,1,0,0,0,1,1,0,0,0,1,1,0,0,0,1,0
1062,-1.02546139103229,1,0,0,0,0,0,0,0,1,1,0,0,0,1,1,1,0,0,1,0,0,0,0,0,1,0,0,0,0,0
1063,0.712150372955212,1,0,1,0,0,1,0,0,0,1,0,1,0,1,1,1,0,1,1,0,0,1,1,1,1,0,0,1,1,1
1064,-0.220019177335169,1,0,1,0,0,0,1,0,1,1,0,0,0,1,1,1,0,0,1,0,0,0,0,0,1,0,0,1,0,0
1065,0.17656351509766,0,0,1,0,0,1,1,0,0,1,0,0,0,1,1,1,0,1,1,1,0,0,0,0,1,0,0,1,1,1
1066,-0.35838697113368,1,0,1,0,0,1,0,0,1,1,0,0,1,1,1,0,0,0,1,0,0,0,0,1,1,0,0,0,1,1
1067,-0.287036519900836,0,0,1,0,0,0,1,0,0,1,0,0,1,1,1,1,0,0,0,0,0,0,0,1,1,0,0,1,0,1
1068,-0.321182560729746,1,0,1,0,0,1,0,0,1,1,0,1,0,1,0,1,0,0,1,0,0,0,0,1,1,0,0,0,0,1
1069,-0.265042712390666,0,0,0,0,0,0,1,0,0,0,0,1,0,1,1,1,0,0,1,0,0,0,0,1,1,0,0,1,0,1
1070,1.05758479628339,1,0,1,0,1,1,1,1,1,1,0,0,1,1,1,1,0,1,1,0,0,0,1,1,1,0,0,1,1,1
1071,-0.646134185709251,1,0,0,0,0,0,0,0,0,1,0,0,0,1,0,0,0,1,0,0,0,0,0,1,1,0,0,1,0,1
1072,-0.957596454959329,1,0,0,0,0,0,1,0,0,1,0,0,0,1,1,1,0,0,0,0,0,0,0,0,1,0,0,0,0,0
1073,-0.739703061390064,1,0,0,0,0,1,1,0,1,1,0,0,0,1,1,1,0,0,0,0,0,0,0,1,1,0,0,0,0,1
1074,0.755019287777012,1,1,1,0,0,1,1,0,0,1,0,0,1,1,1,1,0,1,1,0,0,0,0,0,1,0,1,1,0,1
1075,1.35316117032725,1,1,1,1,0,1,1,0,1,1,1,1,1,1,1,1,1,1,1,1,1,1,1,1,1,0,1,1,1,1
1076,0.355702253590318,1,0,0,0,0,1,1,0,1,1,0,0,0,1,1,1,0,1,1,1,0,0,0,1,1,0,0,1,0,1
1077,0.00439815690240097,1,0,0,0,0,1,1,0,1,1,0,1,0,1,1,1,0,1,1,0,0,0,0,1,1,0,0,1,1,1
1078,-0.111536788120755,1,0,1,0,0,1,1,0,0,1,0,1,0,1,1,0,0,1,1,0,0,0,0,0,1,0,0,0,0,1
1079,-1.58802172193278,0,0,0,0,0,0,1,0,0,1,0,0,0,1,0,0,0,0,0,1,0,0,0,0,0,0,0,0,0,0
1080,0.307020410757882,1,0,1,0,0,0,1,0,1,1,0,0,0,1,1,1,0,0,1,0,0,0,0,0,1,0,0,1,1,1
1081,0.163795549984067,1,0,1,0,0,0,0,0,0,1,0,0,1,1,1,1,0,1,1,0,0,0,0,1,1,0,0,1,1,1
1082,-0.287599941470318,1,0,1,0,0,1,0,0,0,1,0,0,0,1,1,1,0,1,1,1,0,0,0,0,1,0,0,0,0,0
1083,-1.74541284736214,0,0,0,0,0,0,0,0,0,0,0,0,1,0,0,1,0,0,0,0,0,0,0,0,0,0,0,1,0,0
1084,0.311491163295966,1,0,1,0,0,1,0,0,1,1,1,1,0,1,1,1,0,1,1,0,0,0,0,1,1,1,0,0,0,1
1085,-0.352805487570703,1,1,0,0,0,1,1,0,1,1,0,0,0,1,1,1,0,0,1,0,0,0,0,1,1,0,0,1,0,1
1086,-0.832809062859024,0,0,0,0,0,1,0,0,0,0,0,0,0,1,1,0,0,1,0,0,0,0,0,0,0,0,0,0,0,0
1087,-0.348277499109951,1,0,1,0,0,1,1,0,1,1,0,0,0,1,1,1,0,1,1,1,0,0,0,0,1,0,0,1,0,0
1088,1.09054271722364,1,0,1,0,0,1,1,1,0,1,0,1,1,1,1,1,0,0,1,0,0,1,0,1,1,0,0,1,1,1
1089,-1.91712333987466,0,0,0,0,0,0,0,0,0,0,0,0,0,1,0,0,0,0,0,0,0,0,0,0,0,0,0,0,0,0
1090,0.455702641040851,1,0,0,0,0,1,1,0,1,1,0,0,0,1,1,1,1,0,1,1,0,0,0,1,1,0,0,0,0,1
1091,-1.4240722622227,0,0,1,0,0,0,0,0,0,0,0,0,0,1,1,1,0,0,1,0,0,0,0,0,0,0,0,0,0,0
1092,-0.0300530301306774,1,0,1,0,0,1,0,0,0,1,0,0,1,1,1,1,0,0,1,1,0,0,0,1,1,0,0,0,0,1
1093,0.273363032880041,1,1,1,0,0,0,0,0,1,1,0,1,1,1,1,0,0,1,1,0,0,0,0,1,1,0,0,0,1,1
1094,-0.490233902388886,0,1,0,0,0,1,0,0,1,1,0,0,0,1,1,1,0,0,1,0,0,0,1,1,1,0,0,1,0,1
1095,0.0432883161002746,1,1,1,0,0,1,0,0,0,1,0,1,0,1,1,1,0,0,1,0,0,0,0,1,1,0,0,0,0,0
1096,0.627804220434215,1,0,1,0,0,1,1,0,1,1,0,1,1,1,1,1,0,1,1,1,0,0,0,0,1,0,0,1,0,1
1097,0.398258843002741,1,1,1,0,0,0,1,0,1,1,0,1,0,1,1,1,0,1,1,1,0,0,0,1,1,0,0,1,0,1
1098,0.229916912132651,1,1,1,0,0,1,0,0,1,1,0,1,1,1,1,1,0,1,1,0,0,0,0,1,1,0,0,0,1,1
1099,0.169026228385849,1,0,1,0,0,0,1,0,0,1,0,1,0,1,1,1,0,1,1,0,0,0,0,1,1,0,0,1,0,1
1100,2.19285692206199,1,1,1,0,1,1,1,1,1,1,1,1,0,1,1,1,1,1,1,1,1,1,1,1,1,1,1,1,0,1
1101,1.02606701861428,1,0,1,1,0,1,1,0,1,1,0,0,1,1,1,1,0,1,1,1,0,1,0,1,1,0,0,0,0,1
1102,0.249370430180537,1,0,1,0,0,1,1,0,1,1,0,0,0,1,1,1,0,0,1,1,0,0,0,1,1,0,0,1,1,1
1103,0.419620070116006,1,1,1,0,0,1,0,0,1,1,0,0,0,1,1,1,0,0,0,0,0,0,0,1,1,0,1,1,0,0
1104,-0.944695483448497,0,0,1,0,0,0,0,0,0,1,0,0,0,1,1,1,0,0,1,0,0,0,0,1,1,0,0,1,0,0
1105,-0.86590447709371,0,0,1,0,0,0,0,0,0,0,0,0,0,1,1,0,0,0,0,0,0,0,0,1,0,0,0,0,0,1
1106,-1.39985682614086,0,0,0,0,0,1,0,0,0,1,0,0,0,1,1,0,0,0,1,0,0,0,0,1,0,0,0,0,0,0
1107,-0.890114622011994,0,0,0,0,0,0,0,0,0,0,0,1,0,1,1,1,0,0,0,0,0,0,0,1,1,0,0,0,0,1
1108,0.409813458423199,1,0,0,0,0,1,1,0,1,1,0,1,0,1,1,1,0,1,1,0,0,0,1,1,1,0,0,1,1,1
1109,0.289428874223203,1,0,1,0,0,1,1,0,0,1,0,1,0,1,1,0,0,0,1,1,0,0,0,1,1,0,0,1,0,1
1110,-1.63793796416804,0,0,1,0,0,1,0,0,0,0,0,0,0,1,1,1,0,0,0,0,0,0,0,0,0,0,0,0,0,0
1111,0.71935682350438,1,1,1,0,0,0,1,0,1,1,0,0,1,1,1,1,0,1,1,0,0,0,1,1,1,0,0,1,1,1
1112,-0.163721417042693,1,0,0,0,0,1,1,0,0,1,0,0,0,1,1,1,0,1,0,0,0,0,0,0,1,0,0,1,0,1
1113,1.28533285360568,1,0,1,0,0,1,0,0,1,1,0,0,1,1,1,1,0,0,1,1,0,0,0,1,1,0,0,1,1,1
1114,-0.990466576943053,1,0,1,0,0,0,0,0,1,1,0,1,0,1,1,0,0,1,1,0,0,0,0,0,0,0,0,0,0,0
1115,0.853748984471239,1,0,1,0,0,1,0,0,0,1,0,1,0,1,1,1,0,1,1,1,0,1,1,1,1,0,1,1,0,1
1116,-0.601125644925654,1,0,0,0,0,0,1,0,1,1,0,0,0,1,1,0,0,0,1,0,0,0,0,0,1,0,0,0,0,1
1117,-0.275496092189741,1,0,0,0,0,0,0,0,0,1,0,0,1,1,1,1,0,0,1,0,0,0,0,0,0,0,0,0,0,0
1118,-1.23411088797801,1,0,0,0,0,1,0,0,0,1,0,0,0,1,0,1,0,0,1,0,0,0,0,1,1,0,0,0,0,0
1119,-0.0433938176862135,1,0,1,0,0,1,1,0,0,1,0,0,0,1,1,1,0,0,1,0,0,0,0,1,1,0,0,1,1,1
1120,-0.0983330360039886,1,0,1,0,0,0,1,0,1,1,0,1,0,1,1,1,0,0,0,0,0,1,0,1,1,0,0,1,0,1
1121,1.22624390968671,1,1,1,0,1,1,0,1,1,1,0,1,1,1,1,1,1,1,1,1,0,0,0,1,1,1,1,1,1,1
1122,-0.866913780917898,1,0,0,0,0,1,0,0,0,1,0,0,0,1,1,0,0,1,0,0,0,0,0,0,1,0,0,1,1,0
1123,-0.688741094863015,1,0,0,0,0,0,0,0,0,1,0,0,0,1,1,0,0,0,0,0,0,0,0,1,0,0,0,1,0,1
1124,-2.11729552272058,0,0,0,0,0,0,0,0,0,1,0,0,0,0,0,0,0,0,1,0,0,0,0,0,0,0,0,0,0,0
1125,-0.154963152335614,1,0,1,0,0,0,0,0,0,1,0,0,1,1,1,1,0,0,1,0,0,0,0,0,1,0,0,1,0,1
1126,1.19415629729933,1,0,1,0,0,1,1,0,1,1,0,1,1,1,1,0,0,1,1,1,1,0,0,1,1,1,0,1,1,1
1127,0.169527380623122,1,0,1,0,0,1,1,1,0,1,0,0,0,1,1,1,0,0,1,1,0,1,0,1,1,0,0,1,0,0
1128,0.672744519676308,1,0,1,0,0,1,1,0,1,1,0,1,1,1,1,1,0,1,1,0,0,0,0,1,1,0,1,0,0,1
1129,-0.925691013317503,0,0,1,0,0,1,1,0,0,1,0,1,0,1,1,0,0,0,0,0,0,0,0,0,1,0,0,0,0,1
1130,-1.0296281888871,1,0,1,0,0,0,0,0,1,1,0,0,0,1,0,0,0,1,0,0,0,0,0,0,0,0,0,1,0,1
1131,-0.415483257335227,1,0,1,0,0,1,1,0,1,1,0,1,0,1,1,1,0,0,1,1,0,0,0,1,1,0,0,0,1,1
1132,0.916745269854177,1,1,1,0,0,1,1,0,1,1,0,1,1,1,1,1,0,1,1,1,0,1,0,1,1,1,0,1,1,1
1133,0.754539496045416,1,1,0,0,0,1,1,0,1,1,0,0,0,1,1,1,0,1,1,0,1,0,1,1,1,0,0,1,1,1
1134,-0.185270028422249,1,0,1,0,0,1,1,0,1,1,0,0,0,1,1,1,0,1,1,0,0,0,0,1,1,0,0,1,0,1
1135,0.68329310476701,1,0,1,0,0,1,0,1,0,1,0,1,1,1,1,1,0,1,1,0,0,0,1,1,1,0,1,1,1,1
1136,1.36789402027721,1,1,1,1,1,1,1,0,1,1,1,1,1,1,1,1,0,0,1,1,0,1,1,1,1,0,0,1,1,1
1137,-0.333033198533438,1,0,0,0,0,0,0,0,0,1,0,1,0,1,1,1,0,0,1,0,0,0,0,0,1,0,0,0,1,1
1138,-1.18378279619302,1,0,0,0,0,0,0,0,0,0,0,0,0,1,1,1,0,0,1,0,0,0,0,0,0,0,0,1,0,1
1139,-0.214349818060842,1,1,1,0,0,0,1,0,1,1,0,1,1,1,1,1,0,1,1,1,0,0,0,1,1,0,0,1,0,1
1140,0.452039369062347,1,0,1,0,0,1,1,0,0,1,0,0,0,1,1,1,1,0,1,1,0,0,0,1,1,0,1,1,1,1
1141,0.729647192146788,1,1,1,0,1,1,1,0,0,1,0,0,1,1,1,1,0,1,1,1,0,1,0,1,1,0,0,0,0,0
1142,0.920532221991873,1,1,1,0,0,1,1,0,1,1,0,1,1,1,1,1,0,1,1,1,0,0,0,1,1,0,0,0,0,1
1143,0.273366967589868,1,0,1,0,0,1,1,0,1,1,0,1,0,1,1,0,0,1,1,0,0,0,0,1,1,0,0,1,0,0
1144,1.04490641661475,1,1,1,0,0,1,0,0,1,1,1,0,1,1,1,1,1,1,1,1,0,0,0,1,1,0,1,1,1,1
1145,0.440667054039983,1,0,0,0,0,1,1,0,0,1,0,0,0,1,1,1,0,1,1,1,0,1,0,1,1,1,0,1,1,0
1146,0.201683775261799,1,0,1,0,0,0,1,0,1,1,0,0,0,1,1,1,1,0,1,0,0,0,0,1,1,0,0,1,1,1
1147,-1.6106315976303,1,0,0,0,0,0,0,0,0,1,0,1,0,1,1,0,0,0,1,0,0,0,0,0,0,0,0,0,0,0
1148,-2.42799785971508,0,0,0,0,0,0,0,0,0,0,0,0,0,0,0,0,0,0,0,0,0,0,0,0,0,0,0,0,0,0
1149,-0.398056753929434,1,0,1,0,0,0,1,0,1,1,0,1,0,1,1,1,0,1,1,1,0,0,0,1,1,0,0,1,0,1
1150,2.04579534180754,1,1,1,0,1,1,1,1,1,1,1,0,1,1,1,1,1,0,1,1,1,1,0,1,1,1,1,1,1,1
1151,-0.0825977533683764,1,0,1,0,0,1,1,0,1,1,0,0,0,1,1,1,0,0,1,1,0,0,0,1,1,0,0,0,0,1
1152,-0.581993881675219,1,0,0,0,0,0,1,0,0,1,0,0,0,1,1,1,0,1,1,0,0,0,0,0,0,0,0,0,0,1
1153,-1.03289442387432,1,0,0,0,0,0,1,0,1,0,0,0,0,1,1,0,0,0,0,0,0,0,0,1,1,0,0,1,0,1
1154,0.295541989353251,1,1,1,0,0,1,1,1,1,1,1,1,1,1,1,0,0,0,1,1,0,0,0,0,1,0,0,1,1,1
1155,-1.93000683883909,0,0,1,0,0,0,1,0,0,0,0,1,0,1,1,0,0,0,0,0,0,0,0,0,0,0,0,0,0,0
1156,-1.14258667308012,1,0,0,0,0,1,1,0,1,0,0,0,0,1,0,0,0,1,0,0,0,0,0,0,1,0,0,1,1,0
1157,1.27492857746113,1,1,1,1,0,1,1,0,1,1,0,1,0,1,1,1,1,1,1,1,0,1,1,1,1,0,1,1,1,1
1158,-0.275880576191187,1,0,1,0,0,0,1,0,1,1,0,0,0,1,1,0,0,1,1,0,0,0,0,1,1,0,0,0,0,1
1159,-1.15892253982306,0,0,0,0,0,0,0,0,0,1,0,1,0,1,0,0,0,1,0,0,0,0,0,0,0,0,0,0,0,0
1160,-0.637059533092699,0,0,0,0,0,0,0,0,0,1,0,0,0,1,1,1,0,1,1,0,0,0,0,0,1,0,0,1,0,1
1161,-1.23940310090308,0,0,0,0,0,1,0,0,0,1,0,0,0,1,1,0,0,1,0,0,0,0,0,0,1,0,0,0,0,0
1162,0.034516485334167,0,0,1,0,0,1,1,0,0,1,0,0,0,1,1,1,0,1,1,1,0,0,0,1,1,0,0,1,0,1
1163,0.309019279523895,1,0,1,0,0,1,1,0,1,1,0,1,0,1,1,1,0,1,1,1,0,0,0,1,1,0,1,1,1,1
1164,1.88497454606825,1,1,1,0,0,1,1,0,1,1,1,1,1,1,1,1,1,1,1,1,0,1,1,1,1,1,1,1,1,1
1165,0.177198673878211,1,0,1,0,0,0,0,0,0,1,0,1,0,1,1,1,0,0,1,0,0,0,0,1,1,0,0,1,1,1
1166,-0.42260206950748,0,0,1,0,1,0,0,0,0,1,0,0,0,1,1,1,0,0,1,0,0,0,0,1,1,0,0,1,0,1
1167,1.02885617806895,1,0,1,0,0,0,1,0,1,1,1,0,1,1,1,1,0,1,1,0,1,1,0,1,1,1,0,1,0,1
1168,0.837163868432368,1,0,1,0,0,1,1,0,1,1,0,0,0,1,1,0,0,0,1,0,0,1,1,1,1,0,0,0,0,1
1169,2.47622571771948,1,1,1,1,1,1,1,1,1,1,1,1,1,1,1,1,1,1,1,1,1,1,1,1,1,1,1,1,1,1
1170,0.651169308496534,1,1,1,0,0,1,1,0,1,1,0,0,0,1,1,1,0,1,1,0,0,0,0,1,1,0,0,0,1,1
1171,0.113787875832937,1,0,1,0,0,1,1,0,1,1,0,0,0,1,1,1,0,0,1,0,0,0,0,1,0,0,0,1,1,1
1172,-1.55608214646657,0,0,0,0,0,0,0,0,0,0,0,0,1,1,1,0,0,1,1,0,0,0,0,0,0,0,0,0,0,0
1173,1.45016783549729,1,1,1,1,1,1,0,0,1,1,0,1,1,1,1,1,0,0,1,0,1,1,1,1,1,1,1,1,1,1
1174,-1.18350117237376,0,0,0,0,0,0,0,0,0,1,0,0,0,0,1,0,0,1,0,0,0,0,0,0,0,0,0,0,1,0
1175,-0.323086630806013,1,0,0,0,0,1,1,0,1,1,0,0,0,1,1,0,0,1,0,0,0,0,0,1,1,0,1,1,0,1
1176,-0.0718788201682361,0,0,1,0,0,1,1,0,0,1,0,0,0,1,1,1,0,1,1,0,0,0,0,1,1,0,0,1,0,1
1177,0.911315880694,1,1,1,1,0,1,1,0,1,1,0,1,1,1,1,1,0,1,1,1,0,0,1,1,1,0,1,1,1,1
1178,1.05245660788888,1,1,1,0,0,1,1,1,1,1,1,1,0,1,1,1,1,1,1,0,1,0,1,1,1,0,1,1,0,1
1179,-0.364854095270077,1,1,1,0,0,0,0,0,0,1,0,0,0,1,0,1,0,1,1,0,0,0,0,1,1,1,0,1,0,1
1180,-1.4300765585844,0,0,0,0,0,0,0,0,0,1,0,0,0,0,0,0,0,0,1,0,0,0,0,0,0,0,0,0,0,0
1181,-0.0621414268910757,0,1,1,0,0,0,0,0,0,1,0,0,0,1,1,1,0,1,1,0,0,0,0,0,0,0,1,1,0,0
1182,2.59748618321128,1,0,1,1,1,1,1,1,1,1,1,1,1,1,1,1,1,1,1,0,1,1,1,1,1,0,1,1,1,1
1183,0.00639800650654765,1,0,1,0,0,1,1,0,1,1,0,0,0,1,1,1,0,1,1,1,0,0,0,0,1,0,1,0,1,0
1184,1.49163165490769,1,1,1,1,1,1,1,0,1,1,0,1,1,1,1,1,1,1,1,0,0,0,1,1,1,0,1,1,0,1
1185,-1.16440294849966,1,0,0,0,0,0,1,0,0,0,0,0,0,1,1,0,0,0,0,0,0,0,0,1,0,0,0,0,1,1
1186,-0.998288089149097,0,0,1,0,0,0,0,0,1,1,0,0,0,1,0,0,0,0,1,0,0,0,0,1,1,0,0,0,0,1
1187,0.769950250248213,1,0,1,0,0,1,1,0,0,1,0,1,1,1,1,1,0,0,1,1,0,1,0,1,1,0,0,1,1,0
1188,-0.320500541612823,1,1,1,0,0,1,1,0,1,1,0,0,0,1,1,1,0,1,0,0,0,0,0,0,1,0,1,0,0,1
1189,-0.225752731841356,1,1,0,0,0,0,1,0,1,1,0,0,0,1,0,1,0,1,1,0,0,0,0,1,1,0,0,1,0,1
1190,1.79959548122738,1,1,1,1,0,1,1,1,1,1,0,1,0,1,1,1,1,0,1,1,0,0,1,1,1,1,1,1,1,1
1191,-1.59771238604769,1,0,0,0,0,0,0,0,0,1,0,0,0,1,0,0,0,1,1,0,0,0,0,0,0,0,0,0,0,0
1192,0.429311088340075,1,0,0,0,0,0,1,0,1,1,0,1,1,1,1,1,0,0,0,0,0,0,0,1,1,0,0,1,1,1
1193,-0.71651496442222,0,0,1,0,0,1,0,0,0,1,0,0,0,1,1,1,0,1,1,0,0,0,0,1,1,0,0,0,0,0
1194,-0.069187845783815,1,1,1,0,0,1,1,0,0,1,0,0,0,1,1,0,0,0,0,0,0,0,0,0,1,0,0,1,0,1
1195,0.939694303481643,1,0,1,0,0,1,1,1,1,1,0,0,1,1,1,1,0,1,1,0,0,1,0,1,1,0,0,1,0,1
1196,-1.27182422833905,0,0,0,0,0,0,1,0,0,1,0,0,0,1,1,1,0,0,0,0,0,0,0,1,1,0,0,0,0,1
1197,0.642888410487574,1,1,1,0,0,0,1,0,1,1,0,1,1,1,1,1,1,0,1,1,0,0,0,1,1,0,0,1,1,1
1198,0.034642111570512,1,0,1,0,0,1,1,0,1,1,0,1,0,1,1,0,0,0,1,0,0,0,0,0,1,0,0,1,1,1
1199,1.21634141532751,1,1,1,0,0,1,1,0,1,1,0,0,1,1,1,1,0,1,1,0,0,0,1,1,1,0,1,1,1,1
1200,-0.330861696210048,1,0,1,0,0,0,1,0,1,1,0,0,0,1,1,1,0,1,0,0,0,0,0,1,1,0,0,1,0,1
1201,-0.679347718847706,1,0,0,0,0,1,0,0,1,1,0,0,0,1,1,0,0,0,1,0,0,0,0,1,0,0,0,0,0,1
1202,-0.576440181182986,0,0,1,0,0,1,1,0,0,1,0,0,0,1,1,1,0,1,1,0,0,0,0,0,1,0,0,1,1,0
1203,-0.490606355539958,1,1,1,0,0,0,1,0,1,1,0,0,0,1,1,1,0,0,1,0,0,0,0,1,1,0,0,0,0,1
1204,-0.192284723665475,1,0,1,0,0,1,0,0,1,1,0,1,0,1,1,1,0,0,1,0,0,0,0,0,1,0,1,1,1,1
1205,-0.0455427100294729,1,0,1,0,0,0,0,0,1,1,0,0,0,1,1,1,0,1,1,0,0,0,0,1,1,0,0,1,0,0
1206,-0.543600171892752,0,0,1,0,0,1,0,0,1,1,0,0,0,1,1,1,0,0,0,0,0,0,0,1,1,0,0,1,1,1
1207,1.8520729370915,1,1,1,1,1,1,1,1,1,1,1,0,1,1,1,1,1,1,1,1,1,1,1,1,1,0,1,1,1,1
1208,-1.41430263654616,1,0,0,0,0,0,1,0,0,0,0,0,0,1,0,0,0,0,1,0,0,0,0,0,0,0,0,0,0,0
1209,0.501799893257547,1,1,1,0,0,1,1,0,1,1,0,0,0,1,1,1,0,0,1,0,0,0,1,1,1,0,0,0,0,1
1210,1.33345311300332,1,1,1,0,0,0,1,1,1,1,1,0,1,1,1,1,0,1,1,1,0,1,1,1,1,0,0,0,1,1
1211,-0.511418847984076,0,0,1,0,0,1,0,0,0,1,0,0,0,1,0,1,0,0,1,0,0,0,0,1,1,0,0,1,1,1
1212,0.549403862841587,1,1,1,0,0,1,1,0,1,1,0,0,0,1,1,1,0,0,1,0,0,0,0,1,1,0,1,0,0,0
1213,0.0970763358624476,0,0,1,0,0,0,0,0,1,1,0,1,0,1,1,0,0,1,0,0,0,1,0,1,1,0,0,1,1,1
1214,2.04588615515473,1,1,1,1,0,1,1,1,1,1,1,1,1,1,1,1,0,1,1,1,0,1,1,1,1,1,1,1,1,1
1215,-1.16412297452628,1,0,1,0,0,0,0,0,0,1,0,0,0,0,1,1,0,1,1,0,0,0,0,1,1,0,0,0,0,1
1216,-1.83587152147436,0,0,0,0,0,0,0,0,1,0,0,0,0,1,0,0,0,0,0,0,0,0,0,0,1,0,0,0,0,1
1217,0.1315974299389,1,0,1,0,0,1,1,0,0,1,0,1,0,1,1,1,0,0,1,1,0,0,0,1,1,0,0,1,0,0
1218,0.5119537232711,1,1,1,0,0,1,1,0,1,1,0,0,0,1,1,1,0,0,1,0,0,0,0,1,1,0,0,1,1,1
1219,-0.142544288201282,1,0,1,0,0,0,1,0,0,1,0,0,0,1,1,1,0,1,1,1,0,0,0,0,1,0,0,1,1,1
1220,-1.76276842234103,1,0,0,0,0,0,0,0,0,0,0,1,0,0,1,0,0,0,1,0,0,0,0,1,0,0,0,0,0,0
1221,0.297072476983667,1,1,1,0,0,1,1,0,1,1,0,1,0,1,1,1,0,1,1,1,0,1,0,0,1,0,0,1,1,1
1222,-1.15924709660749,0,0,0,0,0,0,0,0,0,0,0,0,0,1,1,0,0,0,1,0,0,0,0,1,0,0,0,0,1,1
1223,-0.890114622011994,0,0,0,0,0,1,1,0,1,1,0,0,0,1,1,0,0,0,1,0,0,0,0,1,1,0,0,0,0,0
1224,-0.246228773781456,1,0,1,0,0,1,1,0,1,1,0,0,0,1,1,0,0,0,0,1,0,0,1,1,1,0,0,1,0,1
1225,0.122049813018559,1,1,0,0,0,1,1,0,1,1,0,0,0,1,1,1,0,1,1,1,0,0,0,1,1,0,0,1,0,1
1226,-0.380439291254217,1,0,1,0,0,1,0,0,1,1,0,0,0,1,1,1,0,0,1,0,0,0,0,1,1,0,0,1,0,0
1227,0.782744420283939,1,1,1,0,0,0,1,0,1,1,0,1,1,1,1,1,0,1,1,0,0,0,0,0,1,0,1,1,1,0
1228,-0.199288778447068,1,1,1,0,0,0,1,0,0,1,0,0,0,1,1,0,0,0,1,0,0,0,0,1,1,0,0,1,1,1
1229,-2.4007311386417,0,0,0,0,0,0,0,0,0,0,0,0,0,1,1,0,0,0,0,0,0,0,0,0,0,0,0,1,0,0
1230,-0.361706633134426,1,1,1,0,0,0,0,0,1,0,0,0,0,1,0,1,0,0,1,0,0,0,0,0,1,0,0,1,0,1
1231,0.949978224906345,1,0,1,0,0,0,1,0,1,1,0,1,1,1,1,1,0,0,1,0,0,0,0,1,1,0,0,1,0,1
1232,0.155033439277272,1,1,1,0,0,1,0,0,1,1,0,0,0,1,1,1,1,1,1,0,0,0,0,1,1,0,0,0,1,1
1233,-0.206417482551996,1,1,1,0,0,0,0,0,1,1,0,1,0,1,1,1,0,1,1,1,0,0,0,1,1,0,0,0,0,0
1234,-0.0799894775246648,1,0,1,0,0,0,0,0,1,1,0,0,1,1,1,1,0,1,1,1,0,0,0,0,1,0,0,0,0,1
1235,-2.02818446124693,0,0,0,0,0,0,0,0,0,1,0,0,0,0,1,1,0,0,0,0,0,0,0,0,0,0,0,0,0,0
1236,0.595744448766512,1,0,1,0,0,1,0,0,1,1,0,0,0,1,1,1,0,1,1,1,0,0,0,1,1,0,0,1,0,1
1237,-0.928567269605119,1,0,1,0,0,0,0,0,1,1,0,0,0,1,1,1,0,0,1,0,0,0,0,0,0,0,0,1,0,0
1238,1.64153507539632,1,1,1,0,0,1,1,1,1,1,0,1,1,1,1,1,1,1,1,1,1,1,1,1,1,1,0,1,1,1
1239,-0.522188915600539,1,0,1,0,0,0,0,0,1,1,0,1,0,1,1,1,0,0,0,0,0,0,0,0,1,0,0,1,0,1
1240,0.110780722688492,0,0,1,0,0,1,1,0,0,1,0,1,0,1,1,1,0,0,1,0,0,0,0,1,1,0,0,1,0,0
1241,0.915238310213986,1,1,1,0,0,1,1,0,1,1,0,1,0,1,1,1,0,1,1,1,0,1,1,1,1,0,0,1,0,1
1242,-2.00717523015651,0,0,0,0,0,0,0,0,0,0,0,0,0,0,0,0,0,0,0,0,0,0,0,0,0,0,0,0,0,0
1243,0.609349700874938,1,0,0,0,0,1,0,0,0,1,0,0,1,1,1,1,0,1,1,0,0,0,0,1,1,0,0,1,0,0
1244,-0.420482661606768,0,0,1,0,0,1,0,0,0,1,0,1,0,1,1,0,0,0,0,0,0,0,0,1,1,0,0,1,0,1
1245,0.164545509271375,1,0,1,0,0,0,1,0,0,1,0,0,0,1,1,0,0,0,1,1,0,0,0,0,1,0,0,1,0,1
1246,0.0431762700779776,1,0,1,0,0,1,1,0,0,1,0,0,1,1,1,1,0,1,1,0,0,0,0,1,1,0,0,0,0,1
1247,-0.978822879440444,0,0,1,0,0,0,0,0,0,1,0,1,0,1,1,1,0,0,0,0,0,0,0,0,0,0,0,1,0,0
1248,0.0669892165142622,1,0,1,0,0,1,1,0,1,1,0,1,0,1,1,1,0,0,0,0,0,0,0,1,1,0,0,1,0,1
1249,0.3953011664514,1,0,1,0,0,0,0,0,1,1,0,1,0,1,1,1,0,1,1,1,0,0,0,0,1,0,0,1,0,1
1250,-0.811064558709442,0,0,0,0,0,0,0,0,0,1,0,0,0,1,1,1,0,0,1,0,0,0,0,1,1,0,0,0,0,0
1251,0.347110183490428,1,0,1,0,0,0,1,0,1,1,0,0,0,1,1,0,0,0,1,1,0,1,0,1,0,0,0,1,1,0
1252,-0.916685956907471,1,0,1,0,0,0,0,0,1,1,0,1,0,1,0,0,0,0,1,0,0,0,0,0,0,0,0,1,1,1
1253,-0.230106396094413,1,1,1,0,0,1,1,0,0,1,0,1,1,1,1,1,0,0,1,0,0,0,0,1,1,0,0,1,0,1
1254,0.60834396098621,1,0,1,0,0,1,1,0,1,1,0,1,0,1,1,1,0,1,1,1,0,0,0,1,1,0,1,1,1,1
1255,-0.543547738930388,1,0,1,0,0,0,0,0,1,1,0,0,0,1,1,1,0,1,1,0,0,0,0,1,1,0,0,1,1,1
1256,-0.180208575529084,1,1,0,0,0,1,1,0,0,1,0,1,0,1,1,1,0,1,1,0,0,0,1,1,1,0,0,0,1,1
1257,-0.994811886485309,0,0,0,0,0,0,1,0,0,0,0,0,0,1,1,0,0,0,1,0,0,0,0,1,0,0,0,0,0,0
1258,-1.94839252024155,0,0,0,0,0,0,1,0,0,0,0,0,0,0,0,1,0,0,0,0,0,0,0,0,0,0,0,0,0,0
1259,1.55816366695479,1,1,1,0,1,1,1,1,0,1,1,1,0,1,1,1,0,1,1,1,0,0,1,1,1,0,1,1,1,1
1260,0.330817048617328,1,0,1,0,0,1,0,0,0,1,0,0,0,1,1,1,0,1,1,0,0,0,1,1,1,0,1,0,1,1
1261,1.25996172850138,1,1,1,0,0,1,1,0,1,1,0,1,1,1,1,1,1,1,1,0,0,0,1,1,1,0,1,1,1,1
1262,0.0369631928150258,1,0,0,0,1,1,1,0,0,1,0,1,0,1,1,1,0,1,1,1,0,0,0,1,1,0,0,1,0,1
1263,-0.709388409913425,1,0,1,0,0,0,0,0,1,1,0,0,0,1,1,1,0,0,0,0,0,0,0,0,1,0,0,0,1,0
1264,0.889616963878761,1,1,1,1,1,1,0,0,1,1,0,0,0,1,1,1,0,1,1,0,0,0,0,1,1,0,1,1,1,1
1265,1.09809294949677,1,0,1,0,1,1,0,0,1,1,0,1,1,1,1,1,0,1,1,1,0,0,1,1,1,0,0,1,1,1
1266,-0.0950451625353168,1,1,1,0,0,1,0,0,1,1,0,0,1,1,1,1,0,1,0,1,0,1,0,1,1,0,0,1,1,1
1267,0.522609114518041,1,1,1,0,0,0,1,0,1,1,0,0,0,1,1,1,0,1,1,1,0,0,0,1,1,0,1,0,0,1
1268,0.101259344341916,1,0,0,0,0,0,0,0,1,1,0,0,0,1,1,1,0,0,1,0,0,0,0,1,1,0,0,1,0,0
1269,-0.496527397451453,1,0,1,0,0,0,1,0,0,1,0,0,0,1,1,1,0,0,0,0,0,0,0,0,0,0,0,1,1,0
1270,1.90362238942888,1,1,1,0,0,1,1,1,1,1,1,1,1,1,1,1,1,1,1,1,0,1,0,1,1,0,0,1,1,1
1271,0.190276663019893,1,0,0,0,0,0,1,0,1,1,0,1,0,1,1,0,0,0,0,1,0,0,0,1,1,0,0,1,1,1
1272,2.49121116339021,1,1,1,1,1,1,1,1,1,1,1,1,1,1,1,1,1,0,1,1,1,1,1,1,1,1,1,1,1,1
1273,-0.904582987960564,0,0,1,0,0,0,1,0,0,1,0,0,0,1,1,0,0,1,0,0,0,0,0,0,1,0,0,0,0,1
1274,-0.0195269461575411,1,0,1,0,0,1,1,0,1,1,0,1,0,1,1,1,0,0,1,0,0,0,0,1,1,0,0,1,0,1
1275,-0.0930799033730201,0,1,1,0,0,0,0,0,0,1,0,0,0,1,1,0,0,1,1,0,0,0,0,1,1,0,0,1,0,1
1276,-0.057717370853888,1,0,1,0,0,1,0,0,1,1,0,0,0,1,1,1,0,1,1,0,0,0,0,0,1,0,0,1,1,1
1277,0.656360433949397,1,1,1,0,0,1,1,0,0,1,1,1,0,1,1,1,0,1,1,0,0,0,0,1,1,0,1,1,1,1
1278,-0.294442413907569,1,0,1,0,0,1,1,0,1,1,0,0,0,1,0,1,0,1,1,0,0,0,0,0,1,0,0,0,0,1
1279,0.553081969510276,1,1,1,0,0,1,0,0,1,1,0,1,1,1,1,1,0,1,1,0,0,0,0,1,1,0,1,0,0,1
1280,-0.339736473920334,1,0,0,0,0,1,1,0,1,1,0,0,0,1,1,0,0,1,0,0,0,0,0,1,1,0,0,1,0,1
1281,-0.605654498083908,1,0,0,0,0,1,1,0,1,1,0,0,0,1,1,1,0,0,1,0,0,0,0,0,0,0,0,0,0,0
1282,0.580794730314357,1,0,1,0,0,1,0,0,1,1,0,1,1,1,1,1,0,1,1,1,0,1,1,1,1,0,1,0,1,1
1283,0.29182401911252,1,1,0,0,0,1,1,0,1,1,0,0,0,1,1,1,0,1,1,0,0,0,0,0,1,0,1,1,1,1
1284,1.02509229575811,1,1,1,0,0,1,1,0,1,1,0,1,1,1,1,1,0,1,1,0,0,0,1,1,1,0,1,1,1,1
1285,1.06971606584763,1,0,1,0,0,1,1,0,1,1,0,1,0,1,1,1,0,1,1,1,1,1,1,1,1,1,0,1,0,1
1286,1.13805758055192,1,1,1,0,0,0,1,0,1,1,1,1,0,1,1,0,0,0,1,1,0,1,1,1,1,0,0,1,1,1
1287,-1.39985682614086,0,0,0,0,0,0,0,0,1,1,0,0,0,1,1,0,0,0,1,0,0,0,0,0,1,0,0,0,0,0
1288,2.48670216476227,1,0,1,1,1,1,1,1,1,1,1,1,1,1,1,1,1,1,1,1,0,1,1,1,1,1,1,1,0,1
1289,-0.702895548058817,1,0,0,0,0,0,0,0,1,1,0,0,0,1,1,0,0,0,1,0,0,0,0,1,1,0,0,1,0,1
1290,2.5928045464685,1,1,1,1,1,1,1,1,1,1,1,1,1,1,1,1,1,0,1,1,1,1,1,1,1,1,1,1,1,1
1291,1.65718462924739,1,1,1,1,0,1,1,0,1,1,1,1,1,1,1,1,1,1,1,1,0,1,1,1,1,0,1,1,0,1
1292,0.461028507830117,1,0,0,0,0,0,1,0,1,1,0,1,1,1,1,1,0,1,1,1,0,0,0,1,1,0,0,1,0,1
1293,1.03362956194316,1,1,1,0,0,1,1,0,1,1,0,1,1,1,1,1,0,1,1,1,0,0,1,1,1,0,0,1,1,1
1294,0.256777024550665,1,0,1,0,1,1,1,0,1,1,0,1,0,1,1,1,0,0,1,0,0,0,0,1,1,0,0,1,0,1
1295,-0.758165427544349,0,0,0,0,0,0,1,0,1,0,0,0,0,1,1,1,0,0,1,0,0,0,0,0,1,0,0,0,0,1
1296,1.25022603097999,1,1,1,1,1,1,1,1,1,1,0,1,1,1,1,1,0,1,1,1,0,1,1,1,1,0,1,1,1,1
1297,0.449803866046244,1,0,1,0,0,0,1,0,1,1,0,1,1,1,1,1,0,1,1,1,0,0,1,1,1,0,0,1,0,0
1298,0.824898543883131,1,1,1,0,0,1,1,0,1,1,1,0,0,1,1,1,0,1,1,1,0,1,0,1,1,0,0,1,1,1
1299,-1.30232868250827,0,0,1,0,0,0,0,0,1,0,0,0,0,1,0,0,0,0,1,0,0,0,0,0,1,0,0,0,0,1
1300,-0.00457977411635786,1,0,1,0,0,0,0,0,0,1,0,0,0,1,1,1,0,0,1,0,0,0,1,1,1,0,0,1,0,1
1301,-0.556031579626604,1,1,0,0,0,0,0,0,0,1,0,0,0,1,1,1,0,0,0,0,0,0,0,1,1,0,0,1,1,0
1302,1.93040333255577,1,1,1,0,0,1,0,0,1,1,1,1,1,1,1,1,1,0,1,1,1,1,1,1,1,0,1,1,1,1
1303,1.02122951589508,1,0,1,0,0,1,1,0,1,1,1,1,1,1,1,1,0,1,1,1,0,0,1,1,1,0,0,1,1,1
1304,-1.15456764232599,1,0,0,0,0,0,0,0,1,0,0,0,0,1,1,0,0,0,1,0,0,0,0,1,1,0,0,0,0,0
1305,1.04240109931457,1,0,1,1,0,1,1,0,1,1,1,1,0,1,1,1,1,1,0,1,0,0,0,1,1,0,1,1,0,1
1306,-0.462748699936965,1,0,1,0,0,1,1,0,1,1,0,0,0,1,1,1,0,1,0,0,0,0,0,0,1,0,0,1,0,1
1307,-1.12843462035061,1,0,1,0,0,0,1,0,1,1,0,0,0,1,1,1,0,0,0,0,0,0,0,1,1,0,0,0,0,1
1308,-0.426547723746001,1,0,0,0,0,1,0,0,0,1,0,0,0,1,1,1,0,0,0,0,0,0,0,1,1,0,0,1,1,1
1309,-0.467700917841099,1,0,0,0,0,1,1,0,1,1,0,1,0,1,1,1,0,0,1,0,0,0,0,0,1,0,0,1,0,1
1310,-1.32779830638547,0,0,1,0,0,0,0,0,1,1,0,0,0,1,1,1,0,0,0,0,0,0,0,0,0,0,0,1,0,0
1311,0.230063601419279,1,1,1,0,0,1,1,0,1,1,0,1,0,1,1,1,0,1,1,0,0,0,1,1,1,0,0,1,0,1
1312,-0.727331605371476,0,0,1,0,0,0,1,0,0,1,0,0,0,1,1,1,0,1,1,0,0,0,0,1,0,0,0,0,0,1
1313,1.51455484581539,1,1,1,0,1,1,1,0,1,1,1,1,0,1,1,1,0,1,1,0,1,1,1,1,1,0,1,0,1,1
1314,0.851198195737745,1,0,1,1,0,1,1,0,0,1,0,1,1,1,1,1,0,1,1,1,1,1,0,1,1,0,0,1,0,1
1315,0.171903688803024,1,1,1,0,0,1,0,0,1,1,0,0,1,1,1,0,0,0,1,0,0,0,1,1,0,0,0,1,1,0
1316,0.0435331919379821,1,0,0,0,0,0,1,0,1,1,0,1,1,1,1,1,0,1,1,1,0,0,0,1,1,0,0,1,0,1
1317,-0.0410413259226114,1,0,1,0,0,1,0,0,0,1,0,0,0,1,1,1,0,1,1,0,0,0,0,0,1,0,0,1,1,1
1318,-0.407101461319046,0,0,1,0,0,1,1,0,1,1,0,0,1,1,1,1,0,1,1,0,0,0,0,0,1,0,0,1,0,1
1319,0.0224686719912887,0,0,1,0,0,1,0,0,0,1,0,0,0,1,1,1,0,0,1,0,0,0,0,1,1,0,1,1,0,1
1320,-0.185019833591392,1,0,1,0,0,0,1,0,0,1,0,0,0,1,1,0,0,1,1,0,0,0,0,1,1,0,0,1,1,1
1321,0.398261453471584,1,1,1,0,0,1,1,0,1,1,0,1,0,1,1,1,0,0,1,0,0,0,0,1,1,0,1,1,0,1
1322,1.07429541421778,1,1,1,0,1,1,0,0,0,1,1,0,1,1,1,1,0,1,1,0,1,0,1,1,1,1,1,0,1,1
1323,-0.511864388778828,1,0,0,0,0,0,0,0,1,1,0,1,0,1,1,1,0,1,1,0,0,0,0,0,0,0,0,1,0,1
1324,0.178346925981605,1,0,1,0,0,1,1,0,1,1,0,0,1,1,1,1,0,1,1,0,0,0,0,1,1,0,0,1,0,1
1325,0.61246196045907,1,0,1,0,0,1,1,0,1,1,0,1,0,1,1,1,0,1,1,0,0,0,0,1,1,0,0,0,0,1
1326,0.535326928699061,1,0,1,0,0,1,1,0,0,1,1,0,1,1,1,1,0,1,1,1,0,0,0,1,0,0,0,1,1,1
1327,1.1690873484388,1,0,1,0,0,1,1,0,1,1,0,0,1,1,1,1,0,1,1,1,0,0,0,1,1,0,0,1,0,1
1328,-0.584133808642508,0,0,1,0,0,0,1,0,0,1,0,0,1,1,1,1,0,1,1,0,0,0,0,0,1,0,0,1,0,1
1329,-1.12769151690824,0,0,1,0,0,0,0,0,0,1,0,0,0,1,1,0,0,0,1,0,0,0,0,0,1,0,0,0,0,0
1330,1.43663591965684,1,0,1,0,0,1,1,1,1,1,1,1,1,1,1,1,0,1,1,0,0,1,1,1,1,0,0,1,0,1
1331,1.22624390968671,1,1,1,0,0,1,1,0,1,1,0,1,1,1,1,1,1,0,1,1,0,1,1,1,1,0,1,1,1,1
1332,1.17700705762989,1,1,1,0,1,1,1,0,1,1,1,0,0,1,1,1,0,0,1,1,0,0,0,1,1,0,1,1,0,1
1333,0.377832474991608,1,0,1,0,0,1,1,0,0,1,0,0,0,1,1,1,0,1,1,1,0,0,0,0,0,0,0,0,1,1
1334,2.2971589137842,1,1,1,1,1,1,1,0,1,1,1,1,1,1,1,1,1,1,1,1,0,1,1,1,1,1,1,1,1,1
1335,0.279151970774859,1,0,1,0,0,0,1,0,0,1,0,0,1,1,1,0,0,0,0,0,0,1,1,1,1,0,0,1,1,1
1336,0.541834699501783,1,1,1,0,0,1,1,0,1,1,0,0,0,1,1,1,0,0,1,1,0,0,0,1,1,0,0,0,1,1
1337,0.454757779730482,1,0,1,0,0,1,1,0,0,1,0,1,1,1,1,1,0,1,1,0,0,0,1,1,1,0,0,0,0,1
1338,-0.0950765794301217,1,0,1,0,0,0,0,0,1,1,0,1,0,1,1,1,0,0,1,0,0,0,0,1,1,0,0,0,1,1
1339,0.101547699302535,1,0,1,0,0,1,1,0,0,1,0,1,1,1,1,1,0,1,1,0,0,0,0,1,1,0,0,0,1,1
1340,-0.540956816872984,1,0,1,0,0,0,0,0,0,1,0,1,0,0,1,1,0,0,1,1,0,0,0,0,1,0,0,0,0,1
1341,-0.577016829271782,1,0,1,0,0,1,0,0,0,1,0,1,0,1,1,1,0,1,0,0,0,0,0,1,1,0,0,1,0,0
1342,-0.0166091680249697,1,0,1,0,0,1,0,0,1,1,0,0,1,1,1,1,0,1,1,1,0,0,0,1,1,0,1,1,1,1
1343,0.535655238233968,1,1,1,0,0,1,0,0,1,1,0,0,0,1,1,1,0,1,1,0,0,0,0,1,1,0,1,1,0,1
1344,0.735739618211781,1,1,1,0,1,1,0,0,1,1,0,1,1,1,1,1,0,1,1,0,1,1,0,1,1,0,0,1,1,1
1345,0.190568769817649,1,0,1,0,0,0,0,0,1,1,0,0,0,1,1,1,0,0,1,1,0,0,0,1,1,0,0,1,0,1
1346,0.31460742351671,1,0,1,0,0,1,0,0,1,1,0,1,1,1,1,1,0,0,1,0,0,0,0,1,1,0,0,1,0,0
1347,-0.851141771173705,0,0,0,0,0,1,0,0,0,1,0,0,0,1,0,0,0,0,1,0,0,0,0,0,1,0,0,0,0,1
1348,-1.5920113892482,0,0,0,0,0,0,1,0,0,1,0,0,1,1,1,0,0,0,0,1,0,0,0,0,1,0,0,0,0,0
1349,0.55531156631993,1,1,1,0,0,1,1,0,0,1,0,0,0,1,1,1,0,1,1,0,0,0,0,1,1,0,0,1,0,1
1350,0.249075338185905,1,0,1,0,0,1,0,0,1,1,0,1,0,1,1,1,0,0,1,1,0,0,0,1,1,0,0,0,0,1
1351,2.79187738340879,1,1,1,0,1,1,1,1,1,1,1,1,1,1,1,1,1,1,1,1,1,1,1,1,1,1,1,1,1,1
1352,1.539690172853,1,0,1,0,1,1,1,1,1,1,0,1,1,1,1,1,0,1,1,1,1,1,1,1,1,1,1,1,1,1
1353,1.93698419793096,1,1,1,0,1,1,1,1,1,1,1,1,1,1,1,1,1,1,1,1,0,1,1,1,1,1,1,1,1,1
1354,1.63072940823572,1,1,1,0,1,1,0,1,1,1,1,1,1,1,1,1,1,1,1,1,0,1,1,1,1,1,0,1,1,1
1355,0.424519745185089,1,0,1,0,0,0,1,0,1,1,0,0,0,1,1,0,0,0,1,0,0,0,1,1,1,0,0,0,0,1
1356,1.16940586335776,1,1,1,1,1,1,1,0,0,1,1,0,1,1,1,1,0,1,1,0,0,0,0,1,1,0,0,1,1,1
1357,0.821676409848696,1,1,0,0,0,1,1,0,0,1,0,0,1,1,1,1,0,1,1,1,0,0,0,1,1,0,1,1,1,1
1358,-0.108754021799348,1,0,1,0,0,0,0,0,0,1,0,0,0,1,1,1,0,1,0,0,0,0,0,1,1,0,0,0,0,1
1359,1.30164915650301,1,1,1,0,0,1,0,0,1,1,1,1,1,1,1,1,0,1,1,1,0,0,1,1,1,0,1,1,0,1
1360,-0.0508813500530582,1,1,1,0,1,0,1,0,1,1,0,1,0,1,1,0,0,0,0,0,0,0,0,1,1,0,0,1,0,1
1361,0.270137569657683,1,0,1,0,0,0,0,0,1,1,0,0,0,1,1,1,0,1,1,1,0,0,0,1,1,0,1,0,1,1
1362,-0.978554603958198,1,0,1,0,0,0,0,0,1,1,0,0,0,1,1,0,0,0,0,0,0,0,0,1,0,0,0,0,0,0
1363,0.43001927202295,1,0,1,0,0,0,0,0,1,1,0,0,0,1,1,1,0,1,1,0,0,0,0,1,1,0,1,1,0,1
1364,-1.2216102314563,1,0,1,0,0,1,0,0,0,0,0,0,0,1,0,1,0,0,1,0,0,0,0,0,0,0,0,1,0,0
1365,-0.799706148391749,1,0,1,0,0,1,0,0,0,0,0,0,0,1,1,0,0,1,0,0,0,0,0,0,0,0,0,0,0,0
1366,-0.727487437319639,0,0,1,0,0,1,0,0,1,1,0,0,0,1,1,1,0,1,0,1,0,0,0,1,1,0,1,0,0,1
1367,-0.490403416282886,1,0,1,0,0,1,1,0,1,1,0,0,0,1,1,0,0,1,0,0,0,0,0,1,0,0,0,1,0,0
1368,-1.46435620927907,0,0,1,0,0,0,0,0,0,1,0,0,0,1,0,0,0,1,0,0,0,0,0,0,0,0,0,1,0,1
1369,-0.842830871828237,0,0,0,0,0,1,1,0,0,1,0,0,0,1,1,0,0,0,1,1,0,0,0,0,1,0,0,1,0,0
1370,-0.689463383779484,1,0,0,0,0,0,0,0,1,1,0,1,0,1,1,1,0,1,1,0,0,0,0,0,0,0,0,0,1,1
1371,2.26494613103434,1,1,1,1,1,1,1,1,1,1,1,1,0,1,1,1,1,1,1,1,1,1,1,1,1,1,1,1,1,1
1372,0.92934424009343,1,0,1,0,0,0,0,0,1,1,0,0,0,1,1,1,0,0,1,1,0,1,0,1,1,0,0,1,1,1
1373,-1.19023018186331,1,0,1,0,0,0,0,0,0,0,0,1,0,1,1,0,0,0,1,0,0,0,0,0,1,0,0,0,0,0
1374,-0.176968334878569,1,0,1,0,0,1,1,0,1,1,0,0,0,1,1,1,0,1,1,0,0,0,0,1,1,0,0,1,0,0
1375,-0.662650839548786,1,0,1,0,0,1,1,0,0,1,0,0,0,1,1,1,0,1,1,0,0,0,0,1,0,0,0,0,0,1
1376,-0.306561606791657,0,0,0,0,0,0,1,0,1,1,0,0,0,1,1,0,0,1,0,0,0,0,0,1,1,0,0,1,0,1
1377,0.13794655616004,1,0,1,0,0,0,1,0,1,1,0,1,0,1,1,1,0,1,1,1,0,0,1,1,1,0,0,0,0,1
1378,-0.491212999125934,0,0,1,0,0,1,1,0,0,0,0,0,0,1,1,0,0,1,1,0,0,0,0,1,1,0,0,0,0,1
1379,-0.182515294250375,0,0,1,0,0,1,0,0,0,1,0,1,0,1,1,1,0,0,1,1,0,0,0,0,1,0,0,1,0,1
1380,0.62815020462844,1,0,1,0,0,1,1,0,1,1,0,0,1,1,1,0,0,1,1,1,0,0,0,1,1,0,0,0,1,1
1381,-0.936101911185903,0,0,0,0,0,1,1,1,0,1,0,0,1,1,0,1,0,1,0,0,0,0,0,0,1,0,0,1,1,0
1382,-0.0767666880020244,1,0,1,0,0,1,0,0,1,0,0,1,0,1,1,1,0,0,1,1,0,0,0,0,1,0,0,1,0,1
1383,1.1872213410557,1,0,0,0,1,1,1,0,0,1,0,1,0,1,1,1,0,0,1,1,0,0,0,1,1,0,0,1,0,1
1384,0.13389224709312,1,1,0,0,0,1,1,0,0,1,0,0,1,1,0,1,0,0,1,1,0,0,0,0,1,0,1,1,0,1
1385,-0.281587860664857,0,0,1,0,0,1,1,0,1,1,0,0,0,1,1,0,0,0,1,0,0,0,0,1,0,0,0,1,0,1
1386,-0.68350355175396,1,0,1,0,0,1,1,0,0,1,0,0,0,1,1,1,0,1,1,0,0,0,0,0,1,0,0,0,0,1
1387,-0.268522677416908,0,0,1,0,0,1,0,0,1,1,0,1,0,1,1,1,0,1,1,1,0,0,0,1,0,0,0,0,0,1
1388,1.59990709454815,1,1,1,0,1,1,1,1,1,1,0,1,1,1,1,1,1,0,1,0,1,1,1,1,1,1,0,1,0,1
1389,0.726956578148364,1,0,0,0,0,1,0,0,1,1,0,0,0,1,1,1,0,1,1,0,0,0,0,1,1,0,1,1,0,1
1390,0.549739552293842,1,0,1,0,0,1,0,0,1,1,0,1,0,1,1,1,0,0,1,0,0,0,0,1,1,0,0,1,0,1
1391,-1.04184226316897,1,0,1,0,0,0,0,0,0,0,0,0,0,1,1,1,0,1,1,0,0,0,0,0,1,0,0,1,0,1
1392,0.568689164460937,1,0,0,0,0,1,1,1,1,1,0,1,1,1,1,1,0,1,1,0,0,0,0,1,1,0,1,1,0,1
1393,0.779402026348279,1,0,1,0,0,1,0,0,1,1,0,0,1,1,1,1,0,1,1,0,0,0,1,1,1,0,0,1,0,1
1394,-0.262505289027286,1,0,1,0,0,1,0,0,1,1,0,0,0,1,1,1,0,1,1,0,0,1,0,1,1,0,0,0,0,1
1395,0.111320323215294,1,0,1,0,0,1,0,0,1,1,0,1,1,1,1,1,0,0,1,1,0,1,0,1,1,0,1,1,0,0
1396,0.924930326696522,1,1,0,1,0,1,1,0,1,1,0,1,0,1,1,1,0,1,1,0,0,0,0,1,1,0,1,1,1,1
1397,0.498590832566915,1,0,1,0,0,1,0,0,1,1,0,0,0,1,1,1,0,1,1,0,0,0,0,1,1,0,0,0,1,1
1398,0.621447045220258,1,1,1,0,0,1,1,0,1,1,0,1,0,1,1,1,0,1,1,1,0,0,0,1,1,0,1,1,1,1
1399,1.78542904099471,1,0,1,1,0,1,1,1,1,1,1,1,1,1,1,1,1,1,1,1,0,1,1,1,1,1,1,1,1,1
1400,0.0596233504829907,1,1,1,0,0,0,0,0,1,1,0,0,0,1,1,1,0,0,1,1,0,0,0,1,1,0,0,1,0,1
1401,0.722040189956322,1,0,1,0,0,1,0,0,1,1,0,0,0,1,1,1,0,1,1,1,0,0,1,0,0,0,0,0,1,1
1402,-0.682527807937989,1,0,1,0,0,1,1,0,0,1,0,0,0,1,1,1,0,1,0,0,0,0,0,0,0,0,0,0,0,0
1403,2.25807172629405,1,0,1,0,0,1,1,1,1,1,1,1,1,1,1,1,1,1,1,1,1,1,1,1,1,1,1,1,1,1
1404,0.381265522265724,1,1,1,0,0,1,1,0,0,1,0,1,0,1,1,1,0,1,1,0,0,0,0,1,1,0,0,1,0,1
1405,-1.35111201367147,0,0,0,0,0,0,1,0,0,1,0,0,1,1,0,0,0,1,0,0,0,0,0,0,0,0,0,1,0,0
1406,-0.0830345757737635,0,0,1,0,0,1,0,0,1,1,0,0,0,1,1,1,0,1,1,0,0,0,1,0,1,0,0,1,0,1
1407,-1.07469974469886,1,0,0,0,0,0,1,0,0,1,0,0,0,1,1,1,0,0,1,0,0,0,0,0,1,0,0,0,0,1
1408,0.265126170401476,1,0,1,0,0,1,1,0,1,1,0,1,0,1,1,1,0,1,1,0,0,0,0,1,1,0,0,1,0,0
1409,0.764879425704008,1,0,1,0,0,1,1,0,1,1,0,1,1,1,1,1,0,1,1,1,0,0,1,1,1,0,1,0,1,1
1410,1.2048186852206,1,1,1,0,0,1,1,0,1,1,1,1,0,1,1,1,0,0,1,1,0,1,0,1,1,0,1,1,1,1
1411,1.25529968977801,1,1,1,0,0,1,1,1,1,1,0,1,1,1,1,1,0,1,1,0,0,0,1,1,1,0,0,1,0,1
1412,-0.70651191119914,0,0,1,0,0,0,1,0,1,1,0,0,0,1,1,1,0,0,1,0,0,0,0,1,1,0,0,1,0,0
1413,-0.453204202120937,1,0,0,0,0,0,1,0,0,1,0,0,0,1,1,0,0,0,0,0,0,0,0,0,1,0,0,1,0,1
1414,1.91966360399552,1,1,1,0,1,1,1,1,1,1,1,1,1,1,1,1,0,1,1,1,1,1,0,1,1,1,0,1,1,1
1415,-0.843593369663957,0,0,0,0,0,1,1,0,1,1,0,0,1,1,1,0,0,0,1,0,0,0,0,1,1,0,0,0,0,0
1416,-1.13189316094253,1,0,0,0,0,0,0,0,0,1,0,0,0,1,1,0,0,0,0,0,0,0,0,0,1,0,0,0,0,1
1417,2.02742139242162,1,1,1,1,1,1,1,0,1,1,0,1,1,1,1,1,0,1,1,1,1,1,1,1,1,1,1,1,1,1
1418,-0.380533197493006,0,0,1,0,0,0,0,1,0,1,0,1,0,1,0,1,0,0,1,0,0,0,0,0,1,0,0,1,0,0
1419,-0.50188260340343,0,0,0,0,0,1,1,0,1,1,0,0,1,1,0,0,0,1,1,0,0,0,0,1,1,0,0,1,0,0
1420,-0.601513162363491,1,0,0,0,0,1,1,0,1,1,0,0,0,1,1,0,0,0,1,0,0,0,0,1,1,0,0,0,0,0
1421,0.63179298196914,0,1,1,0,0,1,1,0,0,1,0,0,0,1,1,1,0,1,0,0,1,0,0,1,1,0,1,1,1,0
1422,-1.29699140011662,0,0,0,0,0,0,0,0,0,1,0,0,0,1,1,1,0,0,0,0,0,0,0,0,0,0,0,0,1,0
1423,-1.61968994857981,1,0,0,0,0,0,0,0,1,1,0,1,0,1,0,0,0,0,0,0,0,0,0,1,0,0,0,0,0,0
1424,-1.0071174171763,1,0,1,0,0,0,0,0,1,1,0,0,0,1,1,0,0,0,0,1,0,0,0,0,1,0,0,0,0,1
1425,2.25916547264908,1,0,1,1,1,1,1,1,1,1,1,1,1,1,1,1,0,1,1,0,1,1,1,1,1,0,0,1,1,1
1426,-0.541749820207444,1,0,0,0,0,0,1,0,1,1,0,0,0,1,1,1,0,0,0,0,0,0,0,0,1,0,0,0,0,1
1427,0.332906778073338,0,0,1,0,0,1,0,0,0,0,0,1,1,1,1,1,0,1,1,1,0,0,0,1,1,0,0,1,1,1
1428,-0.476215734453995,1,0,1,0,0,0,1,0,0,1,0,0,0,1,1,1,0,0,1,1,0,0,0,1,0,0,0,0,0,1
1429,0.437253002199221,1,0,1,0,0,0,0,1,1,1,0,0,0,1,1,1,0,1,1,0,0,0,0,1,1,0,0,0,1,1
1430,-2.13933162351204,0,0,0,0,0,0,0,0,0,0,0,0,0,1,0,0,0,1,0,0,0,0,0,0,0,0,0,0,0,0
1431,-0.131660148976788,1,0,1,0,0,0,1,0,0,1,0,0,0,1,1,1,0,1,1,0,0,0,0,1,1,0,0,1,0,1
1432,0.515081795905138,1,0,1,0,0,1,1,0,1,1,0,1,1,1,1,1,0,1,1,1,0,0,1,1,1,0,0,1,0,1
1433,1.5716730683377,1,1,1,1,0,1,1,1,1,1,1,1,1,1,1,1,0,1,1,0,0,1,1,1,1,1,1,1,1,1
1434,0.311038178475367,1,0,1,0,0,1,0,0,0,1,1,1,0,1,1,1,0,0,1,1,0,0,0,0,1,0,0,1,1,1
1435,2.2971921951637,1,1,1,1,1,1,1,1,1,1,0,1,1,1,1,1,0,1,1,1,0,1,1,1,1,1,1,1,1,1
1436,0.59893754275441,1,1,1,0,0,1,1,0,1,1,0,1,0,1,1,1,1,1,1,1,0,0,0,1,1,0,1,1,0,1
1437,-0.161974379428539,1,1,1,0,0,1,1,0,1,1,0,0,0,1,1,1,0,0,1,0,0,0,0,1,0,0,1,1,1,0
1438,-0.650046934419558,1,1,1,0,0,1,0,0,0,1,0,1,0,1,1,1,0,1,1,0,0,0,0,0,1,0,0,0,0,0
1439,-0.556592673253393,1,0,1,0,0,0,0,1,0,1,0,1,0,1,1,0,0,1,0,0,0,0,0,1,1,0,0,0,1,0
1440,1.19038626396971,1,1,1,0,0,1,1,1,1,1,0,1,1,1,1,1,0,1,1,1,0,0,0,1,1,0,1,1,1,1
1441,0.129261868616762,1,0,1,0,0,1,1,0,1,1,0,0,0,1,1,1,0,0,1,0,0,0,0,1,1,0,0,1,0,1
1442,-2.11081099061818,0,0,0,0,0,0,0,0,0,0,0,0,0,0,1,0,0,0,0,0,0,0,0,0,0,0,0,0,0,0
1443,1.47480387390946,1,1,1,1,0,0,1,1,1,1,1,1,1,1,1,1,1,1,1,1,1,0,1,1,1,0,1,1,0,1
1444,0.328137931988977,1,0,1,0,0,0,1,0,1,1,0,0,0,1,1,1,0,0,1,0,0,0,0,1,1,0,0,1,0,1
1445,0.903953293402711,1,1,1,1,0,1,0,0,1,1,0,1,0,1,1,1,0,1,1,1,0,1,0,1,1,0,1,1,1,1
1446,0.176675883986965,1,1,1,0,0,1,1,0,1,1,0,1,0,1,1,0,0,1,1,1,0,0,1,1,1,0,0,1,0,1
1447,-0.183216540502878,1,0,1,0,0,1,1,0,1,1,0,0,0,1,1,0,0,0,1,0,0,0,0,1,1,0,0,1,0,1
1448,-1.21021505393484,0,0,1,0,0,0,0,0,1,0,0,0,0,1,1,0,0,0,1,0,0,0,0,1,0,0,0,0,0,1
1449,0.634544012829535,1,1,1,0,0,1,1,1,1,1,1,1,1,1,1,1,0,0,1,0,0,0,0,1,1,0,0,1,1,1
1450,-1.98807559739305,0,0,0,0,0,0,0,0,1,0,0,0,0,1,0,0,0,1,1,0,0,0,0,0,1,0,0,0,0,0
1451,-1.29606287596123,0,0,0,0,0,0,0,0,0,0,0,1,0,1,1,1,0,0,0,0,0,0,0,0,0,0,0,1,0,1
1452,0.31477293765814,1,1,1,0,0,1,1,0,1,1,0,1,0,1,1,1,0,1,1,0,0,1,0,0,1,0,0,1,0,1
1453,2.48675452439248,1,1,1,1,1,1,1,1,1,1,1,1,1,1,1,1,1,1,1,1,1,1,1,1,1,0,1,1,1,1
1454,0.63139089657257,1,1,1,0,0,1,1,0,1,1,0,1,0,1,1,1,0,0,1,1,0,0,0,1,1,0,0,1,0,1
1455,-0.0873892948436838,1,0,1,0,0,1,1,0,1,1,0,0,1,1,1,1,0,1,1,1,0,0,0,1,1,0,0,1,0,0
1456,-1.10273249818773,0,0,0,0,0,0,0,0,0,0,0,0,0,1,1,0,0,0,1,1,0,0,0,0,1,0,0,1,0,0
1457,1.46499405676345,1,0,1,0,1,1,1,0,1,1,0,1,1,1,1,1,0,1,1,1,0,1,0,1,1,0,1,0,0,1
1458,-0.739820852037363,0,0,1,0,0,0,0,0,0,1,0,0,0,1,1,1,0,1,0,0,0,0,0,0,1,0,0,0,0,0
1459,0.325563025503871,1,0,1,0,0,1,0,0,0,1,0,1,0,1,1,1,0,1,1,0,0,0,1,1,1,0,1,1,0,0
1460,1.13743290913274,1,1,1,0,0,1,1,1,1,1,0,0,1,1,1,1,0,1,1,1,0,0,1,1,1,1,1,1,1,1
1461,0.60575352121564,1,1,1,0,0,0,0,0,0,1,1,1,0,1,1,1,0,0,1,1,0,0,0,1,1,0,0,0,0,0
1462,0.350964547554735,1,0,1,0,0,1,1,0,0,1,0,0,1,1,1,1,0,0,1,0,0,0,0,1,1,0,0,1,0,1
1463,-1.69436571051797,1,0,0,0,0,0,0,0,0,0,0,0,0,0,0,0,0,0,1,0,0,0,0,0,1,0,0,1,0,0
1464,-0.677360075369693,1,0,1,0,0,0,0,0,0,1,0,0,0,1,1,0,0,0,1,0,0,0,0,0,0,0,0,0,0,0
1465,0.345588970726905,1,0,1,0,0,1,0,0,1,1,0,1,1,1,1,1,0,0,1,0,0,0,0,0,1,0,1,1,0,1
1466,1.52014302373826,1,1,1,0,0,1,1,1,1,1,1,0,1,1,1,1,0,1,1,0,1,1,0,1,1,0,0,1,1,1
1467,-0.69225501803531,1,0,0,0,0,0,0,0,0,1,0,0,0,0,1,1,0,0,1,0,0,0,0,1,1,0,0,0,0,0
1468,-0.496320467411083,1,1,1,0,0,0,0,0,0,1,0,0,0,1,1,1,0,1,1,0,0,0,0,1,1,0,0,1,1,1
1469,-0.0613429067086757,1,0,1,0,0,1,0,0,0,1,0,1,1,1,1,1,0,1,1,0,0,0,0,1,1,0,0,1,0,1
1470,-0.914749388642825,1,0,0,0,0,0,0,0,1,0,0,1,0,1,1,0,0,0,1,0,0,0,0,0,1,0,0,1,0,0
1471,-0.798150943440906,0,0,1,0,0,0,0,0,1,1,0,0,0,1,0,1,0,0,1,0,0,0,0,1,1,0,0,1,0,0
1472,-0.159645685704929,0,0,1,0,0,0,0,0,1,1,0,1,0,1,1,1,0,0,1,0,0,0,0,1,1,0,0,1,0,1
1473,0.0576500223006574,0,1,0,0,0,0,0,0,0,1,0,1,0,1,0,1,0,1,1,0,0,0,0,1,1,0,0,1,0,1
1474,0.520283465351002,1,0,1,0,0,1,1,0,1,1,0,1,1,1,1,1,0,0,1,1,0,0,0,1,1,0,0,0,1,1
1475,1.45722425029041,1,0,1,1,0,1,1,0,1,1,0,1,0,1,1,1,0,1,1,1,0,1,0,1,1,0,1,1,1,1
1476,1.47258290053178,1,1,1,1,1,1,1,1,1,1,0,1,1,1,1,1,1,1,1,1,1,1,0,1,1,0,1,1,1,1
1477,0.397162258848257,1,0,1,0,0,1,1,0,1,1,0,0,0,1,1,1,1,1,1,0,0,0,0,1,1,0,0,1,1,1
1478,0.949223616060591,1,1,1,1,0,0,1,0,1,1,0,0,1,1,1,1,0,0,1,0,0,0,0,1,1,0,0,1,1,1
1479,-0.753961547035689,1,0,0,0,0,1,0,0,0,1,0,0,0,1,1,1,0,0,0,1,0,0,0,1,0,0,0,0,0,1
1480,-1.61005107806531,0,0,1,0,0,0,1,0,0,1,0,0,0,1,1,0,0,0,1,0,0,0,0,0,0,0,0,0,0,0
1481,-1.31388464226066,1,0,1,0,0,0,0,0,0,0,0,0,0,1,0,0,0,0,1,0,0,0,0,0,1,0,0,1,0,0
1482,0.361927036805679,1,0,1,0,0,0,1,0,0,1,0,1,1,1,1,1,0,0,1,0,0,1,0,0,1,0,0,1,0,1
1483,0.528631378572677,1,0,0,0,0,1,1,1,0,1,0,1,0,1,1,1,0,0,1,1,0,0,0,1,1,0,0,1,0,1
1484,0.348317013096525,1,0,1,0,0,1,0,0,1,1,0,0,0,1,1,1,0,1,1,1,0,0,0,1,1,0,1,1,0,1
1485,-1.29690224538599,1,0,1,0,0,0,0,0,0,1,0,0,0,1,0,0,0,0,0,0,0,0,0,0,0,0,0,0,0,0
1486,0.956445163754416,1,1,1,0,1,1,0,0,1,1,1,1,1,1,1,1,0,1,1,1,0,1,0,1,1,0,1,1,1,1
1487,-0.534953328575445,0,0,1,0,0,1,0,0,0,1,0,0,0,1,1,1,0,0,1,0,0,0,0,1,1,0,0,1,0,0
1488,-1.09742064512042,1,0,1,0,0,1,0,0,0,1,0,0,0,1,1,1,0,0,0,0,0,0,0,1,0,0,0,0,0,1
1489,-0.577592162728271,1,0,1,0,0,0,1,0,1,1,0,0,0,1,1,1,0,1,0,0,0,0,0,1,1,0,0,1,1,1
1490,0.218253970327105,1,0,0,0,0,1,1,0,1,1,0,1,0,1,1,0,0,0,1,0,0,0,0,1,1,0,0,1,1,1
1491,-0.0616347991256356,0,1,1,0,0,1,1,0,1,1,0,0,0,1,1,1,0,1,0,0,0,0,0,0,1,0,0,0,0,1
1492,1.62984074353032,1,1,1,1,1,1,0,1,1,1,0,1,1,1,1,1,1,1,1,1,0,1,0,1,1,0,1,1,1,1
1493,-1.02521660928162,1,0,1,0,0,0,0,0,1,1,0,1,0,1,0,1,0,1,1,0,0,0,0,0,1,0,0,0,0,0
1494,2.79187738340879,1,1,1,1,1,1,1,1,1,1,1,1,1,1,1,1,1,1,1,1,1,1,1,1,1,1,1,1,1,1
1495,1.2206336159999,1,1,1,0,1,1,1,1,1,1,0,1,1,1,1,1,0,1,1,1,1,0,1,1,1,0,1,1,1,1
1496,-0.0257039728932733,0,0,1,0,0,1,0,0,1,1,0,0,0,1,1,1,0,0,1,0,0,0,0,0,1,0,0,1,0,1
1497,0.56216759527426,1,0,1,0,0,1,1,0,1,1,1,0,1,1,1,1,0,0,1,0,0,0,0,1,1,0,0,1,1,1
1498,-0.177076234475593,1,0,1,0,0,1,1,0,1,1,0,0,0,1,1,0,0,0,0,0,0,0,0,1,0,0,0,0,0,1
1499,-1.3660412228793,0,0,0,0,0,0,0,0,0,1,0,0,0,1,1,0,0,1,0,0,0,0,0,0,1,0,0,1,0,1
1500,2.01154014633453,1,1,1,0,1,1,1,1,0,1,1,1,1,1,1,1,1,1,1,1,0,1,0,1,1,0,1,1,0,1
1501,1.65674672748467,1,1,1,1,0,1,1,0,1,1,1,1,1,1,1,1,1,0,1,1,1,0,0,1,1,1,1,1,0,1
1502,0.561869251716746,1,0,1,0,0,1,0,0,1,1,0,1,0,1,1,1,0,0,1,0,0,0,0,1,1,0,1,0,0,1
1503,0.784913503464054,1,0,1,0,0,1,1,0,1,1,1,0,1,1,1,1,0,1,1,1,0,0,1,0,1,0,0,1,1,0
1504,-2.31864221719268,0,0,0,0,0,0,0,0,0,0,0,0,0,0,0,0,0,0,0,0,0,0,0,0,0,0,0,0,0,0
1505,0.460439984297217,1,0,1,0,0,0,1,0,1,1,0,1,1,1,1,1,0,1,1,1,0,1,0,0,0,0,0,1,1,1
1506,-1.21050608195261,1,0,1,0,0,0,0,0,1,0,0,0,0,1,1,0,0,1,1,0,0,0,0,0,0,0,0,0,0,0
1507,0.238602018184609,1,1,1,0,0,1,1,0,1,1,0,0,0,1,1,1,0,1,1,0,0,0,0,1,1,0,0,0,0,1
1508,-1.51073524439747,0,0,0,0,0,0,0,0,0,1,0,0,0,0,1,0,0,0,0,0,0,0,0,0,1,0,0,0,0,0
1509,-0.357641612705982,1,0,0,0,0,1,0,0,1,1,0,0,1,1,1,1,0,1,0,1,0,0,0,1,1,0,0,1,0,1
1510,1.70204006995828,1,1,1,1,1,1,1,1,1,1,1,1,1,1,1,1,0,0,1,0,0,1,1,1,1,0,1,1,1,1
1511,-0.0433938176862135,1,0,1,0,0,1,0,0,1,0,0,1,0,1,1,1,0,0,1,0,0,0,0,1,1,0,0,0,0,1
1512,0.939488549789397,1,1,1,0,0,1,1,0,1,1,0,1,0,1,1,1,0,1,1,1,0,1,0,1,1,0,0,1,1,1
1513,-0.378029796837289,1,0,0,0,0,1,1,0,1,1,0,0,0,1,1,0,0,1,0,0,0,0,0,1,1,0,0,1,1,1
1514,-0.764180367736035,1,0,1,0,0,1,0,0,1,1,0,0,0,1,1,1,0,1,0,0,0,0,0,1,0,0,0,1,0,0
1515,0.476312459419226,1,0,1,0,0,1,0,0,1,1,0,1,0,1,1,0,0,1,1,0,0,0,0,1,1,0,0,0,1,1
1516,-0.677360075369693,1,0,1,0,0,0,0,0,0,1,0,0,0,1,1,1,0,0,0,0,0,0,0,1,1,0,0,1,1,1
1517,0.434703319110109,1,1,1,0,0,1,1,0,1,1,0,1,0,1,1,1,0,1,1,0,0,0,0,0,1,0,0,0,0,1
1518,1.05287142807403,1,1,1,0,0,1,1,0,1,1,0,1,1,1,1,1,0,1,1,0,0,0,0,1,1,0,0,0,1,1
1519,0.145972898471936,1,0,1,0,0,1,0,0,1,1,0,1,1,1,1,1,0,0,1,0,0,1,0,0,1,0,0,1,0,1
1520,-0.853228176753088,1,0,1,0,0,1,0,0,1,1,0,0,0,1,1,0,0,1,1,0,0,0,0,0,1,0,0,0,0,0
1521,0.513967864895516,1,0,1,1,0,1,1,0,1,1,0,1,0,1,1,1,1,0,1,0,0,0,1,1,1,0,0,0,0,1
1522,-0.328313298962698,1,0,0,0,0,1,1,0,1,1,0,1,0,1,1,1,0,0,1,1,0,0,0,0,1,0,0,0,0,1
1523,-0.42955455282017,1,0,1,0,0,1,0,0,0,1,0,1,0,1,1,0,0,0,1,1,0,0,0,1,1,0,0,1,0,1
1524,-2.41577234116252,0,0,1,0,0,0,0,0,0,0,0,0,0,0,0,0,0,0,0,0,0,0,0,0,0,0,0,0,0,0
1525,0.311752592285657,1,1,1,0,0,1,1,0,0,1,0,0,1,1,1,1,0,1,1,1,0,0,0,1,1,0,0,0,1,1
1526,0.0112826565640635,1,0,1,0,0,1,1,0,0,1,1,1,1,1,1,0,0,1,1,0,0,0,0,1,1,0,0,1,0,1
1527,0.437252324435817,1,0,1,0,0,1,0,0,1,1,0,0,1,1,1,0,0,0,1,0,0,0,0,1,1,0,0,1,0,1
1528,0.475766917642809,1,0,1,0,0,1,0,0,1,1,0,1,0,1,1,1,0,0,1,0,0,0,0,1,1,0,0,1,0,1
1529,-0.174108144378383,1,0,0,0,0,1,0,0,1,1,0,0,0,1,1,1,0,1,1,0,0,0,0,1,1,0,1,1,0,1
1530,-2.28266933890262,0,0,0,0,0,0,0,0,0,0,0,0,0,1,0,0,0,0,0,0,0,0,0,0,1,0,0,0,0,0
1531,-1.83738105436939,1,0,0,0,0,1,0,0,0,0,0,0,0,1,0,0,0,1,1,0,0,0,0,0,0,0,0,0,0,0
1532,-0.483443065589041,1,0,1,0,0,1,1,0,0,1,0,0,0,1,1,1,0,0,1,0,0,0,0,0,1,0,0,1,0,1
1533,1.32124940552089,1,1,1,0,1,1,1,1,0,1,0,1,1,1,1,1,0,0,1,1,0,0,0,1,1,0,0,1,1,1
1534,-0.0145778307636466,1,0,0,0,0,1,0,0,1,1,0,0,1,1,1,1,0,1,1,0,0,0,0,1,1,0,0,0,0,1
1535,0.432739140229896,1,0,1,0,0,1,0,0,0,1,0,1,0,1,1,1,0,1,1,1,0,0,0,1,1,0,0,1,1,1
1536,1.72283489845606,1,1,1,0,0,1,1,1,1,1,0,1,1,1,1,1,0,1,1,1,0,1,1,1,1,0,1,1,1,1
1537,-0.900516616525748,0,0,0,0,0,0,0,0,0,1,0,0,0,0,1,0,0,0,1,0,0,0,0,0,1,0,0,0,0,0
1538,-1.68114239053295,0,0,0,0,0,0,1,0,0,1,0,0,0,1,0,0,0,0,1,0,0,0,0,0,0,0,0,0,0,1
1539,1.8502937618291,1,1,1,0,1,1,0,1,1,1,0,0,1,1,1,1,0,0,1,1,1,1,1,1,1,1,1,1,1,1
1540,2.25441521532128,1,0,1,1,1,1,1,1,1,1,1,1,1,1,1,1,1,1,1,1,1,1,1,1,1,1,1,1,1,1
1541,1.23798120035452,1,1,1,1,1,1,1,0,1,1,1,1,1,1,1,1,0,0,1,0,1,1,0,1,1,1,1,1,0,1
1542,-0.543360806711377,0,0,1,0,0,1,0,0,1,1,0,0,0,1,0,1,0,0,1,0,0,0,0,0,1,0,0,1,0,1
1543,1.10757669082374,1,1,1,1,0,1,1,0,1,1,0,1,1,1,1,1,1,1,1,1,0,1,0,1,1,0,1,1,1,1
1544,0.377413232669732,1,0,0,0,0,1,1,0,1,1,0,1,1,1,1,0,0,1,1,0,0,0,0,1,1,0,0,1,0,1
1545,0.20689328953852,1,1,1,0,0,1,1,0,1,0,0,0,1,1,1,1,0,0,1,0,0,0,0,1,1,0,0,0,0,1
1546,-0.636605485133381,1,0,1,0,0,0,1,0,1,1,0,0,0,1,1,0,0,0,1,0,0,0,0,1,0,0,0,0,0,1
1547,0.821514008521653,1,1,1,1,0,1,1,1,1,1,0,0,1,1,1,1,0,1,1,0,0,1,0,1,1,0,0,1,1,1
1548,-0.213469209849039,1,0,0,0,0,0,0,0,1,1,0,0,0,1,1,1,0,0,1,0,0,0,0,1,1,0,0,0,0,0
1549,0.68957581906485,1,1,0,0,0,1,0,0,1,1,0,1,1,1,1,1,0,1,1,1,0,0,0,1,1,0,0,0,0,1
1550,-0.227744135248159,1,0,1,0,0,0,1,0,1,1,0,1,0,1,1,1,0,1,1,0,0,0,0,1,1,0,0,0,1,1
1551,0.770566402029599,1,0,1,0,0,1,1,0,1,1,0,1,0,1,1,1,1,1,1,0,0,0,1,1,1,0,0,1,0,1
1552,0.953489744433819,1,0,1,0,0,1,0,0,1,1,0,0,1,1,1,1,0,1,1,1,1,1,0,1,1,0,0,1,0,1
1553,-0.608434244833401,1,0,1,0,0,0,0,0,0,1,0,1,0,1,1,1,0,1,0,0,0,0,0,1,0,0,0,1,0,0
1554,-0.964184114367539,1,0,0,0,0,0,1,0,0,1,0,0,0,1,1,1,0,0,0,0,0,0,1,0,0,0,0,1,0,1
1555,0.3953011664514,1,1,1,0,0,1,1,0,1,1,0,0,0,1,1,1,0,1,1,0,0,0,0,1,1,0,0,0,0,1
1556,1.78614994805713,1,1,1,1,1,1,1,0,1,1,0,1,1,1,1,1,1,1,1,1,1,1,1,1,1,0,1,1,1,1
1557,-1.02612872889508,1,0,1,0,0,1,0,0,1,1,0,1,0,1,1,0,0,0,0,0,0,0,0,0,0,0,0,0,0,0
1558,-0.0691871305618773,1,0,1,0,0,1,0,0,1,1,0,0,0,1,0,1,0,1,1,0,0,0,0,1,1,0,0,1,1,1
1559,-0.0668878748968492,1,1,1,0,1,1,1,0,0,1,0,0,0,1,1,1,0,0,1,0,0,0,1,0,1,0,0,1,1,0
1560,1.069421047698,1,1,1,0,0,1,1,0,1,1,1,0,0,1,1,1,0,1,1,1,1,1,0,1,1,0,1,1,1,1
1561,-1.69482860648618,0,0,0,0,0,1,0,0,0,0,0,0,0,0,0,0,0,0,0,0,0,0,0,0,0,0,0,0,0,0
1562,-0.473643083841605,1,0,1,0,0,0,0,0,1,1,0,1,0,1,1,0,0,1,1,0,0,0,0,1,1,0,0,1,0,1
1563,-1.40114857230986,0,0,1,0,0,0,0,0,1,1,0,0,0,1,0,0,0,0,1,0,0,0,0,0,1,0,0,0,0,0
1564,-0.843030302323313,0,0,0,0,0,1,1,0,0,1,0,0,0,1,1,0,0,0,0,0,0,0,0,1,1,0,0,0,0,0
1565,-1.23815119236967,0,0,0,0,0,0,0,0,0,1,0,0,0,1,1,0,0,0,0,0,0,0,0,0,1,0,0,0,0,0
1566,1.13660942780014,1,1,1,0,0,1,1,0,1,1,1,1,1,1,1,1,1,1,1,1,0,1,1,1,1,0,0,1,1,1
1567,0.486620249746998,1,0,1,0,0,1,0,0,1,1,0,0,0,1,1,1,0,1,1,0,0,1,0,1,1,0,0,1,0,1
1568,1.09875510368542,1,1,1,1,0,1,1,0,1,1,0,0,1,1,1,1,0,0,1,0,0,1,0,1,1,0,0,0,1,1
1569,0.297964398009346,1,1,1,0,0,0,1,0,0,1,0,0,0,1,1,1,1,1,1,0,0,0,1,1,1,1,0,1,1,1
1570,-0.706365117393326,1,0,1,0,0,1,0,1,1,1,0,0,0,1,0,1,0,1,1,1,0,0,0,1,0,0,0,0,0,1
1571,-0.214016533477862,1,0,1,0,0,1,1,0,1,1,0,0,0,1,1,1,0,0,1,0,0,0,0,1,1,0,0,1,0,1
1572,0.301531107572471,1,0,1,1,0,0,1,0,1,1,0,0,0,1,1,1,0,0,1,0,0,0,0,1,1,0,0,1,0,0
1573,-0.177728191758807,1,0,1,0,0,1,0,0,0,1,0,0,0,1,1,1,0,0,1,0,0,0,0,1,1,0,0,0,1,1
1574,-0.258634674645072,1,0,1,0,0,1,1,0,1,1,0,0,0,1,1,0,0,1,1,0,0,0,0,0,1,0,0,0,0,1
1575,-1.13716226394041,0,0,1,0,0,0,1,0,0,0,0,0,0,1,1,0,0,1,1,0,0,0,0,0,0,0,0,0,0,0
1576,0.0623542263425584,1,0,1,0,0,1,1,0,1,1,0,0,0,1,1,1,0,1,1,0,0,0,0,1,1,0,0,1,0,1
1577,1.20448018904416,1,1,1,0,1,1,1,1,1,1,0,0,1,1,1,1,1,1,1,1,1,0,1,1,1,0,1,1,0,1
1578,0.0411113779854039,1,0,1,0,0,1,1,0,1,1,0,0,0,1,1,0,0,1,1,1,0,0,0,1,1,0,0,1,1,0
1579,-0.897620547151669,1,0,0,0,0,1,0,0,1,1,0,0,0,1,0,1,0,1,1,1,0,0,0,1,1,0,0,0,0,1
1580,1.06515062052033,1,1,1,0,1,1,1,0,1,1,0,1,0,1,1,1,1,1,1,0,0,0,1,1,1,0,1,1,1,1
1581,-1.10824127287296,1,0,0,0,0,0,1,0,1,1,0,0,0,1,1,0,0,0,1,0,0,0,0,0,0,0,0,0,0,1
1582,-0.422727318735585,1,0,1,0,0,0,1,0,0,1,0,0,0,1,1,0,0,0,1,0,0,0,0,1,1,0,0,0,0,1
1583,-0.195093423885105,1,0,1,0,0,1,1,0,1,1,0,1,0,1,1,1,0,1,1,1,0,0,0,1,1,0,0,1,0,1
1584,0.977613852425756,1,1,1,0,0,1,1,1,1,1,1,1,0,1,1,1,0,1,1,1,0,1,0,1,1,0,0,1,0,1
1585,0.254237965693152,1,0,1,0,0,1,1,0,0,1,0,1,0,1,1,1,0,0,1,0,0,0,0,0,1,0,0,1,1,1
1586,0.322948485446557,1,0,1,0,1,1,1,0,1,1,0,0,0,1,1,1,0,0,0,0,0,0,0,1,1,0,0,1,0,0
1587,0.779452524459155,1,1,1,0,0,0,1,0,1,1,0,1,1,1,1,1,0,1,1,1,0,0,0,1,1,0,1,1,0,1
1588,-0.183098694477316,1,0,1,0,0,1,1,1,1,1,0,0,0,1,1,1,0,0,1,0,0,0,0,1,1,0,0,1,1,0
1589,-1.39279982771758,1,0,0,0,0,1,0,0,0,0,0,0,0,0,1,0,0,0,0,0,0,0,0,0,0,0,0,1,0,1
1590,-0.216464809290843,0,0,1,0,0,1,1,0,1,1,0,0,0,1,1,1,0,0,1,0,0,0,0,1,0,0,0,0,0,1
1591,-0.983620725844242,0,0,0,0,0,0,0,0,1,0,0,0,0,1,0,0,0,0,0,0,0,0,0,0,1,0,0,0,0,1
1592,-0.615102329417826,1,0,0,0,0,0,0,0,1,1,0,1,0,1,1,1,0,0,1,0,0,0,0,0,1,0,0,0,0,1
1593,-0.656455013293565,1,0,1,0,0,0,1,0,0,1,0,0,0,1,1,0,0,1,0,0,0,0,0,1,1,0,0,0,0,1
1594,-1.16893765858064,0,1,0,0,0,1,0,0,1,0,0,0,0,1,1,1,0,1,1,0,0,0,0,0,0,0,0,1,0,0
1595,-0.706880361461791,1,0,1,0,0,1,0,0,0,1,0,1,0,1,1,0,0,0,1,0,0,0,0,1,1,0,0,0,0,1
1596,0.232757650076505,1,0,1,0,0,0,1,0,1,1,0,0,0,1,1,1,0,1,1,0,0,0,0,0,1,0,0,1,0,1
1597,0.964492750598978,1,0,1,1,1,1,1,0,1,1,0,0,0,1,1,1,1,1,1,0,0,1,0,1,1,0,1,1,1,1
1598,0.242014877384284,1,0,0,0,0,0,0,0,1,1,0,1,1,1,1,1,0,1,1,0,0,0,0,1,1,0,0,1,1,1
1599,-0.824439258613709,1,0,1,0,0,0,1,0,1,0,0,0,0,1,1,1,0,0,0,0,0,0,0,1,1,0,0,0,0,1
1600,0.0194236460704898,1,1,1,0,1,0,0,0,1,1,0,0,1,1,1,1,0,1,1,0,0,0,1,1,0,0,0,1,0,1
1601,-0.380442941848681,0,0,1,0,0,0,1,0,0,1,0,0,0,1,1,1,0,0,1,0,0,0,0,1,1,0,0,1,0,1
1602,-0.719619727592165,1,0,1,0,0,0,0,0,1,1,0,0,0,1,1,1,0,0,1,0,0,0,0,0,1,0,0,1,0,1
1603,-0.403656731289184,1,0,1,0,0,0,1,0,0,1,0,0,0,1,1,1,0,0,0,0,0,0,0,0,1,0,0,1,1,1
1604,-0.243919242156963,1,0,1,0,0,1,1,1,0,1,0,0,0,1,1,0,0,0,1,0,0,0,0,1,0,0,0,1,0,1
1605,0.211254886059101,1,0,1,0,0,0,0,1,0,1,0,1,1,1,1,1,0,0,1,0,0,0,0,1,1,0,0,1,1,1
1606,-0.916623776277436,1,0,0,0,0,0,0,0,0,1,0,1,0,1,1,1,0,0,1,1,0,0,0,0,1,0,0,0,0,0
1607,-2.46660857730948,0,0,0,0,0,0,0,0,0,0,0,0,0,0,1,0,0,1,0,0,0,0,0,0,0,0,0,0,0,0
1608,-0.230687892535545,1,0,1,0,0,1,1,0,1,1,0,0,0,1,1,0,0,1,0,0,0,0,0,1,1,0,0,0,0,0
1609,2.08635728436407,1,0,1,1,1,1,1,1,1,1,1,1,1,1,1,1,1,1,1,1,1,0,0,1,1,0,1,1,1,1
1610,0.705784416493833,1,1,1,0,0,1,0,0,0,1,1,1,1,1,1,1,0,1,1,0,0,0,1,1,1,0,1,1,0,1
1611,0.158570696648212,1,1,1,0,0,0,0,0,1,1,0,1,1,1,1,0,0,0,1,0,0,0,0,1,1,1,0,1,0,0
1612,1.69398658746684,1,1,1,0,1,1,1,0,1,1,0,1,1,1,1,1,1,1,1,1,0,1,1,1,1,0,1,1,1,1
1613,0.206852161975208,1,0,1,0,0,1,1,0,1,1,0,0,1,1,1,1,0,0,1,0,0,0,1,1,1,0,0,1,0,0
1614,-0.340146275039364,0,0,1,0,0,1,1,0,1,1,0,0,0,1,1,1,0,0,1,0,0,0,0,0,0,0,0,1,1,1
1615,0.760751400425234,1,1,1,0,0,0,1,0,1,1,1,1,1,1,1,1,0,1,1,1,0,1,1,1,1,1,0,1,0,1
1616,-0.380316823293263,0,0,1,0,0,0,0,0,1,1,0,0,0,1,1,1,0,0,1,0,0,0,0,0,1,0,0,1,0,0
1617,0.424525291388771,0,1,1,0,0,1,1,0,1,1,0,0,0,1,1,1,0,0,1,0,0,0,0,1,1,0,0,1,0,1
1618,0.26848164740296,1,1,1,0,0,1,0,0,1,1,0,1,0,1,1,1,0,0,0,0,0,0,0,1,1,0,0,1,1,1
1619,-1.69501524576535,0,0,0,0,0,0,0,0,0,0,0,0,0,1,1,0,0,0,0,0,0,0,0,0,0,0,0,0,0,0
1620,1.10259382871417,1,0,1,0,1,1,1,0,1,1,0,1,0,1,1,1,0,1,1,0,0,0,0,1,1,0,1,1,1,1
1621,0.152566034563614,1,0,1,1,0,1,0,0,1,1,0,1,0,1,1,1,0,1,1,0,0,0,0,1,1,0,1,1,0,1
1622,-0.708967110743439,1,0,1,0,0,0,1,0,1,1,0,0,0,1,1,0,0,1,0,0,0,0,0,1,1,0,0,1,0,1
1623,-1.79878708842458,0,0,0,0,0,0,0,0,0,0,0,1,0,0,0,0,0,0,1,0,0,0,0,1,0,0,0,0,0,0
1624,0.669059651494258,1,0,1,0,0,1,1,0,1,1,0,1,1,1,1,1,0,1,1,0,0,0,0,1,1,0,1,1,1,1
1625,0.501794074775133,1,1,1,0,0,1,1,0,1,1,0,1,0,1,1,1,0,0,1,1,0,0,0,1,1,0,1,1,0,1
1626,-1.94624346485186,0,0,0,0,0,0,1,0,0,0,0,0,0,1,0,0,0,0,0,0,0,0,0,1,0,0,0,0,0,0
1627,-1.04408045119842,1,0,1,0,0,0,0,0,1,1,0,0,0,1,1,0,0,0,1,0,0,0,0,1,1,0,0,0,0,0
1628,0.507254919818876,1,0,1,0,0,1,1,0,1,1,0,0,0,1,1,1,0,1,1,1,0,0,0,1,1,0,1,1,0,1
1629,-1.28500567028118,0,0,0,0,0,0,1,0,0,1,0,0,0,1,0,1,0,0,1,0,0,0,0,0,1,0,0,0,1,0
1630,-0.598893731317455,1,0,0,0,0,1,0,0,0,1,0,0,0,1,1,1,0,1,0,0,0,0,0,1,0,0,0,0,0,1
1631,1.93184706863551,1,1,1,1,1,1,1,1,1,1,1,1,1,1,1,1,0,1,1,1,1,1,1,1,1,0,0,1,1,1
1632,-1.51276783362669,1,0,1,0,0,0,1,0,0,1,0,0,0,1,0,0,0,0,0,0,0,0,0,1,0,0,0,0,0,0
1633,0.0300142128324124,1,0,1,0,0,1,1,0,1,1,0,1,0,1,1,1,0,0,1,0,0,0,0,1,1,0,0,1,0,1
1634,1.07386093924046,1,1,1,0,1,1,0,0,1,1,1,1,1,1,1,1,0,1,1,1,0,1,1,1,1,0,0,1,1,0
1635,-0.254609105197922,1,0,1,0,0,1,1,0,0,1,0,0,0,1,1,0,0,0,1,0,0,0,0,1,1,0,0,1,0,1
1636,1.40125978847864,1,1,1,0,1,0,1,1,1,1,1,0,1,1,1,1,1,1,1,1,0,0,0,1,1,0,1,1,1,1
1637,-0.138270712651931,1,0,1,0,0,1,1,0,1,1,0,0,0,1,1,0,0,0,1,0,0,0,0,1,1,0,0,1,0,1
1638,-0.699799674848647,1,1,1,0,0,1,1,0,0,1,0,0,0,1,1,0,0,0,1,0,0,0,0,0,1,0,0,0,0,1
1639,0.936159568517407,1,0,1,1,1,1,1,1,1,1,1,1,1,1,1,1,1,1,1,0,0,0,0,1,1,0,0,1,1,1
1640,0.7163754785688,1,0,1,0,0,1,1,1,1,1,0,0,0,1,1,1,0,0,1,1,0,0,1,1,1,0,1,1,1,1
1641,-0.394498504120136,1,0,1,0,0,1,1,0,1,1,0,0,0,1,1,1,0,0,0,0,0,0,0,1,0,0,0,0,0,0
1642,-1.47329106502074,1,0,0,0,0,0,1,0,0,0,0,0,0,1,0,0,0,0,0,0,0,0,0,0,0,0,0,0,0,0
1643,0.603662655605669,1,0,1,1,0,1,1,0,1,1,0,1,0,1,1,1,0,1,0,0,1,0,1,1,1,0,0,1,0,1
1644,-0.718192343369828,0,0,0,0,0,0,1,0,1,1,0,0,0,1,1,1,0,0,1,0,0,0,0,0,1,0,0,0,0,1
1645,0.0830698142936045,1,0,1,0,0,0,0,0,0,1,0,0,1,1,1,0,0,1,1,0,0,0,0,1,1,0,0,1,1,0
1646,2.61339611455907,1,1,1,1,1,1,1,1,1,1,1,1,1,1,1,1,1,1,1,1,1,1,1,1,1,1,1,1,1,1
1647,-0.23869363632307,1,0,1,0,0,1,0,0,1,1,0,1,0,1,1,1,0,0,1,0,0,0,0,0,1,0,1,0,0,0
1648,-0.32809595962507,1,0,1,0,0,1,0,0,0,1,0,0,0,1,1,1,0,1,1,1,0,0,0,1,1,0,0,1,0,1
1649,-1.02871037268776,1,0,1,0,0,0,1,0,0,1,0,0,1,1,1,1,0,1,0,0,0,0,0,0,1,0,0,0,0,0
1650,0.406964048137982,1,0,0,0,0,0,1,1,1,1,0,0,1,1,1,1,0,1,1,0,0,0,0,1,1,0,1,1,0,0
1651,1.27922393154173,1,1,1,0,1,1,1,0,1,1,1,1,0,1,1,1,0,1,1,1,0,0,1,1,1,0,1,1,1,1
1652,1.22540738404945,1,1,1,0,1,1,1,0,1,1,0,0,1,1,1,1,0,1,1,1,0,0,1,1,1,1,0,1,1,1
1653,0.692701984698798,1,0,1,1,0,1,1,0,1,1,0,1,1,1,1,1,0,1,1,0,0,0,0,1,1,0,0,1,1,1
1654,1.09905040705882,1,1,1,1,0,1,0,0,1,1,0,1,1,1,1,1,0,0,1,0,0,0,0,1,1,0,0,1,1,1
1655,-0.5260663424058,1,0,0,0,0,0,0,0,1,1,0,0,0,1,1,1,0,1,0,0,0,0,0,0,0,0,0,1,0,1
1656,-0.541076882809094,1,0,1,0,0,1,0,0,1,1,0,0,1,1,1,1,0,0,0,0,0,0,0,1,1,0,0,1,0,1
1657,0.469581677496397,1,0,1,0,1,1,0,0,1,1,0,1,1,1,1,1,0,1,1,1,0,0,0,1,1,0,0,1,1,1
1658,1.10304206719819,1,0,1,0,0,1,1,0,1,1,0,1,1,1,1,1,0,1,1,1,0,1,0,1,1,0,1,1,0,1
1659,1.77415538085762,1,1,1,0,1,1,1,1,1,1,1,1,1,1,1,1,0,1,1,1,1,1,1,1,1,1,1,1,0,1
1660,0.323557712474365,1,0,1,0,0,1,1,1,0,1,0,1,0,1,1,1,0,1,1,1,0,0,0,1,1,0,0,1,0,1
1661,-1.62077469385839,0,0,0,0,0,0,0,0,0,0,0,1,0,0,0,1,0,0,0,0,0,0,0,0,0,0,0,0,0,0
1662,0.138691048271934,1,1,1,0,0,1,1,0,1,1,0,1,0,1,1,1,0,0,1,0,0,0,0,0,1,0,0,1,0,0
1663,-0.490878911445964,1,0,0,0,0,0,1,0,0,1,0,1,0,1,0,1,0,0,0,0,0,0,0,0,1,0,0,1,1,1
1664,0.0222067466598575,1,1,1,0,0,0,0,0,1,1,0,0,0,1,1,0,0,0,0,1,0,0,0,1,1,0,0,0,0,1
1665,-0.840245061265604,0,0,0,0,0,0,0,0,0,1,0,1,0,1,1,0,0,1,1,0,0,0,0,1,0,0,1,0,0,0
1666,-0.282331009014063,0,0,0,0,0,1,1,0,1,1,0,0,1,1,1,1,0,1,1,0,0,0,0,1,1,0,0,1,0,1
1667,0.168573346054106,1,0,0,0,0,0,1,0,0,1,0,1,0,1,1,1,0,1,1,0,0,0,1,1,1,0,0,1,1,1
1668,0.498956611463771,1,0,1,0,0,1,1,0,1,1,0,0,0,1,1,1,0,0,1,0,0,0,0,1,1,0,0,1,1,1
1669,1.57414178244061,1,1,1,1,0,1,1,1,1,1,1,0,1,1,1,1,1,1,1,1,1,1,1,1,1,0,1,1,1,1
1670,0.767996325060041,1,0,1,0,0,1,0,0,1,1,0,1,0,1,1,1,0,1,1,1,0,1,0,1,1,0,1,1,0,1
1671,-1.23824333862177,1,0,0,0,0,1,0,0,0,0,0,0,0,1,1,1,0,0,0,0,0,0,0,0,0,0,0,1,0,0
1672,-1.6119631228831,1,0,0,0,0,0,0,0,0,0,0,0,0,1,0,0,0,0,0,0,0,0,0,0,0,0,0,0,0,0
1673,-0.611717242565856,0,0,1,0,0,0,1,0,1,1,0,1,0,1,1,1,0,0,1,0,0,0,0,1,1,0,0,0,0,1
1674,-0.334064106880408,1,0,1,0,0,1,1,0,1,1,0,1,0,1,1,1,0,1,0,0,0,0,0,1,0,0,0,0,1,1
1675,-0.467700917841099,1,0,1,0,0,1,0,0,1,1,0,1,0,1,1,0,0,1,1,0,0,0,0,1,1,0,0,1,0,0
1676,0.301413063858171,1,1,1,0,0,1,1,0,0,1,0,1,0,1,1,0,0,0,1,0,0,0,0,1,1,0,0,1,1,1
1677,-1.33536979387271,0,0,0,0,0,1,0,0,1,0,0,0,1,1,1,0,0,1,0,0,0,0,0,0,1,0,0,0,0,0
1678,1.36788615061499,1,0,1,0,0,1,0,1,1,1,0,0,0,1,1,1,0,1,1,0,0,1,0,1,1,0,1,1,1,1
1679,-0.404749426192061,0,0,1,0,0,0,0,0,0,1,0,0,0,1,1,1,0,1,1,0,0,0,0,1,1,0,0,1,1,1
1680,1.27237880154122,0,1,1,0,1,1,1,0,1,1,1,1,1,1,1,1,1,1,1,0,0,1,0,1,1,0,0,1,1,1
1681,-0.392750162391243,1,0,1,0,0,1,0,0,1,1,0,0,1,1,1,1,1,0,1,0,0,0,0,1,1,0,0,1,1,1
1682,-0.377801402573135,1,0,1,0,0,1,0,0,0,1,0,0,0,1,0,1,0,1,1,0,0,0,0,1,1,0,0,1,0,1
1683,1.3687326931944,1,1,1,1,1,1,1,1,0,1,0,1,1,1,1,1,1,1,1,1,1,1,1,1,1,0,0,1,1,1
1684,-1.36899486067943,0,0,1,0,0,0,0,0,0,0,0,0,0,1,1,0,0,1,0,0,0,0,0,0,0,0,0,1,0,0
1685,-0.651257900818363,1,0,1,0,0,1,0,0,0,1,0,1,0,1,1,1,0,1,1,0,0,0,0,1,1,0,0,1,0,0
1686,-0.592423523417448,1,0,1,0,0,1,0,0,1,1,0,0,0,1,1,1,0,0,1,0,0,0,0,0,1,0,0,1,1,0
1687,1.90537120665392,1,1,1,1,0,1,1,1,1,1,1,1,1,1,1,1,1,0,1,1,0,1,1,1,1,0,1,1,1,1
1688,-0.14282934018974,1,1,1,0,0,0,0,0,0,1,0,0,0,1,1,0,0,1,1,0,0,0,0,1,1,0,0,1,0,1
1689,1.69588985692441,1,1,1,1,1,1,1,1,1,1,1,1,1,1,1,1,0,0,1,1,1,1,0,1,1,0,0,1,1,1
1690,-1.21986598275274,0,0,0,0,0,1,0,0,0,1,0,0,0,1,0,1,0,0,1,0,0,0,0,0,1,0,0,1,0,1
1691,0.241571163983969,0,0,1,0,0,1,1,0,1,1,0,0,0,1,1,1,0,1,1,1,0,0,1,1,1,0,0,1,0,1
1692,0.802574347801122,1,1,1,0,1,1,1,0,1,1,0,0,1,1,1,1,0,1,1,1,1,1,1,1,1,0,0,1,0,1
1693,0.778464565108902,1,0,1,0,0,1,1,0,1,1,0,1,1,1,1,1,0,1,1,0,0,0,0,1,1,0,0,0,1,1
1694,0.263345106094211,1,1,1,0,0,1,0,0,0,1,0,1,0,1,1,1,0,1,1,0,0,0,0,1,1,0,0,1,1,1
1695,1.77389816269643,1,1,1,1,1,1,1,0,1,1,0,1,1,1,1,1,0,1,1,1,1,0,0,1,1,0,1,1,1,1
1696,-0.0621443281474444,1,0,0,0,0,1,1,0,1,1,0,0,1,1,1,1,0,0,1,0,0,0,0,1,1,0,0,1,1,1
1697,1.26619139432712,1,1,1,0,0,1,0,0,1,1,0,1,1,1,1,1,1,1,1,0,0,1,1,1,1,0,0,1,1,1
1698,0.0804810062154926,1,0,1,0,0,1,1,0,1,1,0,0,0,1,1,1,0,1,1,0,0,0,0,1,1,0,1,1,0,1
1699,-0.201352330176704,0,0,1,0,0,1,1,0,0,1,0,0,0,1,1,0,0,1,1,0,0,0,0,1,1,0,0,1,0,1
1700,-0.30927502514197,1,0,1,0,0,0,0,0,0,1,0,0,0,1,1,1,0,0,1,0,0,0,0,1,1,0,0,1,0,0
1701,-0.956826412168833,1,0,1,0,0,0,0,0,1,0,0,0,0,0,1,0,0,1,0,0,0,0,0,0,0,0,0,0,0,0
1702,0.929118421245367,1,1,1,0,0,1,1,1,1,1,0,1,1,1,1,1,0,1,1,1,0,0,0,1,1,0,1,1,1,1
1703,0.258425982592234,1,0,1,0,0,1,0,0,1,1,0,0,0,1,1,1,0,1,0,1,0,0,0,1,1,0,0,1,0,1
1704,-0.0229698628996183,1,0,1,0,0,0,1,0,1,0,0,1,1,1,1,1,0,0,1,1,0,0,0,1,1,0,0,1,0,1
1705,0.0983882405515637,1,0,0,0,0,0,1,0,1,1,0,1,0,1,1,1,0,1,1,0,0,0,0,1,1,0,0,1,0,0
1706,0.0459060378639118,1,0,1,0,1,1,1,0,0,1,0,0,0,1,1,1,0,1,1,0,0,0,0,1,0,0,0,1,1,0
1707,-0.77884472519613,1,0,0,0,0,0,0,0,1,1,0,0,0,1,1,0,0,0,1,0,0,0,0,0,1,0,0,1,0,1
1708,-0.8078748272416,1,0,1,0,0,0,0,0,1,1,0,1,0,1,1,0,0,0,0,0,0,0,0,1,1,0,0,0,1,0
1709,-0.0744808343788203,1,0,1,0,0,1,1,0,1,1,0,0,0,1,1,1,0,0,1,0,0,0,0,1,1,0,0,1,1,1
1710,-0.60321894062332,0,0,1,0,0,0,1,0,0,1,0,0,0,1,1,1,0,0,1,0,0,0,0,1,1,0,0,0,0,1
1711,-0.904818374967024,0,0,1,0,0,1,1,0,0,0,0,0,0,1,1,0,0,0,0,0,0,0,0,1,1,0,0,0,0,1
1712,-0.252260609141398,1,0,1,0,0,1,1,0,0,1,0,0,0,1,1,1,0,1,1,0,0,0,0,1,1,0,1,1,0,0
1713,0.679988850875232,1,0,1,0,0,1,0,0,1,1,0,1,0,1,1,1,0,1,1,1,0,0,0,0,1,0,0,0,0,1
1714,0.46554857551497,1,1,1,0,0,1,0,0,0,1,0,1,0,1,1,1,0,0,1,0,0,0,0,1,1,0,0,1,0,1
1715,0.42447631347563,1,0,1,0,0,0,1,1,1,1,0,1,0,1,1,1,0,0,1,0,0,0,0,1,1,0,0,1,0,1
1716,-0.0377170410087799,1,0,1,0,0,0,1,0,1,1,0,0,0,1,1,0,0,1,1,0,0,0,0,1,1,0,0,1,0,1
1717,0.649557652764318,1,1,1,0,0,1,0,1,1,1,0,1,1,1,1,0,0,0,1,1,1,0,0,0,1,0,0,1,0,1
1718,0.817045868811627,1,0,1,0,0,1,1,0,1,1,1,1,1,1,1,1,1,0,1,0,0,0,0,1,1,0,1,0,1,1
1719,0.571114640316469,1,1,1,0,1,1,1,1,1,1,0,0,1,1,1,1,0,1,1,0,0,1,0,1,1,0,0,1,1,1
1720,0.211509204986773,1,0,1,0,0,0,0,0,1,1,0,0,1,1,1,0,0,1,1,0,0,0,0,1,1,0,0,1,0,1
1721,-0.586621002946536,1,0,1,0,0,1,0,0,1,1,0,0,0,1,1,1,0,1,0,0,0,0,0,1,1,0,0,0,1,1
1722,0.754065113489334,1,1,1,1,0,1,1,1,1,1,0,0,0,1,1,1,0,0,1,1,0,0,0,1,1,1,0,1,0,1
1723,0.709619326105377,1,0,1,0,0,1,0,0,1,1,0,1,1,1,1,1,0,1,1,1,0,0,0,1,1,0,0,1,0,0
1724,0.630946580666993,1,1,1,1,0,0,0,0,0,1,0,0,0,1,1,1,0,0,1,1,0,0,0,1,1,0,0,1,0,1
1725,-1.17293415135733,1,0,1,0,0,0,0,0,0,1,0,0,0,1,1,0,0,1,1,0,0,0,0,0,0,0,0,0,0,1
1726,-0.544597985266666,0,0,1,0,0,1,0,0,0,1,0,0,0,1,1,0,0,0,0,0,0,0,0,1,1,0,0,1,0,1
1727,0.751560411219841,1,0,1,0,0,1,0,0,1,1,0,1,0,1,1,1,0,0,1,1,0,0,1,1,0,0,0,1,1,1
1728,0.637757682689601,1,1,1,0,0,1,1,1,0,1,0,0,1,1,1,1,0,0,1,0,0,0,0,1,1,1,1,0,1,1
1729,0.173688327291226,1,0,1,0,0,0,1,0,1,1,0,1,0,1,1,0,0,0,1,1,0,1,0,1,1,0,0,1,0,1
1730,-0.130036787265137,1,1,0,0,0,0,0,0,1,1,0,1,1,1,1,1,0,0,1,0,0,0,0,1,1,0,0,0,0,1
1731,-0.248685863171819,1,0,1,0,0,1,0,0,1,1,0,0,0,1,1,0,0,1,1,1,0,0,0,1,1,0,0,1,0,0
1732,1.71482341338673,1,1,1,1,1,1,1,0,1,1,1,1,1,1,1,1,1,0,1,1,1,1,1,1,1,0,1,1,1,1
1733,-0.746250271475188,1,0,1,0,0,1,1,0,0,1,0,0,0,1,1,1,0,0,1,0,0,0,0,1,1,0,0,0,0,1
1734,-0.881147874953189,1,0,1,0,0,0,1,0,1,1,0,0,0,1,0,1,0,1,0,0,0,0,0,1,1,0,0,0,0,1
1735,1.01614202291075,1,1,1,0,0,1,1,0,1,1,0,1,0,1,1,1,0,0,1,1,0,0,0,1,1,0,1,1,0,1
1736,-1.96558918110733,1,0,0,0,0,0,0,0,0,0,0,0,0,1,0,1,0,0,1,0,0,0,0,0,0,0,0,0,0,0
1737,0.649953517874442,1,1,1,0,0,1,1,0,1,1,0,1,0,1,1,1,0,0,1,0,0,0,0,1,1,0,0,1,0,1
1738,1.19125449733524,1,0,1,0,1,1,1,0,1,1,0,1,1,1,0,1,0,0,1,1,0,0,1,1,1,0,0,0,1,1
1739,3.25803792750998,1,1,1,1,0,1,1,1,1,1,1,1,1,1,1,1,1,1,1,1,1,1,1,1,1,1,1,1,1,1
1740,1.68429307497611,1,1,1,0,1,1,1,1,1,1,1,1,1,1,1,1,0,1,1,1,1,1,1,1,1,1,1,1,1,1
1741,-0.0224321158864374,1,0,1,0,0,1,0,0,1,1,0,1,0,1,1,0,0,1,1,0,0,0,0,1,1,0,0,1,0,1
1742,0.511744395614034,1,0,1,0,0,1,1,0,1,1,0,1,1,1,1,1,0,0,1,1,0,0,0,1,1,0,1,1,0,1
1743,0.592855692383263,1,0,1,0,0,1,0,0,1,1,0,1,1,1,1,1,0,1,1,1,0,0,0,1,1,0,1,1,0,1
1744,-0.126968348206075,0,0,1,0,0,1,1,0,1,1,0,1,0,1,1,1,0,1,1,1,0,0,1,1,1,0,0,1,0,1
1745,-0.907688118830607,0,0,0,0,0,0,0,0,0,0,0,0,0,1,1,0,0,1,1,0,0,0,0,0,0,0,0,0,0,1
1746,1.30166097623856,1,1,1,0,1,1,1,1,1,1,0,1,1,1,1,1,1,0,1,1,1,0,1,1,1,0,1,1,1,1
1747,0.380053466065255,1,0,1,0,0,0,1,0,1,1,1,1,1,1,1,1,1,1,1,0,0,0,0,1,1,0,0,1,1,1
1748,0.672333380847738,1,1,1,0,0,1,0,0,0,1,0,1,1,1,1,1,0,1,1,0,0,0,0,0,1,0,0,1,0,1
1749,1.18740059085829,1,0,1,0,0,1,0,0,1,1,1,0,1,1,1,1,1,1,1,1,1,1,1,1,1,0,1,1,1,1
1750,-1.11975073473835,0,0,0,0,0,0,0,0,0,1,0,0,0,1,1,0,0,1,1,0,0,0,0,1,0,0,1,0,0,0
1751,-0.223086774682234,1,0,1,0,0,1,1,0,1,1,0,0,0,1,1,1,0,0,1,0,0,0,0,1,1,0,1,0,0,1
1752,0.608344607245732,1,1,1,0,0,1,1,0,0,1,0,0,0,1,1,1,0,1,1,1,0,0,0,1,1,0,0,1,1,1
1753,-0.496552816740365,1,0,0,0,0,0,1,0,1,1,0,0,0,1,1,1,0,0,1,0,0,0,0,1,1,0,0,0,0,1
1754,0.87077920051319,1,0,1,0,0,1,1,0,1,1,0,1,0,1,1,1,0,1,1,1,0,1,0,1,1,0,0,1,1,1
1755,0.19936245221801,1,0,1,0,0,1,1,0,1,1,0,1,0,1,1,1,0,0,1,1,0,1,0,1,1,0,0,1,0,1
1756,2.36242166941486,1,1,1,1,1,1,1,1,1,1,1,1,1,1,1,1,1,1,1,0,0,1,1,1,1,1,1,1,0,1
1757,0.531015679801937,1,0,1,1,0,1,0,0,1,1,0,1,0,1,1,1,0,0,1,1,0,0,0,1,1,0,0,1,0,1
1758,-1.32858837547526,0,0,0,0,0,0,0,0,1,1,0,0,1,1,1,1,0,0,0,0,0,0,0,1,1,0,0,0,0,0
1759,0.562172095257508,1,1,1,0,0,1,1,0,1,1,0,1,0,1,1,1,0,0,1,0,0,0,0,1,1,0,0,0,1,1
1760,-1.0129102773513,0,0,0,0,0,1,0,0,0,0,0,0,0,1,0,0,0,0,0,0,0,0,0,0,1,0,0,1,0,1
1761,1.04172762481783,1,1,1,0,0,0,1,0,1,1,0,1,1,1,1,1,1,1,1,0,0,0,1,1,1,0,1,1,0,1
1762,0.544117998128885,1,0,1,0,0,1,1,0,1,1,0,1,0,1,1,1,0,0,1,0,0,0,0,0,1,0,1,0,1,1
1763,0.325565902985099,1,0,1,0,0,1,0,0,1,1,0,0,0,1,1,0,0,0,1,0,0,0,0,1,1,0,0,1,0,1
1764,0.184763807134116,1,1,1,0,0,1,1,0,1,1,0,0,0,1,1,1,0,1,1,1,0,0,1,1,1,0,0,0,0,1
1765,0.155069845138864,1,0,1,0,0,1,0,0,1,1,0,0,1,1,1,0,0,1,1,0,0,0,0,1,1,0,1,1,1,1
1766,0.925315189997277,1,0,1,0,1,1,0,0,1,1,0,1,1,1,1,1,0,1,1,1,0,0,1,1,1,0,1,1,1,1
1767,0.435146009172321,0,0,1,0,1,1,1,0,1,1,0,1,0,1,1,1,0,1,1,0,0,0,0,1,1,0,0,1,0,1
1768,-0.745774161982456,1,0,1,0,0,0,1,0,0,1,0,0,0,1,1,1,0,0,1,0,0,0,0,1,0,0,0,1,0,0
1769,0.595781687481861,1,0,0,0,0,1,0,0,1,1,0,1,0,1,1,1,0,0,1,0,0,0,0,1,1,0,1,1,0,1
1770,1.59696834838953,1,0,1,1,1,1,1,0,1,1,0,1,1,1,1,1,1,1,1,1,1,1,1,1,1,1,1,1,1,1
1771,0.501356121466088,1,1,1,0,0,1,0,0,1,1,0,0,0,1,1,1,0,1,1,1,0,0,0,1,1,0,0,0,1,1
1772,1.01304807496506,0,0,1,0,0,1,1,0,1,1,1,1,0,1,1,1,1,1,1,1,0,0,1,1,1,0,0,1,0,1
1773,0.0880390871681371,1,0,1,0,0,0,0,0,0,1,0,1,1,1,1,1,0,0,1,1,0,0,0,1,1,0,0,1,0,1
1774,1.02046638477111,1,0,1,0,0,1,1,0,0,1,0,1,0,1,1,1,0,0,1,0,0,0,0,1,1,0,0,1,1,1
1775,2.20242080467311,1,1,1,1,1,1,1,1,1,1,1,1,1,1,1,1,1,1,1,1,1,1,1,1,1,1,1,1,1,1
1776,0.297218899486104,1,0,1,0,0,1,0,0,0,1,0,0,0,1,1,1,0,1,1,0,0,0,0,1,1,0,1,1,0,1
1777,0.733423242296043,1,1,1,0,0,1,1,0,1,1,0,1,0,1,1,1,0,1,1,0,0,1,0,1,1,0,0,1,0,1
1778,-0.90779709966958,1,0,1,0,0,0,1,0,0,0,0,0,0,1,1,0,0,0,1,0,0,0,0,1,0,0,0,0,0,0
1779,-0.122406707835524,1,1,1,0,0,0,0,0,0,1,0,0,0,1,1,1,0,0,1,1,0,0,0,1,1,0,0,1,0,1
1780,-1.53932789468905,0,0,0,0,0,0,0,0,0,0,0,0,0,0,1,1,0,0,0,0,0,0,0,1,1,0,0,0,0,0
1781,-1.82349948280413,0,0,0,0,0,0,0,0,0,0,0,0,0,1,0,0,0,0,1,0,0,0,0,0,0,0,0,0,0,0
1782,0.124271324920352,1,1,1,0,0,1,1,0,0,1,0,0,0,1,1,1,0,1,1,0,0,0,0,1,1,0,0,0,0,1
1783,0.729740177741176,1,1,1,0,0,1,1,0,1,1,0,1,0,1,1,1,0,1,1,1,0,0,1,1,1,0,1,0,1,1
1784,-1.51072927705815,0,0,0,0,0,0,0,0,0,0,0,0,0,1,0,0,0,0,0,0,0,0,0,0,1,0,0,1,0,0
1785,-0.989923453602389,1,0,0,0,0,1,0,0,1,1,0,0,0,1,1,0,0,1,0,0,0,0,0,1,1,0,0,0,0,1
1786,1.17207866606563,1,1,1,0,1,0,1,0,1,1,0,0,1,1,1,1,0,0,1,0,0,0,1,1,1,0,1,1,0,1
1787,-0.299070529733257,1,0,0,0,0,1,0,0,1,1,0,0,0,1,1,1,0,1,0,0,0,0,0,1,0,0,0,1,1,1
1788,-0.466366930315039,1,0,1,0,0,1,1,0,1,1,0,1,0,1,1,1,0,0,1,0,0,0,0,0,1,0,0,1,0,1
1789,-0.0248465889363958,1,0,1,1,0,0,0,0,1,1,0,1,0,1,1,0,0,0,1,0,0,0,0,1,1,0,0,1,0,1
1790,0.953586051050962,1,0,1,0,0,1,0,0,1,1,1,1,1,1,1,1,0,1,1,1,0,0,0,1,1,0,0,1,1,1
1791,0.0455805920226004,1,0,1,0,0,0,1,0,0,1,0,0,0,1,1,0,1,1,1,0,0,0,0,0,1,0,0,1,1,1
1792,-0.16182519016528,1,0,1,0,0,0,0,0,1,1,0,0,0,1,1,1,0,1,1,0,0,0,0,0,1,0,0,0,0,1
1793,2.13499365804318,1,1,1,1,1,1,1,1,1,1,1,1,1,1,1,1,0,1,1,1,0,1,1,1,1,1,1,1,1,1
1794,-0.990864223732435,1,0,1,0,0,0,0,0,0,0,0,1,0,1,1,0,0,0,0,1,0,0,0,1,0,0,0,1,1,1
1795,-0.144981815913048,1,0,0,0,0,1,1,0,0,1,0,1,0,1,1,1,0,0,1,1,0,0,0,1,1,0,0,0,1,1
1796,1.03394053618718,1,1,1,1,0,1,1,0,0,1,1,1,1,1,1,1,0,1,1,1,0,0,0,1,1,0,1,0,1,1
1797,0.55948031798653,1,0,1,0,0,1,1,0,0,1,0,1,1,1,1,1,0,1,1,1,0,0,0,1,1,0,0,1,1,1
1798,-0.434476013127536,1,0,1,0,0,0,0,0,0,1,0,1,0,1,1,0,0,1,1,0,0,1,0,1,1,0,0,1,0,0
1799,-1.20498740809219,0,0,0,0,0,0,1,0,0,1,0,0,0,1,1,1,0,1,1,0,0,0,0,0,0,0,0,0,0,0
1800,1.32236117137711,1,1,1,0,1,1,1,1,1,1,1,1,0,1,1,1,1,0,1,0,0,1,1,1,1,0,0,0,1,1
1801,0.190388496411636,0,0,0,1,0,0,1,0,0,1,0,1,0,1,1,1,0,1,1,1,0,0,0,1,1,0,0,1,0,1
1802,-2.11686680604156,0,0,0,0,0,0,0,0,0,1,0,0,0,0,1,0,0,0,0,0,0,0,0,0,0,0,0,0,0,0
1803,0.148325328971573,1,0,1,0,0,1,1,0,1,1,0,1,0,1,1,1,1,1,1,0,0,0,0,1,1,0,0,1,0,1
1804,1.79096583720101,1,1,1,1,1,1,1,0,1,1,0,1,1,1,1,1,1,1,1,1,1,1,1,1,1,0,1,1,1,1
1805,1.35883053444909,1,0,1,0,0,1,1,1,1,1,1,1,1,1,1,1,1,1,1,1,0,1,0,1,1,1,1,1,1,1
1806,-0.124302165480741,1,0,1,0,0,1,1,0,1,1,0,0,0,1,1,1,0,0,1,0,0,0,1,1,1,0,0,0,0,1
1807,1.07411831588392,1,1,1,0,1,1,1,1,1,1,0,0,0,1,1,1,1,1,1,0,0,1,0,1,1,0,1,0,1,1
1808,-0.162236098743854,1,0,1,0,0,1,1,0,0,1,0,0,0,1,1,1,0,1,1,0,0,0,0,1,0,0,0,0,0,1
1809,-0.96965973044707,1,0,1,0,0,1,0,0,1,1,0,1,0,1,1,0,0,0,1,0,0,0,0,1,0,0,0,0,0,1
1810,1.87649648485521,1,1,1,1,1,1,1,1,1,1,1,1,1,1,1,1,1,1,1,0,1,0,1,1,1,1,1,1,1,1
1811,-0.316762151523596,0,0,1,0,0,0,1,0,1,1,0,0,0,1,1,1,0,0,1,0,0,0,0,1,1,0,0,1,0,1
1812,-0.437475630372178,1,0,1,0,0,0,0,0,0,1,0,0,0,1,1,1,0,1,1,0,0,0,0,1,1,0,0,1,0,1
1813,-1.01699996758623,0,1,1,0,0,1,0,0,0,1,0,0,1,1,1,0,0,0,0,0,0,0,0,0,0,0,0,0,1,1
1814,1.05641285372977,1,0,1,0,1,1,1,0,1,1,0,1,1,1,1,1,0,0,1,0,0,0,0,1,1,0,1,1,1,1
1815,0.204506405736337,0,1,1,0,0,1,1,0,1,1,0,0,0,1,1,1,0,1,1,1,0,0,0,1,1,0,1,1,1,1
1816,0.263506978487553,1,1,1,0,0,1,1,0,1,1,0,1,0,1,1,1,0,1,1,0,0,0,0,1,1,0,0,1,1,1
1817,1.18971329584385,1,1,1,0,0,1,1,1,0,1,1,1,1,1,1,1,1,1,1,1,0,0,0,1,1,0,0,1,1,1
1818,-0.211173221617735,1,0,1,0,0,1,1,0,0,1,0,0,1,1,1,1,0,0,1,0,0,0,0,1,1,0,0,0,0,0
1819,-0.136945349535854,1,0,1,0,0,1,1,0,1,1,0,0,1,1,1,1,0,1,0,0,0,1,0,1,1,0,0,0,0,1
1820,-0.486938274941806,0,0,1,0,0,1,0,0,0,1,0,1,0,1,1,1,0,1,0,1,0,0,0,1,1,0,0,1,0,1
1821,-0.295294488964583,1,0,1,0,0,1,1,0,1,1,0,1,0,1,1,1,0,1,1,0,0,0,1,1,0,0,0,0,0,0
1822,-0.65122414715729,0,1,0,0,0,0,0,0,0,1,0,0,0,1,1,1,0,1,1,0,0,0,0,1,0,0,0,1,0,1
1823,-0.925622912409916,1,0,0,0,0,0,1,0,1,1,0,0,0,1,1,1,0,0,0,0,0,0,0,0,1,0,0,1,0,1
1824,0.925322986780058,1,1,1,0,0,1,1,1,1,1,0,1,0,1,1,1,0,1,1,0,0,1,0,1,1,0,1,1,1,1
1825,-0.348054536000594,1,0,1,0,0,1,1,0,1,1,0,1,1,1,1,1,0,0,1,0,0,0,0,1,1,0,0,1,1,1
1826,1.57280365922547,1,1,1,1,0,1,1,1,1,1,1,1,1,1,1,1,1,1,1,1,0,0,1,1,1,1,1,1,1,1
1827,0.246369473221648,1,0,1,0,0,1,1,0,0,1,0,0,1,1,1,1,0,1,1,0,0,0,0,1,1,0,0,0,0,0
1828,1.99330733485291,1,1,1,1,1,1,1,1,1,1,1,0,1,1,1,1,1,1,1,1,1,1,0,1,1,0,1,1,1,1
1829,-1.368154092052,0,0,1,0,0,1,0,0,0,1,0,0,0,0,0,0,0,1,0,0,0,0,0,0,0,0,0,0,0,0
1830,0.204544025017667,1,0,1,0,0,1,1,0,0,1,0,0,0,1,1,0,0,1,1,1,0,0,0,1,1,0,0,1,1,1
1831,-0.15935698264802,1,0,1,0,0,0,0,0,1,1,0,0,0,1,1,1,0,0,1,0,0,0,0,0,1,0,0,1,0,0
1832,-1.35910869986059,0,0,1,0,0,0,0,0,0,1,0,0,0,1,0,0,0,1,1,0,0,0,0,0,0,0,0,0,0,0
1833,-0.764832795082219,0,0,0,0,0,1,0,0,1,1,0,0,0,1,1,0,0,0,1,0,0,0,0,1,1,0,0,1,0,1
1834,0.392041521365593,1,1,1,0,0,1,1,0,0,1,0,0,1,1,1,1,0,0,1,0,0,0,0,1,1,0,0,1,1,1
1835,-0.467678042127147,1,0,0,0,0,0,0,0,1,1,0,0,1,0,1,1,0,0,1,0,0,0,0,1,1,0,0,0,0,1
1836,1.4705049165228,1,1,1,1,0,1,1,0,1,1,0,1,1,1,1,1,0,0,1,1,0,1,0,1,1,1,1,1,1,1
1837,-0.0160794895055966,1,0,0,0,0,1,1,0,1,1,0,0,0,1,1,0,0,0,1,0,0,0,0,1,1,0,0,1,0,0
1838,-1.82885773037818,0,0,0,0,0,0,0,0,0,0,0,0,0,1,1,0,0,0,0,0,0,0,0,0,0,0,0,0,0,0
1839,-0.9945462199268,0,0,1,0,0,1,0,0,0,0,0,0,0,1,1,1,0,0,1,0,0,0,0,0,0,0,0,1,1,0
1840,0.764017603755576,1,0,1,0,0,1,1,0,1,1,0,0,0,1,1,1,0,1,1,1,0,1,0,1,1,0,1,1,1,1
1841,0.650992795719501,1,1,1,0,0,1,1,0,0,1,0,1,1,1,1,1,0,0,1,1,0,0,0,1,1,0,1,1,1,1
1842,-1.03737043399264,1,0,0,0,0,0,0,0,0,1,0,0,0,1,1,1,0,0,0,0,0,0,0,0,0,0,0,0,0,1
1843,-0.709016216746041,0,0,1,0,0,1,0,0,0,1,0,1,0,1,1,0,0,0,0,0,0,0,0,0,0,0,0,0,0,1
1844,-1.24881439477115,0,0,0,0,0,0,0,0,1,1,0,0,0,1,1,1,0,0,0,0,0,0,0,0,1,0,0,1,0,0
1845,-0.516657076462529,1,1,1,0,0,1,1,0,0,1,0,0,0,1,1,1,0,1,1,0,0,0,0,0,1,0,0,0,0,1
1846,-0.159484016646396,1,0,1,0,0,1,1,0,1,1,0,0,0,1,1,0,0,0,1,0,0,0,0,0,1,0,1,1,0,1
1847,1.53860840116801,1,0,1,0,0,1,1,1,1,1,1,0,1,1,1,1,0,0,1,0,0,1,1,1,1,0,0,1,1,1
1848,0.816823175197825,1,1,1,0,0,1,1,0,1,1,1,1,1,1,1,1,0,1,1,1,0,1,0,1,1,0,0,1,0,1
1849,2.36950794404526,1,0,1,1,1,1,1,1,1,1,1,1,1,1,1,1,1,1,1,1,1,1,1,1,1,0,1,1,1,1
1850,2.69191091819201,1,1,1,1,0,1,1,1,1,1,1,1,1,1,1,1,1,1,1,1,1,1,1,1,1,1,0,1,1,1
1851,-1.30711295050074,1,0,0,0,0,0,0,0,0,1,0,0,0,1,1,1,0,0,0,0,0,0,0,0,1,0,0,1,0,0
1852,-0.732791619897521,1,0,0,0,0,0,0,0,0,1,0,0,0,1,1,1,0,1,0,1,0,0,1,0,1,0,0,0,0,0
1853,0.127396713757358,1,0,1,0,0,1,0,0,0,1,0,1,0,1,1,1,0,1,1,1,0,0,0,1,1,0,0,1,1,1
1854,1.11239018708565,1,1,1,0,0,1,1,1,1,1,1,0,1,1,1,1,0,0,1,1,1,0,0,1,1,1,0,1,1,1
1855,0.134592247211753,1,0,0,0,0,1,0,1,1,1,0,1,0,1,1,1,0,1,1,0,0,0,0,1,1,0,0,1,0,1
1856,-0.889509620270302,0,0,1,0,0,0,0,0,0,1,0,1,0,1,1,1,0,0,0,0,0,0,0,0,1,0,0,0,0,0
1857,-1.12869909840091,0,0,1,0,0,0,1,0,0,0,0,0,0,1,1,1,0,0,1,0,0,0,0,0,1,0,0,1,0,0
1858,-0.574182087682657,0,0,1,0,0,0,0,0,0,1,0,0,0,1,1,1,0,0,0,0,0,0,0,1,1,0,0,0,0,1
1859,0.916984208613492,1,1,1,0,0,1,1,0,1,1,0,1,1,1,1,1,0,0,1,1,0,0,1,1,1,0,1,1,1,1
1860,0.535157544905903,1,0,1,0,0,1,1,1,1,1,0,1,0,1,1,1,0,1,1,1,0,0,1,1,1,0,0,1,0,1
1861,0.773413177959148,1,0,1,0,0,0,1,0,1,1,1,0,0,1,1,1,0,1,1,1,1,0,1,1,1,1,0,1,0,1
1862,-0.656813338943295,1,0,0,0,0,0,1,0,0,1,0,0,0,1,1,1,0,1,1,0,0,0,1,0,0,0,0,0,0,1
1863,0.849954317441443,1,1,1,1,0,1,0,1,1,1,1,1,0,1,1,1,0,1,1,0,0,0,1,1,1,0,0,1,1,1
1864,-0.439710017650215,1,1,0,0,0,0,0,0,0,1,0,0,0,1,1,1,0,0,1,1,0,0,0,1,1,0,0,0,0,1
1865,-0.29257803216439,1,0,1,0,0,1,0,0,0,1,0,1,0,1,1,1,0,0,1,1,0,0,0,0,1,0,0,1,1,0
1866,1.51200641271697,1,1,1,0,1,1,1,0,1,1,1,1,1,1,1,1,0,1,1,1,0,1,1,1,1,0,1,1,1,0
1867,-0.378066464882489,1,1,0,0,0,0,1,0,1,1,0,0,0,1,1,1,0,1,0,0,0,0,0,1,1,0,0,0,0,1
1868,-0.669589153448153,1,0,0,0,0,1,0,0,1,1,0,0,0,0,1,1,0,1,1,0,0,0,0,1,1,0,0,0,0,0
1869,2.13862018340103,1,1,1,0,1,1,1,1,1,1,1,1,1,1,1,1,1,1,1,1,1,1,1,1,1,0,1,1,1,1
1870,-1.36863172955597,0,0,0,0,0,0,0,0,0,1,0,0,0,1,0,0,0,1,0,0,0,0,0,0,0,0,0,0,0,0
1871,-1.91762835656265,0,0,0,0,0,0,0,0,1,0,0,0,0,0,1,1,0,0,0,0,0,0,0,0,0,0,0,0,0,0
1872,0.976959760073727,1,1,1,0,1,1,1,0,1,1,0,0,0,1,1,0,0,1,1,1,1,0,1,1,1,0,1,0,1,1
1873,-0.166081107755228,0,0,1,0,0,0,0,0,0,1,0,1,1,1,1,1,0,1,0,1,0,0,0,1,1,0,0,0,0,1
1874,-0.345099159636233,1,0,1,0,0,1,0,0,0,1,0,1,0,1,1,1,0,0,1,0,0,0,0,1,1,0,0,1,0,0
1875,0.50778913155165,1,0,1,0,0,1,0,1,1,1,0,0,1,1,1,1,0,0,1,1,0,0,0,1,1,0,0,1,1,1
1876,0.977425269353887,1,0,1,0,0,1,0,0,1,1,1,1,0,1,1,1,0,1,1,0,0,0,0,1,1,0,1,1,1,1
1877,0.463157306199141,1,0,1,0,0,1,0,0,0,1,0,1,0,1,1,1,0,1,1,0,1,1,0,1,1,0,1,1,1,1
1878,0.182147965473276,1,0,1,0,0,0,1,0,0,1,0,0,0,1,1,1,0,1,1,0,0,0,1,1,1,0,0,1,1,1
1879,-0.101468930287212,0,0,1,0,0,1,1,0,1,1,0,1,0,1,1,1,0,0,1,0,0,0,0,1,1,0,0,0,0,1
1880,1.15408663637702,1,1,1,0,1,1,1,1,1,1,0,1,1,1,1,1,0,1,1,1,0,1,0,1,1,0,0,1,1,1
1881,-0.903607162582297,0,0,1,0,0,0,0,0,1,1,0,0,0,1,1,1,0,0,0,0,0,0,0,1,1,0,0,0,0,1
1882,-0.217010028770119,0,0,1,0,0,1,0,0,0,1,0,1,0,1,1,1,0,1,1,0,0,0,0,1,1,0,0,1,0,1
1883,0.104143363714591,1,1,1,0,0,0,1,0,1,1,0,1,0,1,1,1,0,1,1,0,0,0,0,1,1,0,0,1,1,1
1884,0.682574370608322,1,1,1,0,0,1,1,0,1,1,0,1,1,1,1,1,0,1,1,1,0,0,0,1,1,0,0,1,0,1
1885,0.659615146559558,1,1,1,0,0,1,1,0,1,1,0,1,0,1,1,1,0,1,1,0,0,1,0,1,1,0,0,1,0,1
1886,-0.063767248499963,1,0,1,0,0,0,0,0,0,1,0,1,0,1,1,1,0,1,0,0,0,1,0,1,1,0,0,1,0,1
1887,-0.750269313960124,0,0,1,0,0,1,0,0,1,1,0,0,0,1,1,0,0,0,1,0,0,0,0,1,1,0,0,1,0,0
1888,1.15749835831909,1,1,1,1,0,1,0,0,1,1,0,1,1,1,1,1,1,1,1,1,0,0,1,1,1,1,0,1,1,1
1889,1.32957780616528,1,0,1,1,1,1,1,1,1,1,0,1,0,1,1,1,1,1,1,1,1,0,0,1,1,0,1,1,1,1
1890,-0.810431483140127,0,0,1,0,0,0,1,0,0,1,0,0,0,1,1,1,0,1,1,0,0,0,0,1,1,0,0,1,0,0
1891,1.37402547047187,1,1,1,1,0,1,1,0,1,1,0,1,1,1,1,1,0,1,1,1,1,0,0,1,1,0,1,1,1,1
1892,-0.925623886835958,1,0,0,0,0,1,1,0,1,1,0,0,0,1,1,1,0,0,0,0,0,0,0,1,1,0,0,1,0,1
1893,0.428949718394221,1,0,1,0,0,1,1,0,0,1,0,1,0,1,1,1,0,1,1,1,0,1,0,1,1,0,0,1,0,1
1894,-0.0248465889363958,1,1,0,0,0,1,1,0,1,1,0,0,1,1,1,1,0,0,1,0,0,0,0,1,1,0,0,0,0,1
1895,-0.807280208566345,1,0,1,0,0,1,1,0,0,1,0,0,0,1,1,1,0,0,1,0,0,0,0,1,1,0,0,1,0,1
1896,-0.925179049200729,0,0,0,0,0,1,1,0,0,0,0,0,0,1,0,0,0,1,0,0,0,0,0,1,1,0,0,1,0,1
1897,-0.145129454099399,1,0,1,0,0,0,0,0,1,1,0,0,1,1,1,1,0,1,1,0,0,0,0,1,1,0,0,1,1,1
1898,0.719572382285941,1,0,1,0,0,1,1,0,1,1,0,1,0,1,1,1,0,0,1,1,0,0,1,1,1,0,1,1,0,1
1899,2.00868207731605,1,1,1,1,1,1,1,1,1,1,1,1,1,1,1,1,0,1,1,1,1,1,1,1,1,1,0,1,1,1
1900,-0.125158503672956,0,0,1,0,0,0,0,0,1,1,0,1,0,1,1,1,0,0,1,0,0,0,0,0,1,0,0,1,0,1
1901,0.908621728050328,1,1,1,1,0,1,1,0,1,1,0,1,1,1,1,1,0,1,1,1,0,0,0,1,1,0,1,1,1,1
1902,0.147797021498097,1,0,1,0,0,0,0,0,1,1,0,0,0,1,1,0,0,1,1,0,0,0,0,0,1,0,0,1,0,1
1903,0.949468747949348,1,1,1,1,0,1,1,0,1,1,0,1,1,1,1,1,0,0,1,1,0,0,0,1,1,0,0,1,1,1
1904,2.17004125888955,1,1,1,1,0,1,1,1,1,1,1,1,1,1,1,1,1,1,1,1,1,1,1,1,1,1,1,1,1,1
1905,-1.91943077356184,0,0,0,0,0,0,0,0,0,0,0,0,0,1,1,0,0,0,0,0,0,0,0,0,0,0,0,1,0,0
1906,1.23877691295874,1,1,0,0,0,1,1,0,1,1,1,1,0,1,1,1,1,0,1,1,1,1,1,1,1,0,1,1,1,1
1907,-0.268736965038826,0,0,1,0,0,1,1,0,1,1,0,1,0,1,1,0,0,0,1,0,0,1,0,0,1,0,0,0,1,1
1908,-0.422901389777602,0,0,1,0,0,0,1,0,1,0,0,0,0,1,1,1,0,1,0,0,0,0,0,0,0,0,0,1,0,1
1909,-0.828284086538717,1,0,0,0,0,1,0,0,0,1,0,1,0,1,0,1,0,0,1,0,0,0,0,1,1,0,0,0,0,0
1910,-0.13843178700267,1,0,1,0,0,0,1,0,0,1,0,1,0,1,1,1,0,1,1,0,0,0,0,1,1,0,0,1,1,0
1911,1.93626167426474,1,0,1,1,1,1,1,1,1,1,1,1,1,1,1,1,1,1,1,1,0,1,1,1,1,0,0,1,1,1
1912,1.47002214351307,1,1,1,1,1,1,1,0,1,1,1,1,1,1,1,1,1,1,1,1,0,1,1,1,1,0,1,1,1,1
1913,0.435024910895045,1,0,1,0,0,1,1,0,1,1,0,1,0,1,1,1,0,1,1,0,0,0,0,1,1,0,1,1,0,1
1914,0.0189162148766634,1,1,1,0,0,1,1,0,1,1,0,1,0,1,1,1,0,1,1,1,0,0,0,1,1,0,0,0,0,1
1915,-0.0406303858820161,1,0,1,0,0,1,0,0,1,1,0,0,0,1,1,1,0,0,1,1,0,0,0,1,1,0,0,1,0,1
1916,-0.357698490785614,1,1,1,0,0,1,0,0,0,1,0,0,0,1,1,1,0,0,1,0,0,0,0,1,1,0,0,0,0,0
1917,-1.72635763794437,1,0,0,0,0,0,0,0,1,0,0,0,0,1,0,0,0,0,0,0,0,0,0,0,0,0,0,0,0,0
1918,0.749834841661398,1,1,1,0,0,1,1,0,1,1,0,1,0,1,1,1,0,0,1,1,0,0,0,1,1,0,0,1,1,1
1919,0.174182139908878,1,0,1,0,0,0,1,0,1,1,0,0,0,1,1,1,0,0,1,1,0,0,0,1,1,0,0,1,0,1
1920,1.40667752696613,1,0,1,0,1,1,0,1,1,1,1,1,1,1,1,1,1,1,1,1,0,1,1,1,1,0,1,1,0,1
1921,-0.32117583280781,1,1,1,0,0,1,1,0,1,1,0,1,0,1,1,1,0,0,1,0,0,0,0,1,1,0,0,1,0,1
1922,1.10704713622048,1,0,1,0,0,1,1,0,1,1,0,1,0,1,1,1,1,0,0,1,0,1,0,1,1,0,1,0,1,1
1923,-0.299070529733257,0,0,1,0,0,1,0,0,1,1,0,0,0,1,1,1,0,0,1,0,0,0,0,1,1,0,0,1,1,1
1924,-0.484059727767577,1,0,0,0,0,1,1,0,0,1,0,0,0,1,1,1,0,1,0,0,0,0,0,1,1,0,0,1,0,0
1925,1.8495618935635,1,1,1,1,0,1,1,1,1,1,1,1,0,1,1,1,1,1,1,1,0,1,1,1,1,0,1,1,1,1
1926,1.34664076095139,1,1,1,0,0,1,1,0,1,1,1,1,0,1,1,1,0,1,1,1,1,0,0,1,1,0,1,0,0,1
1927,0.252178320745483,1,0,1,0,0,1,1,0,1,1,0,1,0,1,1,0,0,0,1,1,0,1,1,1,1,0,1,1,1,1
1928,-2.19330027808382,0,0,0,0,0,0,1,0,0,0,0,0,0,0,0,0,0,0,0,0,0,0,0,0,0,0,0,0,0,0
1929,1.21043369006577,1,1,1,0,1,1,1,0,1,1,0,1,0,1,1,1,1,0,1,1,0,1,1,0,1,0,0,1,1,1
1930,-1.69481861048507,0,0,1,0,0,0,1,0,1,1,0,0,0,1,1,1,0,0,0,0,0,0,0,0,1,0,0,1,0,0
1931,-0.836496098343795,1,0,1,0,0,1,0,0,1,1,0,0,0,1,1,0,0,0,0,0,0,0,0,0,0,0,0,1,0,1
1932,-0.0117321750946272,1,0,0,0,0,0,0,0,1,1,0,0,0,1,0,1,0,1,1,0,0,0,0,1,1,0,0,1,1,1
1933,0.452367183947596,1,0,1,0,0,1,1,0,1,1,0,1,1,1,1,1,0,0,1,1,0,0,0,1,1,0,0,1,0,1
1934,-0.311406416172257,1,1,1,0,0,1,1,0,0,1,0,0,1,1,1,1,0,1,0,1,0,0,0,1,1,0,0,0,0,1
1935,-0.0822075324189187,1,1,1,0,0,1,0,0,1,1,0,1,1,1,1,1,0,1,1,0,0,0,0,1,1,0,0,0,1,1
1936,-0.581224600265085,1,0,1,0,0,1,0,0,1,1,0,0,0,1,1,1,0,0,0,0,0,0,0,1,1,0,1,1,0,1
1937,0.911943471258219,1,0,1,0,0,1,1,0,1,1,0,0,1,1,1,1,0,1,1,1,0,0,1,1,1,0,0,1,0,1
1938,-0.815016181813804,0,0,1,0,0,0,1,0,0,1,0,0,1,1,1,1,0,1,0,0,0,0,0,1,0,0,0,1,0,1
1939,0.0668027803045205,1,0,0,0,0,1,0,0,1,0,0,1,0,1,1,1,0,1,1,0,0,0,0,1,1,0,0,0,1,1
1940,0.113461147880588,1,0,1,0,0,1,1,0,1,1,0,0,0,1,1,0,0,1,1,1,0,0,0,1,1,0,0,1,1,1
1941,1.53966566339273,1,1,1,0,1,1,1,1,1,1,0,1,0,1,1,1,1,1,1,1,0,1,1,1,1,0,1,1,1,1
1942,-2.78786722295427,0,0,1,0,0,0,0,0,1,0,0,0,0,0,0,0,0,0,0,0,0,0,0,0,0,0,0,0,0,0
1943,-2.08560275565659,0,0,0,0,0,0,0,0,0,0,0,0,0,0,0,0,0,0,0,0,0,0,0,0,0,0,0,0,0,0
1944,0.137240455171966,1,0,1,0,0,0,1,0,1,1,0,1,0,1,1,1,0,1,1,0,0,0,0,1,1,0,0,1,0,1
1945,-1.46436858892369,0,0,0,0,0,0,1,0,0,1,0,0,0,1,0,0,0,1,1,0,0,0,0,0,1,0,0,0,0,1
1946,-1.20643308329503,1,0,0,0,0,0,0,0,0,1,0,0,0,1,1,1,0,1,0,0,0,0,0,0,0,0,0,0,0,0
1947,-1.75739669077327,0,0,0,0,0,0,0,0,0,0,0,0,0,1,1,1,0,0,0,0,0,0,0,1,0,0,0,0,0,0
1948,-1.36521836227762,0,0,0,0,0,1,0,0,1,0,0,0,0,1,0,0,0,0,0,0,0,0,0,0,0,0,0,0,0,0
1949,-0.314126055908346,1,0,1,0,0,1,1,0,1,1,0,1,1,1,1,1,0,1,1,0,0,0,0,0,1,0,0,0,0,1
1950,0.465503352771437,1,0,1,0,0,1,1,0,0,1,0,1,0,1,1,1,0,1,1,1,0,0,0,1,1,0,1,1,0,1
1951,-0.338487863185353,1,0,1,0,0,0,0,0,1,1,0,0,0,1,1,0,0,0,1,0,0,0,0,1,1,0,0,0,0,1
1952,1.60198648656681,1,0,1,1,0,1,1,1,1,1,1,1,1,1,1,1,0,1,1,1,0,1,0,1,1,1,0,1,1,1
1953,0.167176012144271,1,0,1,0,0,1,0,0,1,1,0,1,0,1,1,1,0,1,1,1,0,0,1,1,1,0,0,1,0,1
1954,0.136910509227039,1,0,1,0,0,0,1,0,1,1,0,0,0,1,1,1,0,0,1,0,0,0,0,1,1,0,1,1,0,1
1955,0.241827621505183,1,0,1,0,0,0,0,0,1,1,0,0,0,1,1,0,0,0,1,1,0,0,1,1,0,0,0,1,1,1
1956,1.8868477438601,1,1,1,1,1,1,1,1,1,1,1,1,1,1,1,1,1,1,1,1,0,1,1,1,1,1,0,1,1,1
1957,0.442802689163864,1,0,1,0,0,1,0,0,1,1,0,1,1,1,1,1,0,1,1,1,0,0,0,1,1,0,0,1,1,1
1958,1.77389816269643,1,0,1,0,1,0,1,0,0,1,0,1,1,1,1,1,1,1,1,1,1,1,0,1,1,1,1,1,1,1
1959,1.47683673875388,1,1,1,1,0,1,1,0,1,1,1,1,1,1,1,1,0,1,1,1,1,1,1,1,1,1,0,1,1,1
1960,1.21055576737259,1,1,1,1,0,1,0,0,1,1,1,1,0,1,1,1,1,1,1,0,1,0,0,1,1,0,0,1,1,1
1961,2.52820739941731,1,0,1,1,1,1,1,1,1,1,1,1,1,1,1,1,1,1,1,1,1,1,1,1,1,1,1,1,1,1
1962,-0.697759198343431,0,0,0,0,0,0,1,0,1,1,0,0,0,1,1,1,0,0,1,0,0,0,0,0,1,0,0,0,0,1
1963,-0.555694149525898,0,0,0,0,0,0,1,0,1,1,0,0,0,1,1,0,0,0,0,0,0,0,0,0,1,0,0,1,0,1
1964,-0.262873873001488,0,0,1,0,0,0,1,0,1,1,0,0,0,1,1,1,0,0,1,0,0,0,0,1,1,0,0,0,0,1
1965,0.803852451650823,1,1,1,0,0,1,0,0,0,1,0,0,0,1,1,1,0,1,1,0,0,0,0,1,1,0,0,1,0,1
1966,-0.531100420171998,0,0,1,0,0,0,1,0,1,1,0,0,0,1,1,1,0,0,1,0,0,0,0,0,1,0,0,0,1,1
1967,-0.407408681121847,0,1,0,0,0,0,1,0,1,1,0,0,0,1,1,0,0,1,1,0,0,0,0,1,0,0,0,0,0,0
1968,-0.555888269823204,0,0,0,0,0,0,0,0,0,1,0,0,0,1,1,1,0,1,1,0,0,0,0,1,1,0,0,1,0,1
1969,-0.590028216992797,1,0,1,0,0,0,0,0,1,1,0,0,0,1,1,1,0,0,1,0,0,0,0,0,0,0,0,0,0,1
1970,-0.745978278340582,1,0,0,0,0,0,1,0,0,1,0,0,0,1,1,1,0,0,0,0,0,0,0,1,1,0,0,1,0,0
1971,-1.7479028408223,0,0,0,0,0,0,0,0,0,0,0,0,0,1,0,0,0,1,0,0,0,0,0,0,0,0,0,0,0,1
1972,-0.773313098467594,0,0,1,0,0,0,0,0,1,1,0,0,0,1,0,0,0,0,0,0,0,0,0,0,1,0,0,0,0,1
1973,-0.965466695948325,1,0,0,0,0,0,0,0,0,1,0,0,0,1,1,0,0,1,1,0,0,0,0,0,0,0,0,0,0,0
1974,0.424522329885844,1,0,1,0,0,1,1,0,1,1,0,1,1,1,1,1,0,1,1,1,0,0,0,1,1,0,0,1,1,1
1975,0.873325303231317,1,0,1,1,0,1,1,0,1,1,0,0,0,1,1,1,0,1,1,0,0,0,0,1,1,0,0,1,0,1
1976,0.0143987806444023,1,0,1,0,0,0,1,0,1,0,0,0,0,1,1,1,0,0,1,0,0,0,0,1,1,0,0,0,1,1
1977,0.676856248235782,1,0,1,0,0,1,1,0,1,1,1,1,0,1,1,1,0,1,1,1,0,0,1,1,1,0,1,1,1,1
1978,-0.915144693625291,1,0,0,0,0,0,0,0,0,1,0,0,0,1,1,1,0,0,0,0,0,0,0,1,0,0,0,1,0,0
1979,1.23343227599374,1,1,1,1,1,1,1,1,1,1,0,1,0,1,1,1,1,0,1,1,1,1,0,1,1,0,1,1,1,1
1980,1.68208366096234,1,1,1,0,1,1,1,1,1,1,1,1,1,1,1,1,1,1,1,1,1,1,1,1,1,0,1,1,1,1
1981,2.02646945268395,1,1,1,1,1,1,1,0,0,1,1,1,1,1,1,1,1,1,1,1,1,1,1,1,1,0,1,1,0,1
1982,0.645860394688685,1,1,1,0,0,1,0,0,0,1,0,0,0,1,1,1,0,1,1,0,0,0,0,1,1,0,0,1,0,1
1983,0.100822852623014,0,0,0,0,0,0,1,0,0,1,0,1,1,1,1,1,0,1,1,1,0,0,0,1,1,0,0,0,0,1
1984,0.138643307648803,1,0,1,0,0,0,0,0,0,1,0,0,0,1,1,1,0,0,1,1,0,0,0,1,1,0,0,0,0,1
1985,0.706996600301962,1,1,1,0,0,1,1,0,1,1,0,1,1,1,1,1,0,0,1,1,0,0,0,1,1,0,0,1,1,1
1986,0.159522119351264,1,0,1,0,0,1,0,0,1,1,0,0,0,1,1,1,0,0,1,0,0,0,0,1,1,0,0,1,0,1
1987,-0.0925055415236604,1,0,1,0,0,0,1,0,0,1,0,0,0,1,1,1,0,1,1,0,0,0,0,1,1,0,0,0,1,1
1988,-2.04653285794441,0,0,0,0,0,0,0,0,0,1,0,0,0,0,0,0,0,0,0,0,0,0,0,0,0,0,0,0,0,0
1989,0.446609680844639,1,0,1,0,0,1,0,0,1,1,0,1,0,1,1,1,0,1,1,0,0,0,0,1,1,0,0,1,0,1
1990,0.164379446820065,1,0,1,0,0,1,1,1,1,1,0,0,1,1,1,1,0,0,1,0,0,0,0,1,1,0,0,0,0,1
1991,-0.869728922482047,1,0,1,0,0,1,0,0,1,1,0,0,0,1,1,0,0,0,0,0,0,0,0,1,1,0,0,0,0,1
1992,0.164538554519036,1,1,1,0,0,1,0,0,1,1,0,1,1,1,1,1,0,1,1,0,0,0,0,1,1,0,0,1,1,1
1993,-1.22124388808886,0,0,1,0,0,0,0,1,0,0,0,1,0,1,1,1,0,1,0,0,0,0,0,0,0,0,0,0,0,0
1994,0.742438546330783,1,1,1,0,0,1,1,0,1,1,0,0,0,1,1,0,0,1,1,1,0,0,0,1,1,0,1,1,0,1
1995,-1.52118713168102,1,0,0,0,0,0,0,0,0,0,0,0,0,1,1,0,0,1,1,0,0,0,0,1,0,0,0,0,0,1
1996,-1.62935174497083,1,0,0,0,0,1,0,0,0,1,0,0,0,1,0,0,0,1,1,0,0,0,0,1,0,0,0,0,0,0
1997,1.64979635071916,1,1,1,0,0,1,1,1,1,1,1,1,1,1,1,1,1,0,1,1,0,0,1,1,1,0,1,0,1,1
1998,1.61150785476959,1,1,1,1,0,1,1,1,1,1,1,1,0,1,1,1,0,1,1,1,1,1,1,1,1,0,1,1,1,1
1999,-0.0988712857876235,1,0,1,0,0,1,0,0,0,1,0,1,0,1,1,1,0,1,1,0,0,0,0,1,0,0,0,1,1,1
2000,-0.287185335328542,1,0,0,0,0,1,1,0,0,1,0,0,0,1,1,1,0,1,1,0,0,0,0,1,1,0,0,1,0,1
2001,1.4283753891389,1,1,1,1,0,0,1,1,1,1,0,1,1,1,1,1,0,1,1,1,1,1,0,1,1,1,1,1,1,1
2002,-0.907476091584834,0,0,0,0,0,1,1,0,1,1,0,0,0,1,1,0,0,1,0,0,0,0,0,0,0,0,0,0,0,1
2003,-0.557009470869258,1,0,1,0,0,1,0,0,1,1,0,0,0,1,1,1,0,1,0,0,0,0,0,1,1,0,0,1,0,1
2004,-0.100928807681901,1,0,1,0,0,1,0,0,1,1,0,1,0,1,1,1,0,0,1,0,0,0,0,1,1,0,0,1,0,1
2005,-1.35937545299107,0,0,0,0,0,0,0,0,0,0,0,0,0,1,0,1,0,1,0,1,0,0,0,0,1,0,0,0,0,0
2006,-0.211546731976565,1,0,0,0,0,1,0,0,0,1,0,1,0,1,1,1,0,1,1,0,0,0,0,0,1,0,0,0,0,1
2007,0.774146844611994,1,1,1,0,0,1,0,1,1,1,0,0,0,1,1,1,0,1,1,1,0,0,0,1,1,0,0,1,1,1
2008,0.171906120549112,1,1,1,0,0,1,0,0,1,1,0,0,0,1,1,1,0,0,1,0,0,0,0,1,1,0,0,1,0,1
2009,-0.778792212760767,1,0,0,0,0,1,0,0,0,1,0,1,0,1,1,1,0,0,1,0,0,0,0,0,0,0,0,0,0,0
2010,-1.33371460189809,0,1,0,0,0,0,1,0,0,0,0,0,0,0,0,0,0,0,0,0,0,0,0,0,0,0,0,1,0,1
2011,-1.061620719305,0,0,1,0,0,1,0,0,1,0,0,0,0,1,1,0,0,0,1,0,0,0,0,0,1,0,0,1,0,1
2012,1.44912170977434,1,0,1,0,0,1,1,1,1,1,0,0,1,1,1,1,1,0,1,1,1,0,1,1,1,0,0,1,1,1
2013,1.05314669401315,1,1,1,0,0,1,1,0,1,1,0,0,1,1,1,1,0,1,1,0,0,1,0,1,1,0,0,1,0,1
2014,0.297364684098229,1,0,1,0,0,1,1,0,0,1,0,0,1,1,1,1,0,1,1,1,0,0,1,1,1,0,0,1,0,1
2015,0.666655064760389,1,0,1,1,0,1,1,0,1,1,0,0,0,1,1,1,0,0,1,1,0,0,0,1,1,0,1,1,0,1
2016,-0.781902235288477,1,1,0,0,0,1,0,0,0,0,0,1,0,1,1,1,0,0,0,1,0,0,0,1,1,0,0,0,0,0
2017,0.461214050346336,1,0,1,0,0,1,0,0,0,1,0,1,0,1,1,1,0,1,1,0,0,0,0,0,1,0,0,0,0,1
2018,-0.854444508593418,1,0,1,0,0,1,0,0,1,1,0,0,0,1,1,0,0,0,1,0,0,0,0,0,1,0,0,0,0,0
2019,1.27848317638472,1,0,1,0,1,1,1,0,1,1,1,0,1,1,1,1,1,1,1,1,0,1,1,1,1,0,1,1,1,1
2020,1.75008793292271,1,1,1,0,1,1,0,1,1,1,1,1,1,1,1,1,1,1,1,0,1,1,0,1,1,0,1,1,1,1
2021,-0.458215915380126,0,1,0,0,0,1,1,0,0,1,0,1,0,1,1,1,0,0,0,0,0,0,0,0,1,0,0,1,0,1
2022,-0.36270742265514,1,0,0,0,0,1,0,0,1,1,0,1,0,1,1,1,0,1,1,0,0,0,0,1,1,0,0,1,1,0
2023,-0.8274716735783,0,0,1,0,0,1,0,0,1,1,0,0,0,1,1,1,0,1,1,0,0,0,0,1,1,0,0,0,0,1
2024,1.23388738808951,1,1,1,0,0,1,1,1,1,1,0,1,1,1,1,1,0,1,1,0,0,1,0,1,1,0,1,1,1,1
2025,-0.659967452330988,1,0,1,0,0,0,1,0,0,1,0,0,0,1,1,1,0,0,1,0,0,0,0,0,0,0,0,0,1,0
2026,2.53185170172964,1,1,1,1,1,1,1,1,1,1,1,1,0,1,1,1,1,1,1,1,1,1,1,1,1,0,1,1,0,1
2027,-0.964701736512065,0,0,1,0,0,1,1,0,1,1,0,0,0,1,0,0,0,1,0,0,0,0,0,1,0,0,0,0,0,0
2028,0.798651925058971,1,1,1,1,0,1,0,0,0,1,0,1,1,1,1,1,0,1,1,1,0,0,0,0,1,0,0,1,1,1
2029,0.668825542650852,1,0,1,0,0,1,1,0,0,1,0,0,1,1,1,1,0,0,1,1,0,0,0,1,1,0,0,1,0,1
2030,1.85477966543493,1,0,1,1,1,1,1,1,1,1,1,1,0,1,1,1,1,1,1,1,1,1,1,1,1,1,1,1,1,1
2031,-0.336507941999774,1,1,1,0,0,0,0,0,0,0,0,1,0,1,1,1,0,1,1,0,0,0,0,1,1,0,0,1,1,1
2032,-0.409576990310799,1,0,1,0,0,1,1,0,1,1,0,0,0,1,1,1,0,1,1,0,0,0,0,1,1,0,0,1,0,1
2033,-1.24378597848463,0,0,0,0,0,0,0,0,0,1,0,0,0,1,1,0,0,0,0,0,0,0,0,0,0,0,0,0,0,1
2034,-0.443301559755394,1,0,1,0,0,1,1,0,1,1,0,0,0,1,1,1,0,0,0,0,0,0,0,0,1,0,0,1,0,1
2035,-0.0534820006954969,1,1,1,0,0,0,0,0,1,1,0,1,0,1,1,1,0,0,1,0,0,0,0,1,1,0,0,1,0,1
2036,-0.423313135573332,1,1,1,0,0,1,0,0,0,1,0,0,0,1,1,1,0,1,0,0,0,0,0,1,1,0,0,1,0,1
2037,1.54815828650087,1,1,1,1,0,1,1,0,1,1,1,1,0,1,1,1,0,1,1,1,0,1,1,1,1,1,1,1,1,1
2038,-0.679899941168711,1,0,1,0,0,0,1,0,0,1,0,0,0,1,1,1,0,0,0,0,0,0,0,1,0,0,0,0,0,0
2039,0.646661614942065,1,0,1,0,0,1,1,0,1,1,0,1,0,1,1,1,0,0,1,0,0,0,0,0,1,0,0,1,1,1
2040,-0.881623502240572,0,0,0,0,0,1,1,0,0,1,0,1,0,1,0,1,0,0,1,0,0,0,0,0,1,0,0,1,0,1
2041,-0.824061479181737,0,0,1,0,0,1,0,0,1,1,0,1,0,1,0,0,0,1,1,0,0,0,0,0,0,0,0,0,0,1
2042,-1.87190218686291,0,0,0,0,0,0,0,0,0,0,0,1,0,0,0,0,0,0,0,0,0,0,0,0,0,0,0,0,0,1
2043,-1.15757212453952,0,0,0,0,0,0,0,0,0,1,0,1,0,1,1,1,0,0,0,0,0,0,0,0,0,0,0,0,1,1
2044,-1.06125047002044,0,0,0,0,0,1,0,0,0,1,0,1,0,1,1,0,0,1,0,0,0,0,0,0,1,0,0,1,0,0
2045,0.703316430560817,1,1,1,0,0,1,1,0,1,1,0,0,0,1,1,1,0,1,1,1,0,0,0,1,1,0,0,1,0,1
2046,0.213427968346101,1,0,1,0,0,0,0,0,1,1,0,0,0,1,1,1,0,0,1,1,0,1,1,1,1,0,0,1,1,0
2047,0.287080780363389,1,1,1,0,0,1,1,0,0,1,0,0,0,1,1,0,0,0,1,0,0,0,0,1,1,0,0,0,0,1
2048,0.0551842371966545,1,0,1,0,0,0,1,0,1,1,0,1,1,1,1,1,0,1,1,0,0,0,0,1,1,0,0,1,0,1
2049,-0.183056905213184,1,0,1,0,0,0,0,0,0,1,0,0,0,1,1,1,0,0,1,0,0,0,0,1,1,0,0,1,1,1
2050,-0.400705690323083,1,0,0,0,0,0,1,0,0,1,0,0,1,1,1,0,0,0,0,0,0,0,0,0,1,0,0,0,0,1
2051,0.460846055719961,1,1,1,0,0,1,1,0,1,1,0,1,0,1,1,1,0,1,1,0,0,0,0,1,1,0,0,1,1,1
2052,-1.02527004133563,0,0,0,0,0,1,1,0,1,1,0,0,0,1,1,0,0,1,0,0,0,0,0,1,0,0,0,1,0,0
2053,0.0857418160755011,1,0,1,0,0,1,0,0,1,1,0,0,0,1,1,1,0,1,1,1,0,0,0,1,1,0,0,0,0,1
2054,1.19922314388482,1,1,1,0,0,1,1,1,1,1,0,1,1,1,1,1,1,1,1,1,0,0,1,1,1,0,1,1,1,1
2055,-0.645998957242094,1,0,1,0,0,0,0,0,1,1,0,0,0,1,1,0,0,0,0,0,0,0,0,1,1,0,0,1,0,1
2056,-1.13749731069728,0,0,0,0,0,1,0,0,0,1,0,0,0,1,1,0,0,0,0,0,0,0,0,0,0,0,0,0,0,0
2057,1.00652424795873,1,1,1,0,1,0,1,0,1,1,1,1,1,1,1,1,0,1,1,0,0,0,0,1,1,0,0,1,1,1
2058,1.21622364505235,1,1,1,0,1,1,1,0,1,1,0,1,1,1,1,1,0,1,1,0,0,0,1,1,1,1,0,1,1,1
2059,-0.153386272395119,1,0,1,0,0,1,1,0,1,1,0,0,1,1,1,0,0,1,1,0,1,0,1,1,0,0,0,1,0,1
2060,0.549731551260459,1,0,1,0,0,1,1,0,1,1,0,1,0,1,1,1,0,1,1,0,0,0,0,1,1,0,1,1,1,1
2061,-2.01244647970749,1,0,0,0,0,0,0,0,0,0,0,0,0,1,0,0,0,0,0,0,0,0,0,0,1,0,0,0,0,0
2062,-0.306033668054186,1,0,1,0,0,0,1,0,1,1,0,0,0,1,1,0,0,1,1,1,0,0,0,1,1,0,0,0,1,1
2063,-1.35366792605066,0,0,1,0,0,0,0,0,0,1,0,0,0,0,0,0,0,0,0,0,0,0,0,0,1,0,0,0,0,0
2064,-0.846634212699644,0,0,0,0,0,1,0,0,0,1,0,1,0,1,1,1,0,0,0,0,0,0,0,1,1,0,0,1,0,1
2065,-1.98669631031741,1,0,1,0,0,0,0,0,1,1,0,0,0,1,0,0,0,0,0,0,0,0,0,0,0,0,0,0,0,0
2066,-0.314015161261362,1,0,1,0,0,1,0,0,1,1,0,1,0,1,1,1,0,0,0,0,0,0,0,1,1,0,0,0,0,1
2067,-0.766746254836123,1,0,0,0,0,1,0,0,1,1,0,0,0,1,0,1,0,1,0,1,0,0,1,1,1,0,0,1,0,1
2068,1.0169368936819,1,0,1,0,0,1,1,0,1,1,0,1,0,1,1,1,0,1,1,0,0,1,0,1,1,0,0,1,1,1
2069,0.268094318529981,1,0,1,0,0,1,1,0,1,1,1,1,0,1,1,1,0,1,1,0,0,0,0,1,1,0,0,1,0,1
2070,0.342616731993712,1,0,1,0,0,0,1,0,0,1,0,1,0,1,1,1,0,1,1,0,0,0,0,1,1,0,1,1,1,1
2071,0.827366803749729,1,0,1,0,0,1,0,0,1,1,1,0,0,1,1,1,1,0,1,0,0,0,0,1,1,0,1,1,0,1
2072,0.0743960173076483,1,0,1,0,0,0,1,0,1,1,0,1,1,1,1,1,0,1,1,0,0,0,0,1,1,0,0,1,0,1
2073,-1.25933393827898,0,0,1,0,0,0,1,0,0,1,0,0,0,1,1,1,0,0,1,0,0,0,0,0,0,0,0,0,0,0
2074,2.46595842539117,1,1,1,1,1,1,1,1,1,1,1,1,1,1,1,1,1,1,1,1,1,1,1,1,1,0,1,1,1,1
2075,0.442438503864213,1,0,1,0,0,1,1,0,1,1,0,1,0,1,1,1,1,0,1,0,0,0,0,1,1,0,0,1,1,1
2076,0.662700173200409,1,1,1,0,0,1,0,1,1,1,0,0,1,1,1,1,0,1,1,1,0,0,0,1,1,0,0,1,0,1
2077,1.24026592336093,1,0,1,1,0,1,1,0,1,1,1,1,1,1,1,0,0,1,1,1,1,0,1,1,1,0,0,1,0,1
2078,0.884645896230955,1,0,1,1,0,1,1,1,1,1,1,1,0,1,1,1,1,0,1,0,0,1,0,1,1,0,0,1,0,1
2079,-0.055801168657712,1,0,0,0,0,1,1,0,1,1,0,0,0,1,1,1,0,0,1,0,0,0,0,1,1,0,0,0,0,1
2080,0.646213302796589,1,1,1,0,1,1,1,1,1,1,0,0,0,1,1,1,0,0,0,1,0,1,0,0,1,0,0,1,0,1
2081,-0.408950868102207,1,0,0,0,0,0,0,0,0,1,0,0,0,1,1,1,0,1,0,1,0,0,0,0,1,0,0,1,0,0
2082,0.239319521214604,1,0,0,0,0,1,1,0,1,1,0,0,0,1,1,1,0,1,1,1,0,0,0,1,1,0,0,0,1,1
2083,-1.04184226316897,0,0,1,0,0,0,0,0,0,1,0,0,0,1,1,0,0,0,1,0,0,0,0,0,0,0,0,1,0,1
2084,0.190420907105366,1,1,1,0,0,1,1,1,1,1,0,0,0,1,1,1,0,1,1,1,0,0,0,1,1,0,0,0,1,0
2085,0.75782645389158,1,1,1,0,0,1,1,0,1,1,0,1,1,1,1,0,0,1,1,1,0,0,0,1,1,0,0,1,0,1
2086,0.740299706439194,1,1,1,0,0,0,1,1,1,1,1,0,1,1,1,1,0,1,1,0,0,0,0,0,1,0,0,1,0,1
2087,-0.689264376183602,1,0,1,0,0,0,0,0,1,1,0,0,0,1,1,1,0,1,1,0,0,0,0,1,0,0,0,0,0,1
2088,-1.40725616357138,0,0,1,0,0,0,0,0,1,0,0,0,0,1,1,1,0,0,0,0,0,0,0,0,0,0,0,0,0,0
2089,1.19538712865662,1,1,1,0,0,1,1,0,1,1,0,1,1,1,1,1,0,1,1,1,0,0,0,1,1,0,1,1,0,1
2090,0.432112651371845,1,1,1,0,0,1,1,0,1,1,1,1,0,1,1,1,0,0,1,1,0,0,0,1,1,0,0,1,0,1
2091,0.824330686503509,1,0,1,0,0,0,1,0,1,1,0,1,0,1,1,1,0,1,1,1,0,1,0,1,1,0,0,1,0,0
2092,-0.516824990154133,0,0,1,0,0,1,1,0,0,1,0,1,0,1,1,1,0,0,1,0,0,0,0,1,1,0,1,0,0,1
2093,-0.0479458606788191,1,0,1,0,0,1,0,0,0,1,0,1,0,1,1,0,0,1,1,0,0,0,0,1,1,0,1,0,1,1
2094,-2.04384357941136,0,0,0,0,0,0,1,0,0,0,0,1,0,1,0,0,0,0,0,0,0,0,0,0,0,0,0,0,0,0
2095,0.0205845797662698,1,0,1,0,0,0,1,0,1,1,0,0,1,1,1,1,0,1,0,0,0,0,0,1,1,0,0,1,1,1
2096,0.651122230308779,1,1,1,0,0,1,1,0,1,1,0,1,0,1,1,1,0,1,1,1,0,0,0,1,1,0,0,1,0,1
2097,0.792239341879834,1,0,1,0,0,1,1,0,1,1,0,1,0,1,1,1,1,1,1,1,0,0,0,1,1,0,1,1,0,1
2098,-0.807132238613499,0,0,0,0,0,0,0,0,0,1,0,0,0,1,1,0,0,0,1,0,0,0,0,1,1,0,0,0,0,0
2099,-0.0484928818499954,1,0,1,0,0,1,1,0,1,1,0,0,0,1,0,0,0,1,1,0,0,0,0,1,1,0,0,0,0,0
2100,-1.51174022334133,0,0,1,0,0,1,0,1,0,0,0,0,0,1,0,0,0,0,0,0,0,0,0,0,0,0,0,0,0,0
2101,1.88591867624341,1,1,1,1,1,1,1,1,1,1,1,1,1,1,1,1,1,1,1,1,1,1,1,1,1,1,1,1,1,1
2102,0.918294621660828,1,0,1,1,1,0,1,0,1,1,0,1,1,1,1,1,0,0,1,1,0,0,0,1,1,0,1,1,0,1
2103,2.43911149848297,1,1,1,1,1,1,1,1,0,1,1,1,1,1,1,1,1,0,1,1,1,1,1,1,1,0,1,1,1,1
2104,0.0504288807545846,1,0,1,0,0,0,0,0,1,1,0,1,0,1,1,1,0,1,1,1,0,0,0,1,1,0,0,1,0,1
2105,0.232711676233225,1,0,1,0,0,1,1,0,1,1,0,1,0,1,0,1,1,1,1,0,0,0,0,1,1,0,0,0,1,1
2106,-0.352812143533035,1,0,0,0,0,1,0,0,1,1,0,1,0,1,1,1,0,0,1,0,0,0,0,1,1,0,0,1,1,1
2107,-0.364118566396123,1,0,1,0,0,0,1,0,0,1,0,1,0,1,1,0,0,0,0,0,0,0,0,0,1,0,0,1,0,1
2108,0.20870374585786,1,1,0,0,0,1,1,0,1,1,0,1,1,1,1,1,1,0,0,0,0,1,0,1,1,0,0,1,0,1
2109,0.760597580407906,1,1,1,0,1,0,0,0,0,1,0,0,0,1,1,1,0,0,1,0,0,1,0,1,1,0,0,1,1,1
2110,-0.630992846030205,1,0,0,0,0,0,1,0,0,1,0,0,1,1,1,0,0,1,1,1,0,0,0,0,0,0,0,1,0,0
2111,-0.486385870799381,0,0,0,0,0,0,0,0,0,1,0,1,0,1,1,1,0,0,1,0,0,0,0,1,1,0,0,1,1,1
2112,0.0530128749792574,0,0,1,0,0,1,0,0,1,1,0,1,0,1,1,1,0,1,1,0,0,0,0,0,1,0,0,1,0,0
2113,1.91788861146048,1,1,1,1,1,1,1,0,1,1,1,1,1,1,1,1,1,1,1,1,1,1,1,1,1,1,1,0,1,1
2114,1.42238447465594,1,1,1,1,0,1,0,1,1,1,1,1,1,1,1,1,1,1,1,0,1,0,0,1,1,0,1,1,0,1
2115,1.34146311439022,1,1,1,0,1,1,1,1,1,1,0,0,1,1,1,1,1,1,1,1,1,1,0,1,1,0,1,1,1,1
2116,0.206706672851627,1,0,1,0,0,1,0,0,0,1,0,0,0,1,1,1,0,1,1,0,0,0,0,0,1,0,0,1,1,1
2117,-0.9826971348919,0,0,0,0,0,0,0,0,0,1,0,0,0,1,1,1,0,1,0,1,0,0,0,0,1,0,0,0,0,0
2118,0.807180900907883,1,0,1,0,0,0,1,0,1,1,0,1,1,1,1,1,1,1,1,0,0,0,1,1,1,0,0,1,1,1
2119,0.965011257327855,1,1,1,1,0,1,0,0,0,1,0,0,0,1,1,0,0,0,1,1,1,1,1,1,1,0,0,1,1,1
2120,0.0612647530987828,0,0,1,0,0,1,1,0,1,1,0,1,0,1,1,0,0,1,1,0,0,0,0,1,1,0,1,1,1,1
2121,-0.509708258161051,1,0,1,0,0,0,0,0,0,1,0,1,0,1,1,0,0,0,1,0,0,0,0,1,0,0,0,0,0,1
2122,-0.854386769604013,0,1,0,0,0,1,1,0,1,1,0,0,1,1,0,0,0,0,1,0,0,0,0,0,1,0,0,0,1,1
2123,-0.649450897560591,0,0,0,0,0,0,1,0,0,1,0,1,0,1,1,1,0,1,1,0,0,0,0,1,1,0,0,1,0,1
2124,1.15274812252344,1,0,1,0,1,1,0,0,1,1,1,0,1,1,1,1,1,1,1,0,0,0,0,1,1,0,1,0,1,1
2125,1.8493870157652,1,1,1,0,0,1,1,1,1,1,0,1,1,1,1,1,1,1,1,1,1,1,1,1,1,1,1,1,1,1
2126,-1.48308043684287,0,0,0,0,0,0,1,0,0,0,0,0,0,1,0,0,0,1,0,0,0,0,0,0,0,0,0,0,0,1
2127,0.998520348445173,1,1,1,0,0,1,1,0,1,1,0,1,0,1,1,1,1,1,1,1,0,0,0,0,1,0,0,1,1,0
2128,1.17791290558883,1,1,1,1,1,1,1,0,1,1,0,0,1,1,1,1,0,1,1,1,1,1,1,1,1,0,0,0,1,1
2129,-1.74595556808226,0,0,0,0,0,0,0,0,0,0,0,0,0,0,0,0,0,0,1,0,0,0,0,1,1,0,0,0,0,0
2130,-0.134637321953309,1,0,1,0,0,1,0,0,0,1,0,0,0,1,1,1,0,1,1,0,0,0,1,1,0,0,1,0,0,1
2131,0.362052830572335,1,0,1,0,0,1,0,0,0,1,0,0,0,1,1,1,0,1,1,1,0,0,0,1,1,0,0,1,1,1
2132,-0.933138301140513,1,0,0,0,0,1,1,0,0,1,0,0,0,1,1,0,0,1,1,0,0,0,0,0,0,0,0,0,0,0
2133,1.13196467825009,1,1,1,0,0,1,1,0,0,1,0,1,1,1,1,1,1,1,1,0,1,0,0,1,1,0,0,1,1,0
2134,-0.222924032195819,1,0,1,0,0,0,0,0,1,1,0,1,0,1,1,1,0,0,1,0,0,0,0,1,1,0,0,1,0,1
2135,0.126561455939645,1,1,1,0,0,1,1,0,1,1,0,0,0,1,1,1,0,0,1,1,0,0,0,0,1,0,0,1,1,1
2136,1.35817789229546,1,1,1,0,1,1,1,0,1,1,0,1,1,1,1,1,1,1,1,1,0,0,1,1,1,0,1,1,0,1
2137,-1.10273249818773,0,0,0,0,0,0,1,0,1,0,0,0,0,1,1,0,0,0,0,0,0,0,0,0,0,0,0,0,1,1
2138,-0.587823431936098,1,0,0,0,0,0,0,0,0,0,0,1,1,1,1,1,0,0,1,0,0,0,0,1,0,0,0,0,1,0
2139,1.98834198126685,1,1,1,0,1,1,1,1,1,1,1,1,1,1,1,1,1,1,1,1,0,1,1,1,1,1,1,1,1,1
2140,0.929559215439365,1,1,1,0,0,1,1,0,0,1,0,1,1,1,1,1,0,1,1,0,1,1,1,1,1,0,0,1,0,1
2141,0.220496520643658,1,0,1,0,0,1,0,0,1,1,0,0,1,1,1,0,0,1,1,0,0,0,0,1,1,0,1,1,0,1
2142,0.846274545146013,1,1,1,0,0,1,1,0,1,1,0,0,1,1,1,1,0,0,1,0,0,0,0,1,1,0,0,1,0,1
2143,-1.19423710423687,1,0,1,0,0,0,0,0,0,1,0,0,0,1,1,0,0,0,1,0,0,0,0,0,1,0,0,0,0,1
2144,-0.791849340556242,1,0,0,0,0,0,0,0,1,1,0,0,0,1,0,0,0,1,0,0,0,0,0,0,1,0,0,1,0,1
2145,0.549450874057984,1,0,1,0,0,1,1,0,1,1,0,1,0,1,1,1,0,1,1,0,0,0,0,1,1,0,0,0,0,1
2146,0.624407032927852,1,1,1,0,0,1,1,1,1,1,0,1,0,1,1,1,0,1,0,0,0,0,0,1,1,0,0,1,0,1
2147,1.1468675625889,1,1,1,1,0,1,0,0,1,1,0,1,0,0,1,1,0,1,1,1,0,1,0,1,1,0,1,1,1,1
2148,-0.940638759646993,0,0,1,0,0,0,0,0,0,1,0,0,0,1,1,1,0,1,0,0,0,0,0,1,1,0,0,0,0,1
2149,0.843078408468075,1,1,1,0,0,1,1,1,0,1,1,1,0,1,1,1,0,1,1,1,0,1,1,1,1,0,0,1,0,1
2150,-0.566013359809235,0,0,0,0,0,1,1,0,1,1,0,0,0,1,1,0,0,1,0,0,0,0,0,1,1,0,0,0,0,1
2151,1.49776574794254,1,1,1,0,0,1,1,1,1,1,1,1,1,1,1,1,1,1,1,1,0,0,1,1,1,1,0,1,1,1
2152,0.665625925785436,1,0,1,0,0,0,1,0,1,1,0,0,1,1,1,1,0,1,1,1,0,0,1,1,1,0,0,1,1,1
2153,-1.04867496935275,0,0,0,1,0,0,0,0,0,1,0,1,0,1,1,1,0,0,1,0,0,0,0,1,0,0,0,1,0,0
2154,0.3671800486626,1,1,1,0,1,1,0,0,0,1,0,0,0,1,1,1,0,1,1,1,0,0,0,1,1,0,0,1,1,1
2155,-0.311411744185409,1,1,1,0,0,0,0,0,1,1,0,1,0,1,1,1,0,1,1,1,0,0,0,0,1,0,0,1,0,1
2156,-0.52005348098268,1,0,1,0,0,1,1,0,1,1,0,0,0,1,1,1,0,0,1,0,0,0,0,0,0,0,0,1,0,1
2157,-0.420334855920014,1,0,1,0,0,1,1,0,1,1,0,0,0,1,1,0,0,0,0,1,0,0,0,1,0,0,1,0,0,1
2158,-2.00721321818709,0,0,0,0,0,0,0,0,0,0,0,0,0,0,0,0,0,0,0,0,0,0,0,0,0,0,0,0,0,0
2159,0.529034302009125,1,0,1,0,0,1,0,0,1,1,0,1,0,1,1,1,0,1,1,0,0,0,1,1,1,0,0,1,0,1
2160,-1.32909717420133,0,0,0,0,0,0,0,0,1,1,0,1,0,1,0,1,0,0,0,0,0,0,0,0,0,0,0,0,0,1
2161,-1.37445426817569,0,0,0,0,0,0,0,0,0,1,0,0,0,1,0,1,0,1,0,0,0,0,0,0,0,0,0,0,0,0
2162,0.137823861245043,1,0,1,0,0,1,1,0,0,1,0,1,0,1,1,1,0,1,0,1,0,0,0,1,1,0,1,1,0,1
2163,0.565915100449634,1,0,1,0,0,1,0,0,1,1,0,1,1,1,1,1,0,0,1,0,0,1,1,1,1,0,0,1,1,1
2164,-1.75791730028782,0,0,0,0,0,0,0,0,0,1,0,0,0,1,0,0,0,0,0,0,0,0,0,1,0,0,0,0,0,0
2165,0.110637697588736,1,0,1,0,0,1,0,0,0,1,0,0,0,1,1,0,0,1,1,0,0,0,1,1,1,0,0,1,0,1
2166,2.25446128162376,1,1,1,1,1,1,1,1,0,1,1,0,0,1,1,1,1,1,1,0,0,1,1,1,1,1,1,1,1,1
2167,-0.243924474932256,1,1,0,0,0,0,0,0,1,0,0,0,0,1,1,1,0,1,1,0,0,0,0,1,1,0,0,1,1,1
2168,0.936995212281667,1,1,1,1,0,1,0,0,1,1,0,1,0,1,1,1,0,1,1,0,0,0,0,1,1,0,1,1,0,1
2169,0.00973533717468126,1,1,0,0,0,0,0,0,0,1,0,0,0,1,1,1,0,0,1,0,0,0,0,1,1,0,0,1,0,1
2170,-1.77686383190851,0,0,0,0,0,0,1,0,0,0,0,0,0,1,0,0,0,0,0,0,0,0,0,0,0,0,0,1,0,0
2171,1.81110779568465,1,0,1,0,1,1,1,1,1,1,0,1,1,1,1,1,1,1,1,1,0,1,1,1,1,1,0,1,1,1
2172,2.00991063344785,1,1,1,1,1,1,1,1,1,1,0,1,1,1,1,1,1,1,1,1,1,0,1,1,1,0,0,1,1,1
2173,-0.176537733846961,1,0,1,0,0,0,1,0,0,1,0,0,0,1,1,1,0,0,1,0,0,0,0,1,1,0,0,0,0,0
2174,-0.115971370730032,1,0,0,0,0,1,0,0,1,1,0,0,0,1,1,1,0,0,1,0,0,0,0,1,1,0,0,1,0,1
2175,-1.45898613294809,0,0,1,0,0,1,0,0,0,0,0,0,0,1,0,0,0,0,0,1,0,0,0,1,0,0,0,1,0,1
2176,-1.21538937648084,0,0,1,0,0,0,0,0,0,1,0,0,0,1,0,1,0,0,0,0,0,0,0,1,1,0,0,1,0,0
2177,-1.25059193201117,0,1,1,0,0,0,0,0,1,1,0,0,0,1,1,0,0,1,1,0,0,0,0,0,0,0,0,0,0,0
2178,-2.31703598706145,1,0,0,0,0,0,0,0,0,0,0,0,0,1,0,0,0,0,0,0,0,0,0,0,0,0,0,1,0,0
2179,-0.586444023964113,1,0,1,0,0,1,0,0,1,1,0,0,0,1,1,1,0,1,1,0,0,0,0,0,1,0,0,0,0,1
2180,0.657394215422006,1,1,1,0,0,0,0,0,0,1,0,0,0,1,1,1,0,1,1,0,0,0,0,1,1,0,0,1,0,1
2181,0.750378529950508,1,1,1,1,0,1,1,0,1,1,0,0,1,1,1,1,1,1,1,1,0,0,0,1,1,0,0,1,0,0
2182,0.486066922198972,1,1,1,0,0,1,0,0,1,1,0,0,1,1,1,1,0,1,0,0,0,0,0,1,1,0,0,1,0,1
2183,-1.93224855964397,1,0,0,0,0,0,0,0,0,0,0,0,0,0,0,0,0,0,0,0,0,0,0,0,0,0,0,0,0,0
2184,-0.458532438272467,1,0,1,0,0,0,1,0,0,1,0,0,0,1,1,0,0,0,1,0,0,0,0,1,1,0,0,0,0,1
2185,-0.17626896703634,1,1,1,0,0,1,1,0,1,1,0,1,0,1,0,0,0,0,1,0,0,1,0,1,1,0,0,0,0,1
2186,-1.01291868793029,0,0,0,0,0,0,1,0,0,1,0,1,0,1,1,0,0,0,1,0,0,0,0,0,0,0,0,1,0,0
2187,-0.176748136721547,1,0,1,0,0,0,1,0,1,1,0,1,1,1,1,0,0,1,1,0,0,1,0,1,1,0,0,1,0,1
2188,-0.317254174301947,1,0,1,0,0,0,1,0,1,1,0,0,0,1,1,1,0,1,1,0,0,0,0,1,1,0,0,0,0,1
2189,1.29047517527231,1,0,1,0,0,0,1,1,1,1,0,1,1,1,1,1,0,1,1,1,1,1,1,1,1,0,0,1,1,1
2190,2.06794241635905,1,1,1,1,1,1,1,1,1,1,1,1,0,1,1,1,1,1,1,1,1,1,1,1,1,1,1,1,1,1
2191,-0.046200466068838,1,0,1,0,0,1,1,0,0,1,0,0,0,1,1,0,0,0,1,0,0,0,0,1,1,0,0,1,0,1
2192,-0.0767643136945427,1,0,1,0,0,1,0,0,1,1,0,1,0,1,1,0,0,1,1,0,0,0,0,0,1,0,0,1,1,1
2193,0.265717183013803,1,1,1,0,0,1,1,0,0,1,1,1,0,1,1,1,0,1,1,0,0,0,0,0,1,0,1,0,1,1
2194,2.10725789609883,1,1,1,1,1,1,1,1,1,1,1,1,1,1,1,1,1,0,1,1,0,1,1,1,1,0,1,1,1,1
2195,2.04484758142487,1,1,1,1,1,1,1,1,1,1,1,1,1,1,1,1,0,1,1,1,1,1,1,1,1,0,1,1,1,1
2196,-0.163716845958459,1,0,1,0,0,1,1,0,1,1,0,1,0,1,1,1,0,0,1,0,0,0,0,1,1,0,0,1,0,1
2197,-0.820659506636262,0,0,1,0,0,1,0,0,0,0,0,0,0,1,1,1,0,1,0,0,0,0,0,1,0,0,0,1,0,0
2198,-0.490717744614309,1,0,1,0,0,1,1,0,0,1,0,1,0,1,1,1,0,0,1,0,0,0,0,1,1,0,0,1,0,0
2199,-1.78722479466956,1,0,1,0,0,0,0,0,0,1,0,0,0,1,0,0,0,0,0,0,0,0,0,0,0,0,0,0,0,0
2200,0.249503235330998,1,0,1,0,0,1,1,0,0,1,0,1,0,1,1,1,0,1,1,0,0,0,0,1,1,0,0,1,0,1
2201,0.859125233625172,1,1,1,0,0,0,1,1,1,1,0,0,1,1,1,1,0,1,1,0,1,1,0,1,1,0,0,1,1,0
2202,0.773259706717505,1,0,1,0,0,0,1,0,1,1,0,0,1,1,1,1,1,1,1,0,0,0,1,1,1,0,1,1,0,0
2203,-0.511532778684172,1,0,1,0,0,1,1,0,0,1,0,1,0,1,1,1,0,1,1,0,0,0,0,1,1,0,0,1,0,0
2204,-0.876983844445498,1,0,0,0,0,1,0,0,1,1,0,0,0,1,0,1,0,0,1,0,0,0,0,0,1,0,0,1,1,1
2205,-0.411956458972119,1,0,0,0,0,1,1,0,0,1,0,0,1,1,1,0,0,1,1,0,0,0,0,1,1,0,0,1,0,1
2206,-0.169450636109354,0,0,1,0,0,1,0,0,1,1,0,0,0,1,1,1,0,1,1,0,0,0,0,1,1,0,0,1,1,1
2207,0.6893077662922,1,1,1,0,0,1,0,0,1,1,0,0,1,1,1,1,0,0,1,0,0,0,0,1,1,0,0,0,1,1
2208,-0.232880232329255,0,1,1,0,0,0,0,0,1,1,0,0,0,1,1,0,0,1,1,0,0,0,0,0,1,0,0,0,0,1
2209,1.38174611750025,1,1,1,0,0,1,1,0,1,1,1,0,1,1,1,1,1,0,1,1,0,1,0,1,1,0,0,1,1,1
2210,-1.0607523290118,1,0,0,0,0,0,0,0,0,1,0,0,0,1,1,0,0,0,1,0,0,0,0,0,1,0,0,1,0,0
2211,-1.24009900708861,1,0,1,0,0,1,0,0,0,1,0,1,0,1,1,1,0,0,0,0,0,0,0,0,0,0,0,1,0,1
2212,0.957930503759817,1,1,1,0,0,1,0,0,0,1,0,1,0,1,1,1,0,1,1,0,0,1,1,1,1,0,0,1,0,1
2213,-0.406656390514898,1,0,0,0,0,1,0,0,1,1,0,0,0,1,1,1,0,1,1,0,0,0,0,1,1,0,0,0,0,1
2214,-0.163716284628886,1,0,1,0,0,1,1,0,1,1,0,0,0,1,1,1,0,0,1,0,0,0,0,1,1,0,0,0,0,1
2215,-0.896594749624114,1,0,0,0,0,1,0,0,1,1,0,0,0,1,1,1,0,1,0,0,0,0,0,0,1,0,0,1,0,1
2216,0.0512443060789223,1,1,1,0,0,1,0,0,1,1,0,1,1,1,1,0,0,0,1,1,0,0,0,0,1,0,0,1,1,1
2217,-0.083000539202529,1,0,1,0,0,1,0,0,0,1,0,0,0,1,1,1,0,0,1,1,0,0,1,1,1,0,0,1,1,1
2218,0.854498125626131,1,1,1,1,0,1,0,0,1,1,0,1,1,1,1,1,1,1,1,1,0,1,0,1,1,0,0,1,1,1
2219,1.22146143241685,1,1,1,0,0,1,1,0,1,1,0,0,1,1,1,1,0,0,1,0,0,0,1,1,1,0,0,1,0,1
2220,0.0118173729056879,1,0,0,0,0,1,1,0,0,1,0,1,0,1,1,1,0,1,1,0,0,0,0,1,1,0,0,1,0,1
2221,1.72301599022823,1,1,1,0,0,1,1,0,1,1,1,1,1,1,1,1,1,1,1,1,0,0,1,1,1,0,0,1,1,1
2222,-0.257007113061675,1,1,1,0,0,1,1,0,1,1,0,0,0,1,1,0,0,0,1,0,0,0,0,1,1,0,0,0,0,1
2223,-1.52851430781195,0,0,1,0,0,0,0,0,0,0,0,1,0,1,1,0,0,0,1,0,0,0,0,0,1,0,0,0,0,1
2224,0.177036653639093,1,0,1,0,0,0,1,0,0,1,0,1,1,1,1,0,0,0,1,1,0,0,0,0,1,0,1,0,1,1
2225,-2.02485785726435,0,0,1,0,0,0,0,0,0,0,0,0,0,0,0,0,0,0,0,0,0,0,0,0,1,0,0,0,0,1
2226,0.470668716569892,1,0,1,0,0,1,1,0,1,1,0,1,0,1,1,1,0,0,1,0,0,1,0,1,1,0,0,0,1,1
2227,-0.559628207485548,1,0,0,0,0,1,0,0,1,1,0,0,1,1,1,1,0,1,0,0,0,0,0,1,1,0,0,1,0,1
2228,0.653967787291976,1,1,1,0,0,1,1,0,1,1,0,1,0,1,1,1,0,1,1,0,1,0,0,1,1,0,1,1,0,1
2229,1.37995553765507,1,0,1,0,0,1,1,0,1,1,0,1,1,1,1,1,0,1,1,1,1,0,0,1,1,1,0,0,0,1
2230,0.201876964740788,1,0,1,0,0,0,1,0,1,1,0,0,1,1,1,1,0,1,1,0,0,0,0,1,1,0,0,0,1,1
2231,-1.73547463941737,0,0,1,0,0,0,0,0,1,0,0,0,0,1,1,0,0,0,0,0,0,0,0,1,0,0,0,0,0,0
2232,0.434587563461817,1,1,1,0,0,0,1,1,1,1,1,0,1,1,1,1,0,1,1,1,0,0,0,0,1,0,0,0,1,1
2233,0.703860511975611,1,0,1,0,1,1,0,0,1,1,0,0,1,1,1,1,0,1,1,0,0,0,0,1,1,0,1,1,0,1
2234,-1.59961826987044,0,0,1,0,0,1,0,0,1,0,0,1,0,0,0,0,0,1,1,0,0,0,0,0,0,0,0,0,0,0
2235,-0.631698099281205,1,1,1,0,0,0,1,0,1,1,0,0,0,1,1,1,0,1,1,0,0,0,0,1,1,0,0,1,0,0
2236,0.271002058129286,1,0,1,0,0,1,1,0,1,1,0,1,0,1,1,1,0,1,1,1,0,0,0,1,1,0,0,1,1,1
2237,0.939488549789397,1,1,1,0,0,0,1,0,1,1,0,0,0,1,1,1,0,1,1,0,0,0,0,1,1,0,1,1,1,1
2238,-1.02968185453393,1,0,0,0,0,0,1,0,0,1,0,0,0,1,0,0,0,1,1,0,0,0,0,0,1,0,0,0,0,1
2239,0.618446014050904,1,0,1,0,0,1,1,0,0,1,1,1,0,1,1,1,0,0,1,0,0,0,1,1,1,0,0,1,1,1
2240,-0.688945757167339,0,0,1,0,0,0,1,0,0,1,0,0,0,1,1,1,0,0,1,1,0,0,0,1,1,0,0,0,0,0
2241,1.60104330276575,1,1,1,0,1,1,1,0,1,1,1,0,1,1,1,1,1,1,1,1,0,1,1,1,1,1,0,1,1,1
2242,0.16957631507568,1,0,0,0,0,1,0,0,1,1,0,1,0,1,1,1,0,1,1,0,0,0,0,1,1,0,0,1,0,1
2243,1.42297492978871,1,1,1,0,0,1,1,1,1,1,0,1,0,1,1,1,0,1,1,1,0,0,1,1,1,1,1,1,1,1
2244,-1.96931220062504,0,0,1,0,0,0,0,0,1,0,0,0,0,1,1,0,0,0,0,0,0,0,0,0,0,0,0,0,0,0
2245,0.505181378032561,1,0,1,0,0,1,1,1,0,1,1,1,1,1,1,1,0,1,1,1,0,0,0,1,1,0,0,1,1,1
2246,0.737161736758204,1,1,1,0,0,1,1,0,1,1,0,1,1,1,1,1,0,0,1,0,0,1,0,1,1,0,1,1,0,1
2247,1.22032200104669,1,1,1,1,0,1,1,1,1,1,0,1,0,1,1,1,1,1,1,1,0,1,1,1,1,0,1,1,0,1
2248,-0.126489118617971,0,0,1,0,0,0,0,0,0,1,0,1,0,1,1,1,0,1,1,1,0,0,0,1,1,0,0,1,1,1
2249,1.1623481740819,1,0,1,0,0,1,1,0,1,1,0,1,1,1,1,1,0,1,1,0,0,1,0,1,1,0,0,1,1,0
2250,-1.10674758647568,1,0,1,0,0,0,0,0,0,1,0,0,0,1,0,0,0,1,0,0,0,0,0,0,1,0,0,1,0,0
2251,-1.82693880635519,0,0,1,0,0,0,0,0,1,0,0,0,0,1,1,0,0,0,0,0,0,0,0,0,0,0,0,1,0,0
2252,-0.195280368891656,1,0,1,0,0,1,0,0,1,1,0,0,0,1,1,1,0,0,1,1,0,0,0,1,1,0,0,1,0,1
2253,-0.936099208006794,1,0,0,0,0,0,0,0,1,1,0,0,0,1,1,0,0,0,1,0,0,0,0,0,0,0,0,0,0,1
2254,0.68587684346799,0,0,1,0,0,1,1,1,1,1,0,1,1,1,1,1,0,1,1,1,0,0,0,1,1,0,1,1,1,1
2255,0.380452795484149,1,0,0,0,0,0,1,0,1,1,0,0,1,1,1,1,0,0,1,1,0,0,0,1,1,0,0,1,0,1
2256,-0.978758404385863,0,0,0,0,0,1,1,0,1,1,0,0,1,1,1,0,0,0,1,0,0,0,0,1,0,0,0,0,0,1
2257,-0.742296723042481,0,0,1,0,0,0,0,0,0,1,0,1,0,1,1,0,0,0,1,0,0,0,0,0,1,0,0,0,0,1
2258,-0.0485271601467046,0,1,1,0,0,1,1,0,1,1,0,0,1,1,1,1,0,0,1,0,0,0,0,1,1,0,0,1,0,1
2259,-1.33396733750474,0,1,1,0,0,0,0,0,0,1,0,0,0,1,1,0,0,0,1,0,0,0,0,0,0,0,0,0,0,0
2260,-0.437648970270214,1,0,1,0,0,0,0,0,0,1,0,1,0,1,1,0,0,0,1,0,0,0,0,0,0,0,0,1,0,1
2261,0.692608367756036,1,1,0,0,0,1,0,0,1,1,0,1,1,1,1,1,1,0,1,0,0,0,0,0,1,0,1,0,0,1
2262,0.206854305898852,1,0,1,0,0,1,0,0,0,1,0,1,0,1,1,1,0,1,1,0,0,0,0,1,1,0,0,1,0,1
2263,0.900348380885026,1,0,1,0,0,1,1,0,1,1,0,1,1,1,1,1,0,1,1,0,0,1,0,1,1,0,0,0,1,1
2264,-0.709156633801363,1,1,1,0,0,1,1,0,1,1,0,0,0,1,0,0,0,0,0,0,0,0,0,1,1,0,0,0,0,0
2265,-1.35808432283037,0,0,1,0,0,1,0,0,0,1,0,0,1,1,0,0,0,0,0,0,0,0,0,1,0,0,0,0,0,0
2266,-1.12246169341726,0,0,1,0,0,1,0,0,1,1,0,1,0,1,0,0,0,0,0,0,0,0,0,1,1,0,0,1,0,0
2267,-1.20633132676626,0,0,0,0,0,0,0,0,1,1,0,0,0,1,1,1,0,0,1,0,0,0,0,1,0,0,0,1,0,1
2268,1.80250007658355,1,1,1,1,0,1,1,1,1,1,1,1,1,1,1,1,1,1,0,1,0,1,1,1,1,0,1,1,0,1
2269,-1.58853878331753,0,0,0,0,0,1,0,0,0,1,0,1,0,0,0,1,0,0,0,0,0,0,0,0,1,0,0,0,0,0
2270,1.10390008778199,1,1,1,0,0,1,1,0,1,1,0,0,1,1,1,1,1,1,0,1,0,0,1,1,1,0,0,1,1,1
2271,-0.665825197499899,1,0,1,0,0,0,0,0,0,1,0,0,0,1,1,1,0,0,1,0,0,0,0,1,1,0,0,1,0,0
2272,0.683606997976554,1,0,1,0,0,1,0,0,1,1,0,1,1,1,1,1,0,0,1,1,0,0,0,1,1,0,0,1,0,1
2273,-1.44420357606903,0,0,1,0,0,0,0,0,0,0,0,0,0,1,0,0,0,0,0,1,0,0,0,1,0,0,0,0,0,0
2274,0.304121795972878,1,0,1,0,0,1,1,0,0,1,0,0,0,1,1,1,0,0,0,0,0,0,0,1,1,0,0,1,1,1
2275,0.331356572594336,1,0,1,0,0,0,0,0,1,1,0,0,0,1,1,1,0,0,1,1,0,0,0,1,1,0,1,1,0,1
2276,0.163959449957618,1,0,1,0,0,1,1,0,1,1,0,0,0,1,1,1,0,1,1,0,0,0,0,1,1,0,0,1,0,1
2277,-0.295289178962721,1,0,1,0,0,1,0,0,1,1,0,1,0,1,1,1,0,0,1,0,0,1,0,1,1,0,0,1,0,1
2278,-0.134467032208792,1,0,1,0,0,0,1,0,1,1,0,0,1,1,1,0,0,1,0,0,0,0,0,1,1,0,0,0,0,1
2279,1.12398933905838,1,1,1,0,0,1,1,0,1,1,0,1,1,1,1,1,0,0,1,1,0,0,1,1,1,0,0,1,1,1
2280,-2.22982980560063,0,0,0,0,0,0,0,0,0,0,0,0,0,0,1,0,0,1,0,1,0,0,0,0,0,0,0,0,0,0
2281,-0.920864276397317,0,0,0,0,0,0,0,0,0,1,0,0,0,1,1,1,0,1,0,0,0,0,0,1,1,0,0,1,0,0
2282,-1.98583051190163,0,0,0,0,0,0,0,0,0,1,0,0,0,1,0,0,0,0,0,0,0,0,0,0,0,0,0,0,0,1
2283,0.828174302754001,1,1,1,0,0,1,1,1,1,1,1,0,0,1,1,1,0,1,1,0,0,0,0,1,1,0,0,1,0,1
2284,1.58302323761855,1,1,1,1,0,1,1,0,1,1,1,1,0,1,1,1,1,1,1,0,0,1,1,1,1,0,1,1,1,1
2285,-0.00472194034826094,1,0,1,0,0,0,1,0,1,1,0,0,0,1,1,1,0,1,1,0,0,0,0,1,1,0,0,1,0,1
2286,-0.025582530525151,1,0,1,0,0,0,1,0,0,1,0,0,1,1,1,1,0,1,1,0,0,0,0,1,1,0,0,0,0,1
2287,0.933270716461668,1,1,1,0,0,1,1,1,1,1,0,1,1,1,1,1,0,1,1,1,0,1,0,1,1,1,0,0,1,1
2288,1.75847552232338,1,1,1,1,1,1,1,1,1,1,1,1,1,1,1,1,1,1,1,1,1,1,0,1,1,1,0,1,0,1
2289,-1.33886750333904,1,0,0,0,0,0,0,0,1,1,0,0,0,1,0,1,0,0,0,0,0,0,0,0,0,0,0,0,0,1
2290,0.706984879528462,1,0,1,0,0,1,1,0,1,1,0,0,1,1,1,1,0,0,1,0,0,1,0,1,1,0,0,1,0,1
2291,0.660011639404294,1,1,1,0,0,1,1,0,1,1,0,0,1,1,1,1,0,1,1,0,0,0,0,1,1,0,0,1,1,0
2292,-1.88422921956557,0,0,0,0,0,1,0,0,0,0,0,0,0,1,0,0,0,1,0,0,0,0,0,0,0,0,0,0,0,0
2293,-0.163753102796268,1,0,1,0,0,1,1,0,1,1,0,1,0,1,1,0,0,1,1,0,0,0,0,1,1,0,0,1,0,0
2294,-0.665332824639772,1,0,1,0,0,0,0,0,0,1,0,0,0,1,1,0,0,1,1,0,0,0,0,1,1,0,0,1,0,1
2295,-0.478865228635249,1,0,0,0,0,1,0,0,0,1,0,1,0,1,1,1,0,1,0,0,0,0,0,1,1,0,0,1,0,1
2296,0.618643517392563,1,1,1,0,1,1,1,0,1,1,0,1,1,1,1,1,0,0,0,1,0,1,0,1,1,0,0,1,1,1
2297,-0.709521174883662,1,0,0,0,0,1,1,0,0,1,0,0,0,1,1,1,0,1,1,0,0,0,0,1,1,0,0,0,1,1
2298,0.715062627974714,1,1,1,1,0,1,0,1,1,1,0,1,0,1,1,1,0,1,1,1,0,0,0,1,1,0,0,1,1,1
2299,-0.730026717527266,0,0,1,0,0,0,0,0,0,1,0,0,0,1,1,0,0,1,1,0,0,0,0,1,1,0,0,0,0,0
2300,-0.520618978719765,1,1,1,0,0,1,1,0,0,1,0,0,0,1,0,1,1,0,1,0,0,0,0,1,1,0,0,0,0,1
2301,-1.15797147885391,1,0,0,0,0,0,1,0,0,0,0,0,0,1,1,0,0,1,0,0,0,0,0,0,0,0,0,0,0,1
2302,0.568010189376853,1,0,1,0,0,1,1,0,1,1,0,1,1,1,1,1,0,1,1,1,0,0,0,1,1,0,1,0,1,1
2303,1.78754065969727,1,0,1,1,0,1,1,1,1,1,1,1,1,1,1,1,0,1,1,1,1,0,1,1,1,0,1,1,1,1
2304,-0.571166881412034,0,1,1,0,0,0,0,0,1,1,0,0,0,1,1,1,0,1,1,0,0,0,0,1,1,0,0,0,0,0
2305,-0.586875688780544,1,0,1,0,0,1,0,0,0,1,0,0,0,1,0,1,0,1,1,0,0,0,0,1,1,0,0,0,0,0
2306,0.348315226855499,1,0,1,0,0,1,1,0,1,1,0,0,0,1,1,1,0,1,1,1,1,0,0,0,1,0,0,1,0,1
2307,1.10777686633125,1,1,1,1,0,0,1,1,1,1,1,0,1,1,1,1,1,1,1,1,1,1,1,1,1,0,1,1,1,1
2308,0.93671520846018,1,0,1,0,1,1,1,0,1,1,0,0,0,1,1,0,0,1,1,0,1,0,0,1,1,0,1,1,1,1
2309,-0.108795101480069,1,0,0,0,0,1,0,0,0,1,0,0,1,1,1,1,0,1,1,0,0,0,0,0,0,0,0,1,1,1
2310,-1.16870271886813,0,0,1,0,0,1,0,0,0,1,0,0,0,1,0,1,0,0,0,0,0,0,0,1,0,0,0,0,0,1
2311,0.304077453909309,1,0,0,0,0,1,1,0,1,1,0,1,0,1,1,1,0,1,1,0,0,0,0,1,1,0,0,1,0,1
2312,-1.39985607754754,1,0,0,0,0,0,0,0,0,0,0,0,1,1,1,0,0,0,1,0,0,0,0,0,1,0,0,0,0,1
2313,0.241978954697436,1,0,1,0,0,0,1,0,1,1,0,0,0,1,1,1,0,0,1,1,0,0,1,1,1,0,0,1,1,1
2314,-0.209369142914257,1,0,1,0,0,1,1,0,1,1,0,0,0,1,1,0,0,0,1,0,0,0,0,1,1,0,0,0,1,1
2315,-1.12002165483466,0,0,0,0,0,1,0,0,1,1,0,0,0,1,1,0,0,0,1,0,0,0,0,1,0,0,0,1,0,0
2316,0.982404458808009,1,1,1,0,0,1,0,1,1,1,0,1,0,1,1,1,1,1,1,0,0,0,0,1,1,0,0,1,1,1
2317,-0.339095473849426,0,0,1,0,0,0,0,0,0,1,0,0,0,1,1,1,0,1,1,1,0,0,0,1,0,0,0,0,0,1
2318,0.679997489598072,1,1,1,0,0,1,1,0,1,1,0,0,1,1,1,1,0,1,1,0,0,0,1,1,1,0,0,1,1,1
2319,0.491094081589877,1,1,1,1,1,1,1,0,1,1,0,1,0,1,1,1,0,1,1,0,0,0,0,1,1,0,1,0,1,0
2320,1.47291556888588,1,1,1,1,0,1,1,0,1,1,0,1,1,1,1,1,0,1,1,1,0,1,1,1,1,1,1,1,1,1
2321,-0.799097799471084,1,0,1,0,0,1,0,0,1,1,0,1,0,1,0,0,0,1,1,0,0,0,0,1,1,0,0,1,0,1
2322,0.0371393485767045,1,0,1,0,0,0,0,0,1,1,0,0,0,1,1,0,0,0,1,0,0,0,0,1,1,0,0,0,0,1
2323,-0.134090268474415,1,0,1,0,0,1,1,0,0,1,0,1,0,1,1,1,0,1,1,1,0,0,1,0,1,0,1,1,0,1
2324,0.103275908495225,1,0,1,0,0,1,1,0,0,1,0,0,0,1,1,1,0,1,1,0,0,0,0,1,1,0,0,1,1,1
2325,1.45160170884676,1,0,1,1,1,1,1,1,1,1,0,1,1,1,1,1,0,0,1,1,0,0,1,1,1,0,1,1,0,1
2326,-1.08484499710162,0,0,0,0,0,0,0,0,0,1,0,0,1,1,1,0,0,0,0,0,0,0,0,0,1,0,0,0,0,0
2327,0.904934848863816,1,1,1,0,0,1,1,0,1,1,0,1,1,1,1,1,0,1,1,1,0,0,0,1,1,0,1,1,0,1
2328,0.562844154261681,0,0,1,0,0,1,1,0,1,1,0,0,1,1,1,1,0,1,1,1,0,0,0,1,1,0,1,1,0,1
2329,-1.08549367770118,1,0,0,0,0,0,0,0,1,0,0,0,1,1,1,0,0,1,0,1,0,0,0,0,0,0,0,0,0,0
2330,0.78885007171635,1,1,1,0,0,1,1,0,1,1,0,0,1,1,1,1,0,1,1,0,1,0,0,1,1,0,0,1,1,1
2331,0.873552483006081,1,1,1,0,0,1,0,0,1,1,0,1,1,1,1,1,0,0,1,1,0,0,0,1,1,0,0,0,1,1
2332,-1.03709303672211,0,0,1,0,0,0,0,0,1,0,0,0,0,1,1,1,0,0,0,0,0,0,0,1,1,0,0,0,0,1
2333,0.184982285156415,1,0,1,0,0,1,1,0,1,1,0,0,1,1,1,1,0,0,1,0,1,0,0,1,1,0,0,1,0,1
2334,0.216093208928245,1,0,1,0,0,1,1,0,0,1,0,0,0,1,1,1,0,1,1,1,0,0,0,1,1,0,0,1,1,1
2335,1.73825410507887,1,1,1,0,1,1,1,1,1,1,1,1,1,1,1,1,1,1,1,1,0,1,1,1,1,0,1,1,1,1
2336,-1.27314697261423,0,0,0,0,0,1,0,0,0,0,0,0,0,1,1,0,0,1,0,0,0,0,0,1,0,0,0,0,0,1
2337,-0.501593604477039,1,0,0,0,0,1,1,0,0,1,0,0,0,1,1,1,0,1,1,0,0,0,0,0,1,0,0,1,1,1
2338,-1.02925834762997,1,0,1,0,0,0,0,0,0,1,0,0,0,1,1,1,0,0,1,0,0,0,0,1,0,0,1,0,1,1
2339,-1.02594272157039,1,0,1,0,0,0,1,0,1,1,0,1,0,1,1,0,0,0,0,0,0,0,0,0,1,0,0,0,1,1
2340,0.333073187916796,1,0,1,0,0,1,0,0,1,1,0,0,0,1,1,1,0,0,1,1,0,0,0,1,1,0,0,1,0,1
2341,-0.54997058609583,1,0,1,0,0,0,0,0,1,1,0,0,0,1,1,0,0,0,1,0,0,0,0,1,0,0,0,0,0,1
2342,0.973273272729561,1,1,1,1,0,0,1,0,1,1,1,1,1,1,1,1,1,1,1,1,0,0,0,1,1,0,0,1,1,1
2343,0.0113628064765512,1,0,1,0,0,1,0,0,1,1,0,0,0,1,1,1,0,0,1,0,0,0,0,1,1,0,0,1,1,1
2344,0.522280325071689,1,1,0,0,0,1,1,0,1,1,0,1,1,1,1,1,0,0,1,0,0,0,0,1,1,0,0,1,1,1
2345,-1.65136841522085,0,0,0,0,0,0,0,0,0,0,0,0,0,0,1,0,0,0,0,0,0,0,0,0,0,0,0,0,0,0
2346,0.573464679773,1,0,1,0,0,0,1,0,1,1,0,1,1,1,1,1,0,1,1,1,0,0,1,1,1,0,0,0,0,1
2347,-0.263009505233109,1,0,0,0,0,1,0,0,0,1,0,1,0,1,1,1,0,0,1,0,0,0,0,1,1,0,0,1,0,1
2348,-0.587512476200987,1,0,1,0,0,0,1,0,1,1,0,1,0,1,1,1,0,0,1,0,0,0,0,1,1,0,0,1,0,1
2349,0.672397741513343,1,1,1,0,0,0,1,0,0,1,0,1,0,1,1,1,1,1,1,1,0,0,0,0,1,0,1,1,0,1
2350,-0.771336747258287,1,1,0,0,0,0,1,0,1,1,0,1,0,1,1,0,0,0,1,0,0,0,0,0,1,0,0,1,0,1
2351,-1.77709632923808,0,0,0,0,0,0,0,0,0,0,0,0,0,1,1,0,0,1,0,0,0,0,0,0,1,0,0,0,0,0
2352,1.23420660241396,1,1,1,0,0,1,1,1,1,1,0,1,1,1,1,1,0,1,1,0,0,0,1,1,1,0,1,1,1,1
2353,-0.113010808008381,1,1,1,0,0,1,0,0,0,1,0,0,0,1,1,1,0,1,1,1,0,0,0,1,1,0,0,0,0,1
2354,-0.463840891568773,1,0,0,0,0,1,1,0,0,1,0,0,0,1,1,1,0,0,0,0,0,0,0,1,0,0,0,1,0,1
2355,1.13173101277567,1,1,1,0,0,0,1,0,1,1,0,1,0,1,1,1,0,1,1,0,0,0,0,1,1,0,0,1,1,1
2356,-0.332862889827122,1,1,1,0,0,0,1,0,1,0,0,0,0,1,1,1,0,0,1,0,0,0,0,1,1,0,0,1,1,1
2357,-1.72459546848012,0,0,1,0,0,0,0,0,0,0,0,0,0,1,0,0,0,0,0,0,0,0,0,1,0,0,0,1,0,1
2358,-0.729551628791238,1,0,0,0,0,1,0,0,0,1,0,0,0,1,1,1,0,1,1,1,0,0,0,0,1,0,0,0,1,0
2359,-0.427254406332783,1,1,1,0,0,0,0,0,1,1,0,1,0,1,1,1,0,0,1,0,0,0,0,0,0,0,0,0,0,1
2360,-2.31865229192161,0,0,0,0,0,0,0,0,0,0,0,0,0,0,0,0,0,1,0,0,0,0,0,0,0,0,0,0,0,0
2361,0.54739962374602,1,0,1,0,0,1,1,0,1,1,1,0,0,1,1,1,0,1,1,1,0,0,0,1,1,0,0,1,1,1
2362,0.555413464916052,1,0,1,0,1,1,0,0,1,0,0,1,1,1,1,1,0,1,1,1,0,0,1,1,1,0,0,1,1,1
2363,-0.362584166428361,0,0,1,0,0,0,1,0,0,1,0,1,0,1,1,0,0,1,1,0,0,0,0,0,1,0,0,0,0,1
2364,0.133885332786083,1,0,1,0,1,1,0,0,0,1,0,0,1,1,1,1,0,1,1,0,0,0,0,1,1,0,1,1,0,1
2365,0.889996506759866,1,1,1,0,0,1,1,0,1,1,0,1,1,1,1,1,0,1,1,0,0,0,1,1,1,0,1,1,1,1
2366,1.1244428354465,1,1,1,0,0,1,1,0,1,1,0,0,1,1,1,1,0,1,1,1,0,0,0,1,1,0,0,1,1,1
2367,0.131448791230832,1,1,1,0,0,1,1,0,1,1,0,0,0,1,1,1,0,0,1,1,1,0,0,1,1,0,0,1,1,1
2368,0.188061734935703,1,0,1,0,0,0,1,0,1,1,0,1,0,1,1,1,0,0,1,1,0,0,0,0,1,0,0,1,0,1
2369,-1.3928144652175,1,0,0,0,0,0,0,0,0,1,0,0,0,0,0,0,0,0,0,0,0,0,0,0,0,0,0,0,0,0
2370,-1.61931298549196,1,0,0,0,0,0,0,0,0,1,0,0,0,1,1,0,0,0,0,0,0,0,0,0,0,0,0,0,0,1
2371,0.115870343434579,1,0,1,0,0,0,0,0,0,1,0,0,0,1,1,0,0,0,1,0,0,0,0,1,1,0,0,0,1,0
2372,2.11497231837261,1,1,1,1,1,1,1,1,1,1,1,1,1,1,1,1,1,1,1,1,0,0,0,1,1,0,1,1,1,1
2373,-0.182723900109613,1,0,1,0,0,1,0,0,0,1,0,1,0,1,1,0,0,1,0,0,0,1,0,1,1,0,0,0,1,1
2374,-0.898050509633479,1,0,1,0,0,0,0,0,0,0,0,0,0,0,1,1,0,1,0,0,0,0,0,1,0,0,0,1,0,0
2375,0.911384133786481,1,0,1,0,0,1,0,1,1,1,0,1,1,1,1,1,0,1,1,0,0,1,0,1,1,0,0,1,1,1
2376,-0.00945026766939414,1,1,1,0,0,1,1,1,0,1,0,0,0,1,1,0,0,1,1,0,0,0,0,1,1,0,0,1,1,1
2377,0.0990416422580965,1,0,1,0,0,1,1,0,1,1,0,0,0,1,1,1,0,1,1,0,0,0,0,0,1,0,0,1,0,0
2378,2.04490785995562,1,1,1,0,1,1,1,1,1,1,0,1,1,1,1,1,1,1,1,1,0,1,1,1,1,0,1,1,1,1
2379,0.556331004479407,1,1,1,0,0,1,1,0,1,1,0,0,0,1,1,1,1,0,1,0,0,1,0,1,1,0,1,0,0,1
2380,0.0407030837414435,1,1,0,0,0,0,1,0,1,1,0,0,0,1,1,1,0,0,0,0,0,0,0,1,1,0,0,1,1,1
2381,0.605412685367534,1,0,0,0,0,1,1,1,1,1,0,1,0,1,1,1,0,0,1,0,0,0,0,1,1,0,0,1,0,0
2382,1.27534555827239,1,0,1,0,0,1,0,0,0,1,0,1,0,1,1,1,0,1,1,0,0,0,1,1,1,0,1,0,1,1
2383,0.270332977072845,1,0,1,0,0,1,0,0,1,1,0,0,0,1,1,1,0,1,1,0,0,0,0,1,1,0,1,1,0,1
2384,-0.531714811185424,1,1,1,0,0,1,0,0,1,1,0,0,1,1,1,0,0,1,0,0,0,0,0,0,1,0,0,1,0,0
2385,-0.316199278165126,1,0,1,0,0,1,0,0,0,1,0,0,0,1,1,0,0,0,1,0,0,0,0,0,1,0,0,1,0,1
2386,-0.656806920613112,1,0,0,0,0,0,1,0,1,0,0,0,0,1,1,1,0,1,1,0,0,0,0,1,0,0,0,1,0,1
2387,-1.22608369077831,1,0,0,0,0,0,0,0,1,1,0,1,0,1,1,0,0,1,1,0,0,0,0,0,0,0,0,1,0,1
2388,0.683664149165672,1,0,1,0,0,1,0,0,0,1,0,0,0,1,1,1,0,1,1,0,0,0,1,1,1,0,1,1,0,1
2389,0.289265229614597,1,0,1,0,0,1,1,0,0,1,0,1,0,1,1,0,0,1,1,0,0,0,0,1,1,0,0,1,1,1
2390,0.662387666922226,1,1,1,0,0,1,1,0,1,1,0,1,0,1,1,1,0,1,1,0,0,0,0,1,1,0,1,1,1,1
2391,0.210922058576417,1,0,1,0,0,1,0,0,1,1,0,0,0,1,1,1,0,0,1,0,0,0,0,1,1,0,0,0,1,1
2392,2.66189677546453,1,1,1,1,1,1,1,1,1,1,1,1,1,1,1,1,1,1,1,1,1,1,1,1,1,1,1,1,1,1
2393,-1.3860372416589,1,0,0,0,0,0,1,0,0,0,0,0,0,1,1,1,0,0,1,0,0,0,0,1,0,0,0,0,0,0
2394,0.406560413915594,1,1,1,0,0,1,1,0,1,1,0,0,1,1,1,1,0,0,1,0,0,0,0,1,1,0,0,1,0,1
2395,-0.417671986152061,0,0,1,0,0,0,1,0,1,1,0,1,0,1,1,0,0,0,1,0,0,0,0,1,1,0,0,1,0,1
2396,0.455844602998277,1,0,1,0,1,1,1,0,1,1,0,1,0,1,1,1,1,1,1,0,0,0,0,0,1,0,0,1,1,1
2397,0.504634643453661,1,0,1,0,0,1,1,0,1,1,0,0,1,1,1,1,0,1,1,0,0,0,0,1,1,0,0,1,0,1
2398,1.13827242211853,1,0,1,1,0,1,1,0,1,1,0,1,1,1,1,1,1,1,1,1,0,0,1,1,1,0,0,1,0,1
2399,-0.514013029323159,0,0,1,0,0,1,0,0,1,1,0,1,0,1,0,1,0,1,1,0,0,0,0,1,1,0,0,1,0,1
2400,0.526018828887308,1,1,1,0,0,0,0,0,0,1,0,1,0,1,1,1,0,0,1,1,0,1,0,1,1,0,1,0,0,1
2401,0.190715484806145,1,0,1,0,0,1,0,0,1,1,0,0,0,1,1,1,0,0,0,0,0,0,1,1,1,0,0,1,0,1
2402,0.373188354093183,1,0,1,0,0,1,1,0,1,1,0,1,0,1,1,1,0,1,1,1,0,0,0,1,1,0,0,1,1,1
2403,0.111031689722135,0,1,0,0,1,0,1,0,1,1,0,1,1,1,1,1,0,0,1,0,0,0,0,0,1,0,1,1,0,1
2404,0.649896603259143,0,0,1,0,0,1,1,0,1,1,0,1,1,1,1,1,0,1,0,0,0,1,0,0,1,0,0,1,1,1
2405,-1.55464360144443,0,0,0,0,0,0,0,0,0,0,0,0,0,1,1,0,0,0,0,0,0,0,0,1,0,0,0,0,1,0
2406,0.412040764448647,1,0,1,0,0,1,1,0,0,1,1,1,0,1,1,1,0,1,1,1,1,0,0,1,1,0,1,1,0,1
2407,0.565675098022215,1,0,1,0,0,1,0,0,1,1,0,0,0,1,1,1,0,0,1,0,0,0,0,1,1,0,1,1,1,1
2408,-1.00298547175107,1,1,1,0,0,1,1,0,1,1,0,0,0,1,1,0,0,1,0,0,0,0,0,1,1,0,0,0,0,0
2409,1.17207395144502,1,0,1,0,0,1,0,1,1,1,0,1,1,1,1,1,0,1,1,0,1,1,0,1,1,0,0,0,0,1
2410,0.145416180014013,1,0,1,0,0,1,1,0,0,1,0,0,1,1,1,1,0,1,1,0,0,0,1,1,1,0,0,1,0,1
2411,0.204051310518209,1,0,1,0,0,1,1,0,1,1,0,0,1,1,1,1,0,0,1,1,0,0,0,1,1,0,0,1,0,1
2412,-1.22131401510053,0,0,1,0,0,0,1,0,0,0,0,0,0,1,1,1,0,1,0,0,0,0,0,0,1,0,0,1,0,0
2413,-0.778792212760767,1,0,1,0,0,1,0,0,0,1,0,1,0,1,1,1,0,1,1,0,0,0,0,0,0,0,0,1,0,1
2414,1.06456855500294,1,1,1,0,1,1,1,0,1,1,0,1,1,1,1,1,1,0,1,1,0,1,1,1,1,0,0,1,0,1
2415,-1.01620478810251,0,0,0,0,0,1,0,0,0,1,0,1,0,1,0,1,0,0,1,0,0,0,0,1,1,0,0,0,0,0
2416,1.59696834838953,1,0,1,1,0,1,1,0,1,1,1,1,1,1,1,1,1,1,1,1,0,0,1,1,1,0,1,1,1,1
2417,1.41186420162571,1,1,1,0,1,1,1,1,0,1,0,1,1,1,1,1,1,1,1,1,1,1,0,1,1,0,1,0,1,1
2418,0.222577865640544,1,0,0,0,0,1,1,0,1,1,0,0,0,1,1,1,0,0,1,0,0,0,1,0,0,0,0,1,0,0
2419,-0.522683422450597,0,0,1,0,0,1,1,0,0,1,0,1,0,1,1,1,0,1,0,0,0,0,0,1,1,0,0,0,0,0
2420,-0.773165523056638,1,1,0,0,0,0,1,0,0,1,0,0,0,1,1,1,0,0,0,0,0,0,0,1,0,0,0,0,0,1
2421,1.39290346205291,1,1,1,0,0,1,1,1,1,1,1,1,1,1,1,1,1,0,1,1,0,1,0,1,1,0,1,0,0,1
2422,0.298293367789267,1,0,1,0,0,1,1,0,0,1,0,1,1,1,1,1,0,0,1,0,0,0,0,1,1,0,0,1,0,1
2423,-0.342750552144617,1,0,1,0,0,1,1,0,1,1,0,0,0,1,1,0,0,0,1,0,0,0,0,1,1,0,0,1,1,1
2424,0.645866773724783,1,1,1,0,0,1,1,0,1,1,0,1,0,1,1,1,0,1,1,1,0,0,1,1,1,0,1,1,0,0
2425,0.143648105935543,1,0,1,0,0,1,1,0,0,1,0,0,0,1,1,1,0,0,1,0,0,0,0,0,1,0,0,0,0,1
2426,0.628992983499563,1,0,1,0,0,0,0,0,0,1,0,0,0,1,1,1,0,1,1,1,0,1,0,1,1,0,0,0,0,1
2427,-0.874156983223972,1,0,0,0,0,1,0,0,0,1,0,0,1,1,1,1,0,1,0,0,0,0,0,1,0,0,0,1,0,1
2428,-1.16837876862715,1,0,0,0,0,1,0,0,1,0,0,0,0,1,0,0,0,1,1,0,0,0,0,0,1,0,0,0,0,1
2429,-0.1716922317618,1,0,1,0,0,1,1,0,1,1,0,0,1,1,1,1,0,1,1,0,0,0,0,0,1,0,0,0,0,0
2430,1.776530367348,1,1,1,1,1,1,1,1,1,1,1,1,1,1,1,1,0,1,1,1,1,1,1,1,1,1,0,1,0,1
2431,0.345742567594034,1,0,0,0,0,1,1,0,1,1,0,1,1,1,1,1,0,1,1,0,0,0,1,1,1,0,0,1,1,1
2432,-0.375257129985481,1,0,1,0,0,0,1,0,1,1,0,1,0,1,1,1,0,0,1,1,0,0,0,1,1,0,0,1,0,1
2433,-1.06189965634822,1,0,1,0,0,0,1,0,0,1,0,0,0,1,1,1,0,0,1,0,0,0,0,0,0,0,0,0,1,0
2434,1.26560450323134,1,1,1,0,1,1,1,1,1,1,0,1,1,1,1,1,0,0,1,0,1,0,1,1,1,0,1,1,1,1
2435,0.729656767331025,1,0,1,0,0,1,0,0,1,1,0,1,1,1,1,1,0,1,1,1,0,0,0,1,1,0,0,1,0,1
2436,-1.50561276064085,0,0,1,0,0,0,0,0,0,0,0,1,0,1,0,0,0,0,1,0,0,0,0,0,0,0,0,1,0,1
2437,1.98319657565172,1,1,1,0,1,1,1,1,1,1,1,1,1,1,1,1,1,1,1,1,1,1,0,1,1,0,1,1,1,1
2438,1.21555691577436,1,1,1,0,0,1,1,1,1,1,0,1,1,1,1,1,1,1,1,1,0,0,1,1,1,0,1,1,0,1
2439,0.52568741828005,1,0,1,0,0,1,1,0,1,1,0,0,1,1,1,1,0,0,1,1,0,0,0,1,1,0,0,1,0,1
2440,-0.912007615007996,0,0,1,0,0,0,1,0,1,1,0,1,0,1,1,0,0,1,0,0,0,0,0,0,1,0,1,0,0,1
2441,-0.699006314426789,0,0,0,0,0,0,1,0,0,1,0,0,0,1,1,1,0,1,1,0,0,0,0,1,1,0,0,0,0,0
2442,1.36407281746142,1,1,1,0,1,1,1,0,1,1,0,1,1,1,1,1,1,1,1,1,0,1,1,1,1,0,0,1,1,1
2443,0.308758717939579,1,1,1,0,0,0,1,0,1,1,0,0,0,1,1,1,0,1,1,0,0,0,0,1,1,0,0,1,0,1
2444,-0.103615373868319,1,0,1,0,0,1,1,0,1,1,0,0,1,1,1,1,0,0,1,0,0,0,0,0,0,0,1,1,1,1
2445,0.939690565694705,1,1,1,0,0,1,1,1,1,1,0,1,0,1,1,1,0,1,1,1,1,0,0,1,1,0,0,1,1,1
2446,1.0038477294565,1,1,1,1,0,1,1,0,1,1,0,0,1,1,1,1,0,1,1,1,0,1,0,1,1,0,1,1,0,1
2447,0.669316719686079,1,0,1,0,0,1,1,0,1,1,0,1,1,1,1,1,1,1,1,0,0,0,0,1,1,0,0,0,0,1
2448,0.406872010728239,1,1,1,0,0,0,1,0,1,1,1,0,1,1,1,1,0,1,1,0,0,0,0,1,1,0,0,1,1,1
2449,1.60392241646855,1,1,1,1,0,1,1,0,1,1,0,0,1,1,1,1,1,1,1,1,0,1,1,1,1,0,0,1,0,1
2450,-0.832991054630207,1,0,1,0,0,1,1,0,1,1,0,0,0,1,0,1,0,1,0,0,0,0,0,0,0,0,0,1,0,1
2451,0.289519665469151,1,1,1,0,0,1,1,0,1,1,0,1,1,1,1,1,0,1,1,1,0,0,0,1,1,0,0,1,0,1
2452,0.559201292965242,1,1,1,0,0,1,1,0,1,1,0,1,0,1,1,1,0,0,1,0,0,0,0,1,1,0,0,1,0,1
2453,2.03076283551894,1,0,1,1,1,1,1,1,1,1,1,1,1,1,1,1,1,0,1,1,1,1,1,1,1,1,1,1,1,1
2454,0.621308357776187,1,0,1,0,0,1,0,0,1,1,0,1,0,1,1,1,0,1,1,0,0,0,1,1,1,0,0,0,0,1
2455,-1.36670565097114,0,0,0,0,0,0,0,0,0,1,0,0,0,0,1,1,0,0,1,0,0,0,0,0,1,0,0,0,0,0
2456,-0.715906720969792,0,1,1,0,0,1,1,0,0,1,0,0,0,1,1,1,0,1,1,0,0,0,0,1,0,0,0,0,0,1
2457,-0.0143269904989066,0,1,1,0,0,1,1,0,1,1,0,0,1,1,1,1,0,1,1,0,0,0,0,1,1,0,0,0,0,1
2458,-2.11729552272058,0,0,0,0,0,0,0,0,1,0,0,0,0,0,0,0,0,0,0,0,0,0,0,0,0,0,0,0,0,0
2459,-0.6599739028571,1,0,1,0,0,0,0,0,0,0,0,0,0,1,1,1,0,0,1,1,0,0,0,0,1,0,0,1,0,0
2460,-0.312127811846565,1,0,1,0,0,0,0,0,0,1,0,0,0,1,1,1,0,0,0,0,0,0,0,1,1,0,0,0,0,1
2461,-0.333460374373995,1,0,0,0,0,1,1,0,1,1,0,0,0,1,1,0,0,0,1,0,0,0,0,0,1,0,0,1,0,1
2462,-0.23551551304387,1,0,1,0,0,1,1,0,1,1,0,1,0,1,1,1,0,1,1,1,0,0,0,1,0,0,0,1,0,1
2463,-1.88859542509856,0,0,0,0,0,0,0,0,0,0,0,0,0,1,1,0,0,0,0,0,0,0,0,0,1,0,0,0,0,1
2464,0.232214112353741,1,0,1,0,0,1,1,0,1,1,0,0,0,1,1,1,0,1,1,0,0,0,1,0,1,0,0,1,0,1
2465,-1.98461591724845,0,0,0,0,0,0,0,0,0,1,0,0,0,1,0,0,0,0,0,0,0,0,0,0,0,0,0,0,0,0
2466,-1.23475387421033,1,0,1,0,0,1,0,0,1,1,0,0,0,1,0,0,0,0,0,0,0,0,0,1,0,0,1,0,0,0
2467,-0.928337869041127,1,0,0,0,0,1,0,0,0,1,0,0,0,1,1,1,0,0,0,0,0,0,0,1,1,0,0,1,0,1
2468,-2.22502459269994,0,0,1,0,0,0,1,0,0,0,0,0,0,0,1,0,0,0,0,0,0,0,0,0,0,0,0,0,0,0
2469,-0.666743755913595,1,0,1,0,0,0,0,0,1,1,0,0,0,1,1,1,0,0,1,0,0,0,0,1,1,0,0,1,0,1
2470,0.223166369455313,1,0,1,0,0,1,1,0,1,1,1,1,0,1,1,1,0,1,1,1,0,0,0,1,1,0,0,1,1,1
2471,-0.764835423048874,1,0,0,0,0,1,0,0,0,1,0,0,0,1,1,0,0,1,1,0,0,0,0,1,1,0,0,0,0,0
2472,-0.241197890733283,1,0,1,0,0,1,1,0,1,1,0,0,1,1,1,0,0,0,1,0,0,0,0,1,1,0,0,1,0,1
2473,-0.877555134708355,1,0,1,0,0,1,0,0,1,1,0,1,0,1,0,0,0,0,1,0,0,0,0,0,1,0,0,0,0,0
2474,-0.248854101979825,1,1,1,0,0,1,0,0,1,1,0,0,0,1,1,1,0,0,0,0,0,0,0,1,1,0,0,0,1,1
2475,0.892789721892083,1,1,1,1,1,1,1,0,1,1,0,1,1,1,1,1,0,1,1,0,0,1,0,1,1,0,0,1,0,1
2476,1.04344132986728,1,1,1,1,0,0,1,1,1,1,0,1,0,1,1,1,1,1,1,0,0,0,1,1,1,1,0,1,1,1
2477,0.176708557471689,1,0,1,0,0,1,1,0,1,1,0,0,1,1,1,1,0,1,1,0,0,0,1,1,1,0,0,0,0,1
2478,0.5378637374913,1,0,1,0,0,1,1,0,1,1,0,1,0,1,1,1,0,1,1,1,0,1,0,1,1,0,0,1,1,1
2479,1.56535933736655,1,1,1,0,1,1,1,1,1,1,0,1,1,1,1,1,1,1,1,1,1,1,1,0,1,0,0,1,0,1
2480,0.404514640714845,1,1,1,0,0,1,0,0,1,1,0,1,0,1,1,1,0,1,1,0,0,0,0,1,1,0,0,1,0,1
2481,-1.50514809658104,0,0,0,0,0,0,1,0,0,1,0,0,0,1,1,0,0,0,0,0,0,0,0,1,1,0,0,0,0,1
2482,-0.796158061599669,1,0,0,0,0,1,0,0,0,1,0,1,0,1,1,0,0,0,1,0,0,0,0,0,1,0,0,0,0,1
2483,-0.0588855850279555,1,0,1,0,0,1,0,0,0,1,0,1,0,1,1,1,0,0,0,0,0,0,0,1,1,0,0,1,1,1
2484,1.3812830054579,1,0,1,1,0,1,1,0,1,1,0,1,1,1,1,1,0,1,1,1,0,1,1,1,1,0,0,1,1,1
2485,0.460121063235742,1,1,1,0,1,1,1,0,1,1,0,1,1,1,1,1,0,0,1,0,0,0,1,1,1,0,0,1,1,1
2486,-1.64041929121992,1,0,0,0,0,0,0,0,0,1,0,0,0,1,1,0,0,1,0,0,0,0,0,0,0,0,0,0,0,0
2487,1.12802979165334,1,0,1,0,0,1,1,0,1,1,0,1,1,1,1,1,0,1,1,1,0,0,1,1,1,0,1,1,1,1
2488,-0.161572745987006,1,0,0,0,0,1,1,0,1,1,0,1,0,1,1,1,0,0,1,0,0,0,0,1,1,0,0,0,0,1
2489,0.043431238926603,1,0,1,0,0,1,1,0,0,0,0,0,0,1,1,1,0,1,1,0,0,0,0,0,1,0,0,1,0,1
2490,1.00292445979055,1,1,1,1,0,1,1,0,1,1,1,1,1,1,1,1,0,1,1,1,0,0,1,1,1,0,0,1,1,1
2491,-1.09868761744548,1,0,0,0,0,1,0,0,0,0,0,0,0,1,1,1,0,1,1,0,0,0,0,1,0,0,0,0,0,1
2492,0.782344907036842,1,0,1,0,0,1,1,0,1,1,1,1,0,1,1,1,0,1,1,1,0,1,0,1,1,0,1,1,1,1
2493,-0.22216986794717,0,0,1,0,0,1,0,0,1,1,0,0,0,1,1,1,0,1,1,0,0,0,0,0,1,0,0,0,0,1
2494,1.13235254642626,1,1,0,0,1,1,1,0,0,1,0,0,1,1,1,1,0,1,1,1,0,1,0,1,1,0,0,1,1,1
2495,-2.35677369224876,0,0,0,0,0,0,0,0,0,0,0,0,0,0,0,0,0,0,0,0,0,0,0,0,0,0,0,0,0,0
2496,0.983751059310883,1,1,1,0,0,1,0,0,1,1,0,1,1,1,1,1,0,0,1,1,0,1,1,1,1,0,0,1,1,1
2497,-0.80446750947004,1,0,0,0,0,0,0,0,0,1,0,0,0,1,1,0,0,0,0,0,0,0,0,0,0,0,0,0,0,0
2498,-0.377675808778685,0,0,1,0,0,0,0,0,1,1,0,1,1,1,1,1,0,1,1,0,0,0,0,1,1,0,0,1,0,1
2499,-1.44222734148867,1,0,0,0,0,0,0,0,0,1,0,0,0,1,1,0,0,0,0,0,0,0,0,0,0,0,0,1,0,0
2500,-0.244255131687074,1,1,0,0,0,1,1,0,0,1,0,0,1,1,1,1,0,0,1,0,0,0,0,1,1,0,0,0,1,1
2501,0.481358713571409,1,0,1,0,0,0,1,0,1,1,0,1,1,1,1,1,0,1,1,1,0,1,0,1,1,0,0,1,1,1
2502,1.28533285360568,1,1,1,1,0,1,1,0,1,1,1,1,1,1,1,1,0,0,1,1,0,1,1,1,1,1,0,1,1,1
2503,1.04760802086728,1,0,1,0,0,1,1,0,1,1,1,1,1,1,1,1,0,1,1,0,1,1,1,1,1,0,1,1,1,1
2504,-0.766988056215843,1,0,1,0,0,1,0,0,0,1,0,0,0,1,1,1,0,1,1,0,0,0,0,1,1,0,0,0,0,1
2505,-0.536196961028086,1,0,0,0,0,1,0,0,1,1,0,1,0,1,1,1,0,0,1,0,0,0,0,1,1,0,0,0,1,1
2506,0.0983718817436328,1,0,1,0,0,0,0,0,1,1,0,1,0,1,1,1,0,0,1,0,0,0,0,1,1,0,0,1,1,1
2507,-0.115583455819377,1,0,1,0,0,1,0,0,1,1,0,0,0,1,1,1,0,1,0,1,0,0,0,1,0,0,0,0,0,0
2508,0.411564385646791,1,0,1,0,0,1,1,0,1,1,0,1,0,1,1,0,0,0,1,0,0,0,0,1,1,0,0,1,1,1
2509,0.171069871531685,1,0,1,0,0,0,0,0,0,1,0,1,0,1,1,1,0,1,1,0,0,0,0,1,1,0,0,0,0,1
2510,0.372485890334198,1,1,1,0,0,0,0,0,1,1,0,0,0,1,1,1,0,0,1,1,0,0,0,1,1,0,0,1,0,1
2511,-0.634644826627551,0,0,0,0,0,0,1,0,0,1,0,0,1,1,1,1,0,0,1,0,0,0,0,1,1,0,0,0,0,1
2512,0.991156855984571,1,0,1,1,1,1,1,1,1,1,0,1,0,1,1,1,0,1,1,1,0,0,0,1,1,0,1,1,0,1
2513,-0.571604318725971,1,0,1,0,0,1,1,0,1,1,0,1,0,1,0,1,0,1,0,0,0,0,0,1,0,0,0,1,0,0
2514,-1.1946331955776,0,0,1,0,0,1,0,0,1,1,0,0,0,1,1,1,0,0,1,0,0,0,0,0,0,0,0,1,0,1
2515,-0.973533689241426,0,0,1,0,0,0,0,0,1,1,0,0,0,1,1,1,0,1,0,0,0,0,0,0,0,0,0,0,0,0
2516,-0.00722191641749615,1,0,1,1,0,1,0,0,1,0,0,0,0,1,1,1,0,1,0,1,0,0,0,1,1,0,1,1,0,1
2517,-0.265531649296803,1,0,1,0,0,1,1,0,1,1,0,0,0,1,1,1,0,0,1,1,0,0,0,0,1,0,0,1,0,0
2518,-0.0194978920062667,1,1,1,0,0,1,1,0,1,1,0,0,0,1,1,1,0,1,1,0,0,0,0,1,1,0,0,1,0,1
2519,-0.292574889338273,1,0,1,0,0,1,1,0,1,1,0,1,1,1,1,1,0,0,1,0,0,0,0,0,0,0,1,1,0,1
2520,0.145749289940994,1,1,1,0,0,1,1,0,1,1,0,1,0,1,1,1,0,1,1,0,1,0,0,1,1,0,0,0,0,1
2521,0.997992243813251,1,0,1,0,0,1,1,1,1,1,0,1,1,1,1,1,0,1,1,0,0,0,0,1,1,0,1,1,0,1
2522,-0.795912693389809,1,0,1,0,0,0,1,0,0,0,0,0,0,1,1,0,0,1,1,0,0,0,0,0,1,0,0,1,0,1
2523,-0.950612203814585,0,0,1,0,0,0,0,0,1,1,0,0,0,1,1,0,0,0,0,0,0,0,0,0,1,0,0,1,1,1
2524,-0.840482093383208,1,0,0,0,0,0,0,0,0,1,0,0,0,1,1,0,0,0,1,0,0,0,0,1,1,0,0,0,1,0
2525,0.378339334389993,1,1,1,0,0,1,1,1,1,1,0,0,0,1,1,1,0,1,1,0,0,0,0,1,1,0,0,1,1,1
2526,-0.535726866703569,0,0,0,0,0,1,1,0,0,1,0,0,0,1,1,1,0,0,1,1,0,0,0,0,1,0,0,1,0,1
2527,0.866445461737737,1,0,1,0,0,1,1,0,1,1,1,1,1,1,1,1,0,0,1,1,0,0,1,1,1,0,0,1,0,1
2528,-1.60065019948831,0,0,0,0,0,0,0,0,0,1,0,0,0,1,1,0,0,1,0,0,0,0,0,1,0,0,0,1,0,0
2529,-0.481319591415416,1,0,1,0,0,1,0,0,0,1,0,1,0,1,0,1,0,1,0,0,0,0,0,1,1,0,0,1,0,1
2530,1.41252554342826,1,1,1,1,1,1,1,1,1,1,0,1,1,1,1,1,0,1,1,0,0,1,1,1,1,1,1,1,1,1
2531,1.09504151641239,1,0,1,0,0,1,1,0,1,1,0,1,1,1,1,1,1,1,1,1,0,1,0,1,1,0,0,1,1,1
2532,0.15606158565855,1,0,1,0,0,1,1,0,0,1,0,1,1,1,1,1,0,1,1,0,0,0,0,1,1,0,0,0,1,1
2533,-1.47513042318182,1,0,0,0,0,0,0,0,1,1,0,0,0,0,0,0,0,0,1,0,0,0,0,0,1,0,0,0,0,0
2534,-0.601714010584605,0,0,1,0,0,0,1,0,0,1,0,0,0,1,1,1,0,1,0,0,0,0,0,1,0,0,0,0,0,0
2535,0.16149959394005,1,1,1,0,0,0,0,1,0,1,0,1,1,1,1,1,0,1,1,0,0,0,0,1,1,0,0,0,1,0
2536,-1.61020047843123,1,0,0,0,0,0,0,0,0,1,0,0,0,0,1,0,0,1,0,0,0,0,0,0,0,0,0,0,0,0
2537,0.20417775629539,1,0,1,0,0,0,1,0,0,1,0,0,0,1,1,1,0,0,1,1,0,0,0,1,1,0,0,1,0,1
2538,1.40511104371752,1,1,1,0,0,1,1,1,1,1,0,1,0,1,1,1,0,0,1,1,0,0,1,1,1,0,0,1,0,1
2539,0.430225152277747,1,1,1,0,0,1,1,0,0,1,0,1,0,1,1,1,0,0,1,0,0,0,0,1,1,0,0,1,1,1
2540,2.29467307038673,1,1,1,1,1,1,1,1,1,1,1,1,0,1,1,1,0,0,1,1,0,1,1,1,1,1,1,1,1,0
2541,1.73589461300987,1,0,1,1,0,1,1,1,1,1,0,1,1,1,1,1,0,0,1,1,1,1,1,1,1,1,0,1,1,1
2542,0.36730273633608,1,0,0,0,0,1,0,0,1,1,0,1,1,1,1,1,0,0,1,0,0,1,0,1,1,0,0,1,0,1
2543,0.520144752777677,1,1,0,0,0,1,1,0,1,1,0,1,0,1,1,1,0,1,1,1,0,0,0,1,1,0,0,1,0,1
2544,-1.62226049799602,0,0,0,0,0,1,0,0,0,1,0,0,0,1,1,0,0,1,0,0,0,0,0,0,0,0,0,1,0,1
2545,1.02624992431477,1,0,1,0,0,1,1,0,1,1,1,1,0,1,1,1,0,1,1,0,0,1,1,1,1,0,0,1,0,1
2546,-0.287255876352062,1,0,0,0,0,1,1,0,0,0,0,0,0,1,1,1,0,1,1,0,0,0,0,1,1,0,0,0,0,1
2547,0.712156917053889,1,1,1,0,0,1,1,0,1,1,0,1,1,1,1,1,0,0,1,0,0,0,0,1,1,0,0,1,1,1
2548,-0.21705664336897,1,0,1,0,0,1,1,0,1,0,0,1,0,1,1,1,0,1,0,0,0,1,0,1,1,0,0,1,0,1
2549,0.370513786190325,1,0,1,0,0,1,1,0,1,1,0,0,0,1,1,1,0,1,1,0,0,0,0,1,1,0,0,1,0,1
2550,-0.894191175499123,1,0,1,0,0,1,0,0,1,1,0,0,1,1,0,1,0,0,1,0,0,0,0,0,1,0,0,0,0,0
2551,0.460397242316158,1,1,1,0,0,1,1,0,1,1,0,0,0,1,1,1,0,1,1,0,0,0,0,1,1,0,0,1,1,1
2552,0.739015115620682,1,0,1,0,0,1,0,0,1,1,0,1,0,1,1,1,0,1,1,0,0,0,0,1,1,0,0,0,0,1
2553,-1.27191590462347,0,0,1,0,0,1,0,0,1,1,0,0,0,1,1,1,0,0,1,0,0,0,0,0,0,0,0,1,0,0
2554,-0.511990685167562,1,0,1,0,0,1,0,0,0,1,0,0,0,1,1,1,0,1,1,0,0,0,0,1,1,0,0,1,1,1
2555,-1.8122540458066,0,0,0,0,0,1,0,0,0,0,0,0,0,1,1,0,0,0,0,0,0,0,0,0,0,0,0,0,0,0
2556,-1.16916578886068,1,0,0,0,0,0,0,0,0,0,0,0,0,1,1,0,0,0,0,0,0,0,0,0,0,0,0,0,0,1
2557,-0.983397240175231,1,0,1,0,0,0,1,0,0,0,0,0,0,1,1,0,0,0,1,0,0,0,0,1,0,0,0,0,0,1
2558,-0.502533444810495,0,0,1,0,0,0,0,0,0,0,0,1,0,1,1,1,0,0,1,0,0,0,1,1,1,0,0,0,0,0
2559,-0.0717714183810399,1,0,0,0,0,1,0,0,1,0,0,0,0,1,1,1,0,0,1,1,0,0,0,1,1,0,0,1,1,1
2560,-1.69277637645006,1,0,1,0,0,0,0,0,0,1,0,0,0,1,1,1,0,0,0,0,0,0,0,1,0,0,0,1,0,0
2561,1.58148082413375,1,1,1,1,1,1,1,0,1,1,1,0,1,1,1,1,1,1,1,1,0,1,1,1,1,0,1,1,1,1
2562,-1.18320971766367,1,0,0,0,0,0,0,0,0,0,0,0,0,1,1,1,0,0,1,0,0,0,0,0,1,0,0,0,0,0
2563,0.924930326696522,1,1,1,0,0,1,1,0,1,1,0,1,0,1,1,1,0,1,1,1,0,1,1,1,1,0,0,1,1,1
2564,0.617460490306009,1,0,1,0,0,1,1,1,1,1,0,1,1,1,1,1,0,0,1,1,0,0,1,1,1,0,1,1,1,1
2565,0.880667604107622,1,0,1,0,0,1,1,0,0,1,0,1,1,1,1,1,0,1,1,0,0,0,0,0,1,0,1,0,0,1
2566,1.15492607471375,1,1,1,0,0,1,1,0,1,1,0,1,0,1,1,1,0,1,1,1,0,1,1,0,1,0,0,1,1,1
2567,0.258088545522539,1,1,0,1,0,1,1,0,1,1,0,1,0,1,1,1,0,1,1,0,0,1,0,0,1,0,0,1,0,1
2568,0.858264408088316,1,0,1,1,0,1,1,0,1,1,0,0,1,1,1,1,0,1,0,1,1,1,0,1,1,0,1,1,0,1
2569,-0.736223820998569,1,0,0,0,0,1,0,0,1,1,0,0,0,1,1,0,0,1,1,0,0,0,1,1,0,0,0,0,0,1
2570,0.580924744952657,1,0,1,0,0,1,1,0,1,1,1,1,1,1,1,1,0,1,1,0,0,0,1,1,1,0,0,1,1,1
2571,1.88785672926873,1,1,1,1,0,1,1,0,1,1,1,1,1,1,1,1,1,1,1,1,0,1,1,1,1,0,1,1,1,1
2572,-1.39280741849216,0,0,0,0,0,0,0,0,0,1,0,0,0,1,1,0,0,0,0,0,0,0,0,0,0,0,0,0,0,0
2573,0.303518671093912,1,1,1,0,0,1,1,0,0,1,0,1,1,1,1,1,0,1,1,0,0,0,0,1,1,0,1,0,1,1
2574,-1.37433941804447,0,0,1,0,0,0,1,0,1,0,0,1,0,0,1,0,0,1,0,0,0,0,0,1,1,0,0,1,0,1
2575,1.79899144694411,1,1,1,0,1,1,1,1,1,1,1,1,1,1,1,1,1,1,1,1,1,1,1,1,1,0,0,1,0,1
2576,-0.715202065838906,0,0,0,0,0,0,0,0,0,1,0,0,0,1,1,1,0,1,1,0,0,0,0,0,1,0,0,1,0,1
2577,-1.13189921090004,1,0,0,0,0,0,0,0,0,1,0,0,0,1,0,1,0,0,1,0,0,0,0,0,1,0,0,0,0,1
2578,-1.58288563614191,0,0,1,0,0,0,0,0,0,1,0,0,0,1,0,0,0,0,1,0,0,0,0,1,0,0,0,0,0,1
2579,1.14290772770587,1,1,0,0,0,1,1,1,1,1,1,1,1,1,1,1,0,1,1,1,0,0,1,1,1,0,1,1,0,1
2580,0.716138266156873,0,0,1,1,0,1,1,0,1,1,0,1,1,1,1,1,0,1,1,1,0,0,0,1,1,0,0,1,0,1
2581,0.840778939138372,1,1,1,0,0,0,1,1,1,1,0,1,1,1,1,1,0,1,1,1,0,1,0,1,1,0,0,1,1,1
2582,0.0896963890709327,1,1,1,0,0,1,0,0,0,1,0,0,1,1,1,1,0,0,1,0,0,0,0,0,1,0,0,1,0,1
2583,-1.11279915792121,0,0,1,0,0,1,0,0,1,1,0,0,0,1,1,0,0,0,1,0,0,0,0,0,0,0,0,0,0,0
2584,-1.25093960728263,1,0,1,0,0,1,0,0,0,0,0,0,0,1,1,0,0,0,1,0,0,0,0,1,1,0,0,0,0,0
2585,0.785916642985112,1,0,1,0,0,1,1,0,1,1,0,1,1,1,1,1,0,1,1,0,0,0,0,1,1,0,0,1,1,1
2586,-0.867089239762143,0,0,1,0,0,0,0,0,1,1,0,0,0,1,1,1,0,0,1,0,0,0,0,0,1,0,0,0,0,0
2587,-0.472353090765574,1,0,1,0,0,1,1,0,1,1,0,1,0,1,1,1,0,0,1,1,0,0,0,1,0,0,0,1,0,1
2588,1.08957534898959,1,0,1,0,0,1,1,1,1,1,0,0,0,1,1,1,1,0,1,1,0,0,0,1,1,0,0,0,0,0
2589,0.193069328684174,1,0,1,0,0,1,1,0,0,1,0,0,0,1,1,1,0,0,1,0,0,0,0,1,1,0,0,1,0,1
2590,1.08496928325948,1,1,1,1,0,1,1,0,1,1,0,1,1,1,1,1,0,1,1,1,1,0,1,1,1,0,0,0,1,1
2591,-0.990869553836804,0,0,0,0,0,1,0,0,1,1,0,0,0,1,1,1,0,0,1,0,0,0,0,0,1,0,0,0,0,0
2592,-0.256143710868649,1,0,0,0,0,0,1,0,0,1,0,1,0,1,1,1,0,0,1,0,0,0,0,1,0,0,0,0,1,0
2593,-3.13674672447292,0,0,0,0,0,0,0,0,0,0,0,0,0,0,0,0,0,1,0,0,0,0,0,0,0,0,0,0,0,0
2594,-0.750069687540972,1,0,1,0,0,0,1,0,0,1,0,0,1,1,1,0,0,1,0,0,0,0,0,1,0,0,0,1,0,0
2595,1.47014942049547,1,1,1,0,0,1,1,0,1,1,0,0,1,1,1,1,1,1,1,0,1,1,0,1,1,0,1,1,1,1
2596,-0.559861379551701,0,0,1,0,0,0,1,0,1,1,0,0,0,1,1,1,0,0,0,0,0,0,0,1,1,0,0,0,0,0
2597,0.333809237764989,1,0,1,0,0,0,1,0,0,1,0,1,0,1,1,1,0,1,1,1,0,0,0,1,1,0,1,1,1,1
2598,-1.85004956936602,0,0,0,0,0,0,1,0,1,0,0,0,0,0,0,0,0,0,0,0,0,0,0,0,0,0,0,0,0,0
2599,-0.129545166830782,1,0,1,0,0,0,1,0,1,1,0,0,1,1,1,0,0,1,1,0,0,0,0,0,1,0,1,0,0,0
2600,0.432107081235847,1,0,1,0,1,1,1,0,1,1,0,0,1,1,1,1,0,0,1,0,0,0,0,1,1,0,0,1,0,1
2601,0.241427081978004,1,1,0,0,0,1,0,0,0,1,0,0,0,1,1,1,0,1,1,0,0,0,0,1,1,0,0,0,0,1
2602,-1.36389415195126,0,0,0,0,0,0,1,0,0,0,0,0,0,1,1,1,0,0,0,0,0,0,0,1,1,0,0,0,0,0
2603,-1.57367190099979,0,0,0,0,0,0,0,0,0,0,0,0,0,1,1,1,0,1,0,0,0,0,0,0,0,0,0,0,0,1
2604,-1.0384947721682,1,0,0,0,0,0,0,0,0,1,0,0,0,1,1,1,0,0,0,0,0,0,0,1,1,0,0,0,0,0
2605,-1.22589753944627,1,0,1,0,0,1,0,0,0,0,0,0,1,1,0,0,0,1,0,0,0,0,0,1,1,0,0,0,0,1
2606,0.654167725394506,1,0,0,0,0,1,0,1,0,1,0,0,1,1,1,1,1,1,1,0,0,0,0,0,1,0,0,1,0,1
2607,0.953486984533966,0,1,1,1,0,1,1,0,1,1,0,0,1,1,1,1,0,1,1,0,1,1,0,1,1,0,0,1,0,1
2608,-0.0946624149727107,1,0,1,0,0,0,1,0,1,1,0,0,0,1,1,1,0,1,1,1,0,0,0,1,0,0,0,0,0,1
2609,0.0166482057574647,1,0,1,0,0,1,0,0,1,1,0,0,1,1,1,0,0,1,1,1,0,0,0,1,1,0,0,0,0,1
2610,0.420405556719881,1,0,1,0,0,0,1,0,1,1,0,0,0,1,1,1,0,1,1,1,0,0,0,1,1,0,0,1,0,1
2611,-2.26438068947726,0,0,0,0,0,0,0,0,0,1,0,0,0,0,0,0,0,0,0,0,0,0,0,0,0,0,0,0,0,0
2612,-0.0275568894161804,0,0,1,0,0,1,0,0,1,1,0,0,0,1,1,1,0,0,1,0,0,0,0,1,1,0,0,1,1,1
2613,1.80083927184566,1,1,1,0,1,1,1,1,1,1,1,1,1,1,1,1,0,1,1,1,0,1,1,1,1,1,1,1,1,1
2614,0.335628186339809,1,0,1,1,0,1,1,0,1,1,0,1,0,1,1,1,0,1,1,0,0,0,0,0,1,0,0,0,0,1
2615,1.09452350922948,1,1,1,0,0,1,1,1,1,1,1,1,1,1,1,1,0,0,1,1,0,0,0,1,1,0,0,1,0,1
2616,0.901218545033701,0,1,1,0,0,1,0,0,1,1,0,1,0,1,1,0,0,1,1,1,0,0,1,1,1,0,1,1,1,1
2617,0.140309772494195,1,0,1,0,0,1,0,0,0,1,0,0,0,1,1,1,0,1,1,0,0,0,0,1,1,0,0,1,1,1
2618,1.58983579821366,1,0,1,0,0,1,0,0,1,1,1,1,1,1,1,1,0,1,1,1,0,1,0,1,1,0,0,1,1,1
2619,-1.98491022080411,0,0,0,0,0,0,0,0,0,0,0,0,0,1,0,0,0,0,0,0,0,0,0,0,0,0,0,1,0,1
2620,1.12850887337326,1,1,1,1,0,1,1,0,1,1,0,0,1,1,1,1,0,1,1,0,0,1,0,1,1,1,0,1,0,1
2621,0.297364684098229,1,0,1,0,0,1,0,0,0,0,0,1,1,1,1,1,0,1,0,0,0,0,1,1,1,0,0,1,0,1
2622,1.25923181320746,1,1,1,1,0,1,1,1,1,1,0,1,0,1,1,1,0,1,1,1,0,1,1,1,1,0,1,1,0,1
2623,-0.590164897569141,1,0,1,0,0,1,1,0,0,1,0,0,0,1,1,1,0,0,1,0,0,0,0,0,1,0,0,0,1,1
2624,-0.742151219803709,0,0,0,0,0,0,1,0,1,1,0,0,0,1,1,1,0,0,0,0,0,0,0,0,1,0,0,0,0,1
2625,0.736263569674356,1,0,1,0,0,1,1,0,1,1,0,0,1,1,1,1,0,1,1,0,0,0,0,1,1,0,0,1,0,1
2626,0.559768164083255,0,1,1,0,0,1,1,0,1,1,0,0,1,1,1,1,0,0,1,0,0,0,0,1,1,0,0,1,0,1
2627,0.880055840246241,1,0,1,0,0,1,1,0,1,1,0,1,0,1,1,1,1,1,1,0,0,0,1,1,1,0,1,1,1,1
2628,-0.199403516222029,1,0,1,0,0,0,1,0,0,1,0,0,0,1,1,1,0,1,1,0,0,0,0,1,1,0,0,1,0,1
2629,0.42072774977343,1,0,0,0,0,1,0,0,1,1,1,1,0,1,1,1,0,1,1,0,0,1,0,0,1,0,0,1,1,1
2630,-0.20441881060864,0,1,0,0,0,0,1,0,1,1,0,1,0,1,1,1,0,1,0,0,0,0,0,1,1,0,0,0,0,1
2631,0.943583089452273,1,1,1,0,0,1,1,0,0,1,1,0,1,1,1,1,1,1,1,1,0,1,1,1,1,0,0,0,1,1
2632,1.5715526424119,1,1,1,1,0,1,1,0,1,1,0,1,1,1,1,1,0,0,1,1,0,1,1,1,1,1,1,1,0,1
2633,-0.663508372132871,1,0,1,0,0,0,1,0,0,1,0,0,0,1,1,1,0,0,1,0,0,0,0,0,1,0,0,1,0,0
2634,-1.13714462472628,0,0,1,0,0,1,0,0,1,1,0,1,1,1,0,0,0,0,1,0,0,0,0,0,1,0,0,0,0,0
2635,-1.65758319167453,0,0,0,0,0,0,1,0,1,0,0,0,0,1,0,0,0,1,1,0,0,0,0,0,0,0,0,0,0,1
2636,0.698872316936356,1,0,1,0,0,0,0,0,1,1,0,0,1,1,1,1,0,1,1,0,0,0,1,1,1,1,0,1,1,1
2637,-0.936602218712358,1,0,1,0,0,0,0,0,0,1,0,0,1,1,1,0,0,0,1,0,0,0,0,1,1,0,0,1,0,1
2638,0.719342540687613,1,1,1,0,0,1,1,1,1,1,1,0,0,1,1,1,1,1,1,0,1,0,0,1,1,0,1,0,0,1
2639,1.16884372144487,1,1,1,0,1,1,1,1,1,1,0,1,0,1,1,1,0,1,1,1,0,1,0,1,1,0,0,1,1,1
2640,0.935932330146316,1,0,1,0,0,1,1,0,1,1,0,0,0,1,1,0,0,1,1,1,0,0,0,1,1,0,0,1,1,1
2641,-0.924814418401856,0,0,1,0,0,1,0,0,0,1,0,0,1,1,1,0,0,0,1,0,0,0,0,1,1,0,0,0,0,1
2642,-0.247272057520116,0,0,1,0,0,1,0,0,0,1,0,0,0,1,1,1,0,0,1,0,0,0,0,1,1,0,0,1,0,1
2643,1.18948338011957,1,1,1,0,0,1,1,0,1,1,0,1,1,1,1,1,1,1,1,0,0,0,0,0,1,0,1,0,0,1
2644,0.449940001646041,1,1,1,0,0,1,1,0,1,1,0,0,0,1,1,1,0,1,1,1,0,0,0,1,1,0,0,0,0,1
2645,1.29513524013485,1,0,1,0,0,1,1,0,1,1,1,0,1,1,1,1,0,1,1,1,1,1,1,1,1,0,1,1,0,1
2646,-0.177730299903642,1,0,1,0,0,1,1,0,1,1,0,0,0,1,1,1,0,0,1,0,0,0,1,0,1,0,0,1,1,1
2647,1.63970651931463,1,1,1,1,0,1,1,1,0,1,1,1,1,1,1,1,0,0,1,0,0,0,1,1,1,0,1,1,1,1
2648,2.32241156654816,1,1,1,1,1,1,1,1,1,1,1,1,1,1,1,1,0,0,1,1,1,1,1,1,1,1,1,1,1,1
2649,0.034521556894786,1,1,1,0,0,1,1,0,0,1,1,0,0,1,1,1,0,1,1,0,0,0,0,1,0,0,0,1,0,1
2650,1.90542385450164,1,1,1,0,1,1,1,1,1,1,0,1,1,1,1,1,1,1,1,1,1,1,1,1,1,0,1,1,1,1
2651,0.0987464415996197,1,0,1,0,0,1,1,0,0,1,0,1,1,1,1,1,0,0,1,0,0,0,0,0,1,0,0,0,0,1
2652,2.13180493475532,1,1,1,1,0,1,1,1,1,1,1,0,1,1,1,1,1,0,1,1,1,1,1,1,1,0,1,1,1,1
2653,-0.843384408161028,1,0,1,0,0,1,0,0,0,1,0,0,0,1,1,0,0,1,1,0,0,0,0,1,1,0,0,1,0,0
2654,-0.726907381892292,1,0,0,0,0,1,0,0,0,1,0,0,0,1,1,1,0,1,1,0,0,0,0,1,1,0,0,0,1,0
2655,-1.74841729409572,0,0,1,0,0,0,0,0,0,0,0,0,0,1,1,0,0,0,0,0,0,0,0,1,0,0,0,0,0,1
2656,-0.672697862239097,1,0,1,0,0,1,0,0,1,1,0,0,1,1,1,0,0,1,1,0,0,0,0,1,1,0,0,1,0,1
2657,-0.85954905138808,0,1,1,0,0,0,0,0,0,1,0,0,0,1,1,1,0,0,1,0,0,0,0,0,1,0,0,1,0,1
2658,-0.437922353419014,1,0,0,0,0,0,0,0,1,1,0,0,0,1,1,1,0,1,1,0,0,0,0,0,1,0,0,1,0,1
2659,-0.486575298229612,1,0,1,0,0,0,0,0,0,1,0,0,0,1,1,1,0,1,1,0,0,0,0,1,1,0,0,1,1,0
2660,-0.383808303574639,1,0,0,0,0,0,1,0,1,1,0,1,0,1,1,1,0,1,0,0,0,0,1,1,1,0,0,0,1,1
2661,0.995098781354223,1,1,1,0,0,1,1,0,1,1,1,1,1,1,1,1,0,0,1,1,0,0,0,1,1,1,0,1,1,1
2662,0.880848466417169,1,1,1,0,1,0,1,0,1,1,0,1,1,1,1,1,0,1,1,1,1,0,1,1,1,0,0,1,0,1
2663,-1.4726998948692,0,0,0,0,0,0,0,0,0,1,0,0,0,1,0,0,0,0,1,0,0,0,0,1,0,0,0,0,0,1
2664,0.677102172441305,1,1,1,0,0,0,1,0,1,1,0,0,1,1,1,1,0,0,1,1,0,1,0,1,1,0,0,0,0,1
2665,0.414813054669998,1,0,1,0,1,1,1,1,1,1,0,0,0,1,1,1,0,1,1,0,0,0,0,0,1,0,1,1,1,1
2666,0.820721666497813,1,1,1,0,1,1,0,0,1,1,0,1,1,1,1,1,0,1,1,0,0,0,0,1,1,0,1,1,1,1
2667,-1.25059087397042,0,0,1,0,0,1,0,0,1,1,0,0,0,0,1,0,0,0,0,0,0,0,0,1,1,0,0,1,0,0
2668,0.066414026600496,1,0,1,0,0,1,0,0,1,1,0,1,0,1,1,1,0,1,0,0,0,0,0,1,1,0,0,1,0,0
2669,0.374953494883033,1,0,1,0,0,1,1,1,0,1,0,0,1,1,1,1,0,0,1,0,0,1,0,1,1,0,1,1,0,1
2670,0.119312784715901,1,0,0,0,0,1,1,0,1,1,0,1,0,1,1,1,0,1,1,1,0,1,0,1,1,0,0,1,0,1
2671,0.260230448001828,1,0,1,0,0,1,1,0,1,1,0,0,0,1,1,1,0,1,1,1,0,0,0,1,1,0,1,1,0,1
2672,0.92070307731552,0,1,1,0,0,1,1,1,1,1,0,0,1,1,1,1,0,1,1,0,1,0,0,1,1,0,0,1,1,1
2673,-0.86341263967805,1,0,1,0,0,1,0,0,0,1,0,0,0,1,1,0,0,1,1,0,0,0,0,0,1,0,0,0,0,0
2674,1.82849226588073,1,1,1,0,1,1,1,1,1,1,0,1,1,1,1,1,1,1,1,1,0,1,1,1,1,0,1,1,0,1
2675,1.41218738391928,1,0,1,0,0,1,1,1,1,1,0,0,1,1,1,1,0,1,1,1,0,1,0,1,1,1,1,1,1,1
2676,1.51353202500881,1,1,1,0,0,1,1,0,1,1,0,1,1,1,1,1,1,0,1,1,0,1,1,1,1,1,0,1,0,1
2677,0.612259129662135,1,0,1,0,1,1,0,1,1,1,1,1,1,1,1,1,1,0,1,0,0,0,0,1,1,0,0,1,1,1
2678,-1.1315789889128,0,0,0,0,0,0,0,0,0,1,0,0,0,1,0,0,0,1,1,0,0,0,0,0,0,0,0,0,0,0
2679,-0.447449311865557,1,0,0,0,0,0,1,0,0,1,0,0,0,1,1,1,0,1,1,0,0,0,0,1,1,0,0,1,1,1
2680,0.406385421428233,0,0,1,0,0,1,1,0,1,1,0,0,0,1,1,1,1,0,0,0,0,0,0,1,1,0,0,0,0,1
2681,-0.369893019575972,1,0,1,0,0,1,0,0,0,1,0,0,0,1,1,0,0,0,0,1,0,0,0,0,1,0,0,1,0,1
2682,-0.0870615265037841,1,0,1,0,0,1,1,0,1,1,0,1,0,1,1,1,0,0,1,0,0,0,0,1,1,0,0,1,0,1
2683,-0.586444651551375,1,0,0,0,0,0,0,0,1,1,0,0,0,1,1,0,0,0,1,0,0,0,0,1,1,0,0,0,0,1
2684,-0.452122810302129,1,0,1,0,0,0,1,0,0,1,0,1,0,1,1,0,0,1,1,1,0,0,0,1,1,0,0,0,0,1
2685,0.106164846861725,1,0,1,0,0,1,1,0,0,1,0,0,0,1,1,1,0,0,0,0,0,0,0,1,1,0,0,0,1,1
2686,0.969299574230428,1,1,1,0,0,1,1,1,0,1,0,0,1,1,1,1,0,1,1,1,0,1,0,1,1,0,0,1,1,1
2687,0.83322019712414,1,1,1,0,0,1,1,0,0,1,0,0,0,1,1,1,0,1,1,1,0,0,0,1,1,0,1,1,0,1
2688,-1.15317592730927,0,0,0,0,0,0,0,0,0,1,0,0,0,1,1,1,0,1,1,0,0,0,0,0,1,0,0,0,0,0
2689,-1.80351016903217,1,0,0,0,0,0,0,0,0,1,0,0,0,0,0,0,0,0,0,0,0,0,0,0,0,0,0,0,0,0
2690,-1.37265151185072,1,0,1,0,0,0,1,0,1,0,0,0,0,1,1,0,0,0,0,0,0,0,0,0,0,0,0,1,0,0
2691,-0.367838189488348,1,1,0,0,0,0,0,0,0,1,0,1,1,1,1,0,0,1,1,0,0,0,0,1,1,0,0,1,0,1
2692,0.355920411523097,1,0,1,0,0,1,0,0,1,1,0,0,1,1,1,1,0,0,1,0,0,0,0,1,1,0,1,1,0,1
2693,0.559770934494609,1,1,1,0,0,0,0,0,1,1,0,1,0,1,1,1,0,1,1,1,0,0,0,1,1,0,1,1,0,1
2694,-1.21980806661063,1,0,0,0,0,1,0,0,1,0,0,0,0,1,1,0,0,1,0,0,0,0,0,0,0,0,0,1,0,0
2695,-1.42801691308399,1,0,0,0,0,0,0,0,0,1,0,0,1,1,0,0,0,1,0,0,0,0,0,1,1,0,0,0,0,1
2696,0.513973650020568,1,0,1,0,0,1,0,0,0,1,1,0,1,1,1,1,0,0,1,1,0,0,0,0,1,0,0,1,1,1
2697,-0.155871210279541,1,0,1,0,0,1,0,0,1,1,0,0,0,1,1,1,0,0,1,0,0,0,0,1,1,0,0,0,1,1
2698,-0.206933907573998,1,0,0,0,0,0,1,0,0,1,0,0,0,1,0,1,0,0,1,0,0,0,0,1,1,0,0,0,0,1
2699,0.25621852816118,1,0,1,0,0,1,0,0,1,1,0,0,0,1,1,1,0,0,1,1,0,0,0,1,1,0,0,1,0,1
2700,-1.12770113216746,1,1,0,0,0,0,0,0,0,1,0,0,0,1,1,0,0,0,0,0,0,0,0,1,1,0,0,0,0,1
2701,0.100676950438586,1,0,1,0,0,1,0,1,1,1,0,0,0,1,1,1,0,1,1,0,0,0,1,1,1,0,0,1,1,1
2702,1.49160901093005,1,1,1,0,1,1,1,1,1,1,0,1,0,1,1,1,0,0,1,1,1,0,1,1,1,0,0,1,1,1
2703,-0.381061595893172,0,0,1,0,0,0,0,0,0,1,0,0,0,1,1,1,0,1,1,0,0,0,0,0,1,0,0,1,0,1
2704,1.54883337493504,1,1,1,0,1,1,1,0,1,1,0,1,0,1,1,1,1,1,1,1,0,1,1,1,1,0,1,0,1,1
2705,-0.932250867197365,1,0,1,0,0,1,0,0,1,1,0,0,0,1,1,0,0,0,0,0,0,0,0,1,1,0,0,0,0,1
2706,0.17818486181999,1,1,1,0,0,1,1,1,1,1,1,1,1,1,1,1,0,1,1,1,0,0,0,1,1,0,0,1,0,1
2707,-1.22712551775182,1,0,1,0,0,0,1,0,0,1,0,0,0,1,1,1,0,0,0,1,0,0,0,1,0,0,0,1,0,0
2708,2.03304464732039,1,1,1,0,1,1,1,1,1,1,1,1,1,1,1,1,0,1,1,0,1,1,1,1,1,0,1,1,1,1
2709,0.605954812112757,1,0,1,0,1,1,1,0,1,1,0,0,0,1,1,1,0,1,1,0,0,0,0,1,0,0,1,1,1,1
2710,-0.531908488671178,1,0,1,0,0,0,1,0,1,1,0,0,0,1,1,0,0,1,0,0,0,0,0,0,1,0,0,1,0,0
2711,1.14763517905221,1,1,1,1,0,1,1,0,1,1,0,0,1,1,1,1,0,0,1,1,0,1,0,1,1,0,0,0,1,1
2712,0.246185792455202,1,0,1,0,0,1,1,0,1,1,0,0,0,1,1,1,0,1,1,0,0,0,0,1,1,0,0,1,0,1
2713,-1.08080616549573,0,0,1,0,0,0,0,0,1,1,0,0,1,1,1,0,0,1,1,0,0,0,0,0,1,0,0,0,0,1
2714,-0.897875053248147,1,0,1,0,0,0,0,0,1,1,0,0,0,1,1,1,0,0,1,0,0,0,0,0,1,0,0,0,0,1
2715,-0.320905239072731,1,0,1,0,0,1,0,0,1,1,0,0,0,1,1,1,0,0,1,0,0,0,0,1,1,0,0,0,1,1
2716,0.694939109338977,1,0,1,0,0,1,1,0,1,1,0,1,1,1,1,1,0,1,1,0,0,0,0,1,1,0,1,1,0,0
2717,0.161350272341943,1,0,1,0,0,1,1,0,1,1,0,1,0,1,1,1,0,1,1,0,0,0,0,1,1,0,0,1,0,0
2718,0.313884333751754,1,0,1,0,0,0,1,0,0,1,0,0,0,1,1,1,0,0,1,0,0,0,1,0,1,0,0,1,1,1
2719,-1.27962349850599,1,0,1,0,0,0,0,0,1,0,0,0,1,1,1,0,0,0,1,0,0,0,0,0,1,0,0,0,0,0
2720,-1.11145636379087,0,0,1,0,0,1,0,0,1,1,0,0,0,1,0,1,0,1,1,0,0,0,0,0,1,0,0,1,0,1
2721,0.782793395249148,1,0,1,0,1,1,1,0,0,1,0,1,0,1,1,1,0,1,1,1,0,0,1,0,1,0,0,1,0,1
2722,-0.355051518658628,0,0,1,0,0,1,0,0,0,1,0,0,0,1,1,1,0,0,1,0,0,0,0,1,1,0,0,1,0,0
2723,0.576910264865475,1,1,1,0,1,1,0,1,1,1,0,1,1,1,1,1,0,1,1,0,0,0,0,0,1,0,0,1,1,1
2724,-0.194762694700333,1,1,1,0,0,0,1,0,1,1,0,1,0,1,1,0,0,1,1,0,0,0,0,1,1,0,0,1,0,0
2725,-0.688798105597419,1,0,0,0,0,0,0,0,1,0,0,0,0,1,1,1,0,0,1,0,0,0,0,0,1,0,0,1,0,1
2726,1.44442101280208,1,0,1,0,1,1,1,0,1,1,1,1,0,1,1,1,1,1,1,1,0,0,1,1,1,0,1,1,0,1
2727,-2.00690378008918,0,0,0,0,0,0,0,0,0,0,0,0,0,1,1,0,0,0,0,0,0,0,0,0,0,0,0,0,0,0
2728,-0.104104566106206,1,0,1,0,0,1,1,0,1,1,0,0,0,1,1,1,0,0,1,0,0,0,0,1,1,0,0,1,1,1
2729,-0.574523290134111,1,0,1,0,0,0,0,0,1,1,0,0,0,1,1,1,0,0,1,0,0,0,0,1,1,0,0,0,0,0
2730,-1.18319474154325,0,0,0,0,0,0,1,0,0,1,0,0,0,1,0,0,0,1,0,0,0,0,0,0,0,0,0,1,0,1
2731,1.19447535785806,1,1,1,1,0,1,1,0,0,1,1,1,1,1,1,1,0,1,1,1,1,1,1,1,1,0,1,1,1,1
2732,-2.10820926637512,0,0,0,0,0,0,0,0,0,0,0,0,0,0,1,0,0,1,0,0,0,0,0,0,0,0,0,0,0,0
2733,-0.820570553736278,1,0,0,0,0,1,1,0,1,1,0,1,0,1,1,1,0,1,1,0,0,0,0,1,1,0,0,0,0,0
2734,-0.557041202725381,1,0,1,0,0,1,1,0,0,1,0,0,0,1,1,0,0,1,1,1,0,0,0,0,1,0,0,1,1,1
2735,0.395468796352583,1,0,0,0,0,1,1,0,0,1,0,0,1,1,1,1,0,1,1,1,1,1,0,1,1,0,0,1,0,1
2736,-0.676739753323192,1,0,1,0,0,1,0,0,1,0,0,1,0,1,1,1,0,1,1,0,0,0,0,0,1,0,0,1,0,1
2737,1.21123253662268,1,1,1,1,1,1,1,0,1,1,1,1,0,1,1,1,1,1,1,1,0,0,1,1,1,0,0,1,1,1
2738,-0.177814131750924,0,0,0,0,0,0,1,0,0,1,0,0,0,1,1,1,0,1,0,1,0,0,0,1,0,0,0,0,1,1
2739,0.211208330190354,1,0,1,0,0,1,1,0,1,1,0,0,0,1,1,1,0,1,1,0,0,0,0,1,1,0,0,0,0,1
2740,-2.1968672814715,0,0,0,0,0,0,1,0,1,0,0,1,0,0,0,0,0,0,0,0,0,0,0,0,1,0,0,0,0,0
2741,2.616944284462,1,1,1,1,1,1,1,1,1,1,1,1,0,1,1,1,1,0,1,1,1,0,0,1,1,1,1,1,1,1
2742,-1.80066968174544,0,0,0,0,0,0,0,0,0,0,0,0,0,1,1,0,0,0,0,0,0,0,0,0,0,0,0,0,0,0
2743,1.47693115286294,1,1,1,1,0,1,1,1,1,1,1,1,1,1,1,1,1,0,1,1,1,1,1,1,1,1,1,1,1,1
2744,-1.21640437587681,1,1,0,0,0,0,1,0,0,0,0,1,0,1,1,1,0,0,1,0,0,0,0,1,0,0,0,0,0,1
2745,1.11927174158355,1,1,1,0,0,1,1,0,1,1,0,1,1,1,1,1,0,1,1,1,0,0,0,1,1,1,1,1,1,1
2746,1.28534825056958,1,0,1,0,1,1,1,1,1,1,0,0,1,1,1,1,0,1,1,0,0,0,0,1,1,1,0,0,1,1
2747,-1.51072927705815,0,0,0,0,0,0,0,0,0,0,0,0,0,1,0,0,0,0,0,0,0,0,0,1,0,0,0,0,0,0
2748,0.138195219170875,1,0,1,0,0,1,0,0,0,1,0,1,0,1,1,1,0,0,0,1,0,0,0,1,1,0,0,0,0,1
2749,-0.374991142921993,0,1,1,0,0,1,1,0,0,1,0,0,0,1,0,1,0,0,1,0,0,0,0,0,1,0,0,0,0,1
2750,0.455345520498519,1,1,1,0,0,1,1,1,1,1,0,1,1,1,1,1,0,1,1,0,0,0,0,1,1,0,0,1,0,1
2751,-0.730533802766706,0,0,1,0,0,1,1,0,1,0,0,1,0,1,1,1,0,1,1,0,0,0,0,0,1,0,0,0,0,0
2752,-0.978890035532624,0,0,0,0,0,1,0,0,1,1,0,0,0,1,1,1,0,0,1,0,0,0,0,0,1,0,0,1,0,1
2753,1.12850887337326,1,0,1,0,0,1,1,0,1,1,0,1,0,1,1,1,0,1,1,1,0,0,1,1,1,0,0,1,1,1
2754,0.801782881336252,1,1,0,1,1,1,1,1,1,1,0,1,1,1,1,1,0,1,1,1,0,0,0,1,1,0,1,1,0,1
2755,-0.409154102800632,1,0,0,0,0,1,1,0,0,1,0,0,0,1,1,1,0,0,1,0,0,0,0,1,1,0,0,1,1,1
2756,-0.0168930061202558,1,0,1,0,0,1,1,0,1,1,0,0,1,1,1,1,0,1,0,0,0,0,0,1,1,0,0,1,0,1
2757,0.323006889041598,1,0,1,0,0,0,0,0,1,1,0,1,0,1,1,1,0,1,1,0,0,0,0,1,1,0,0,1,0,1
2758,0.554940302544069,1,1,1,0,0,1,1,1,0,1,0,1,1,1,1,1,0,1,1,1,0,0,0,1,1,0,0,1,1,1
2759,-0.136440076255212,0,0,1,0,0,1,1,0,1,1,0,0,0,1,1,1,0,0,1,0,0,0,0,1,0,0,0,0,0,1
2760,-0.501879116961384,1,0,0,0,0,0,0,0,0,1,0,0,0,1,0,0,0,0,1,0,0,0,1,1,0,0,0,0,0,1
2761,-0.794776420632586,1,0,1,0,0,0,1,0,1,1,0,0,0,1,1,1,0,0,1,1,0,0,0,1,0,0,0,1,0,1
2762,0.981881748513554,1,0,1,1,0,1,1,0,1,1,0,0,0,1,1,1,1,1,1,1,0,0,0,1,1,0,0,1,1,1
2763,-1.08543418103134,0,0,0,0,0,0,1,0,1,1,0,0,0,1,1,0,0,1,1,0,0,0,0,0,0,0,0,1,0,1
2764,-0.426547723746001,1,0,0,0,0,1,1,0,1,1,0,0,1,1,1,0,0,0,1,0,0,0,0,1,1,0,0,1,0,0
2765,-0.763409110033216,1,0,1,0,0,1,1,0,1,1,0,0,0,1,1,0,0,0,0,0,0,0,0,1,1,0,0,0,0,1
2766,-1.32321523018246,0,0,0,0,0,1,0,0,0,0,0,0,0,1,0,0,0,0,1,0,0,0,0,1,0,0,0,1,0,0
2767,0.498776169928735,1,0,1,0,0,1,0,0,1,1,0,0,0,1,1,1,0,1,1,0,0,0,0,1,1,0,0,1,0,1
2768,1.58358854255591,1,1,1,0,0,1,1,0,1,1,0,0,1,1,1,1,0,0,1,1,1,1,1,1,1,0,1,1,1,1
2769,0.472433876774901,1,0,1,0,0,1,1,0,1,1,0,1,1,1,1,1,0,1,1,0,0,0,0,1,1,0,0,0,0,1
2770,2.52478213732014,1,1,1,0,1,1,1,1,1,1,1,1,1,1,1,1,1,1,1,1,1,1,0,1,1,1,1,1,0,1
2771,-0.624312315659488,1,0,0,0,0,0,0,0,0,1,0,1,0,1,1,1,0,0,1,0,0,0,0,1,1,0,0,0,0,1
2772,0.881682458938606,1,1,1,0,0,1,0,0,1,1,0,1,0,1,1,1,0,0,1,1,0,1,1,1,1,0,0,1,1,1
2773,0.0921761353717474,0,0,1,0,0,1,0,0,1,1,0,0,1,1,1,1,0,0,1,0,0,0,0,1,1,0,0,1,0,1
2774,0.649952892712396,1,1,1,1,0,1,1,0,1,1,0,1,0,1,1,1,1,1,1,1,0,1,0,1,1,0,1,1,0,0
2775,1.42206955579321,1,1,1,0,1,1,1,1,1,1,0,1,1,1,1,1,1,1,1,1,0,0,1,1,1,1,0,1,0,1
2776,0.817854280074586,1,0,0,0,1,1,0,0,1,1,0,1,1,1,1,1,0,0,1,0,0,0,0,1,1,0,0,1,0,1
2777,1.37952104985576,1,1,1,1,0,1,1,0,1,1,0,1,1,1,1,1,0,1,1,0,1,1,0,1,1,0,1,0,1,1
2778,0.427168892507888,1,0,1,0,0,1,0,0,1,1,0,1,0,1,1,0,0,0,1,1,0,0,0,1,1,0,0,1,0,1
2779,1.12831284371913,1,1,1,0,1,1,0,0,1,1,0,1,1,1,1,1,0,1,1,1,0,1,1,1,1,0,0,1,0,0
2780,0.216054900645148,1,0,1,0,0,1,0,0,0,1,0,0,0,1,1,1,0,1,1,1,0,0,0,0,1,0,1,1,0,1
2781,1.19146441857623,1,1,1,0,0,1,1,0,0,1,1,1,0,1,1,1,0,0,1,1,0,0,1,1,1,0,0,1,0,1
2782,-2.0508475668235,0,0,0,0,0,0,0,0,0,0,0,0,0,0,0,0,0,1,0,0,0,0,0,0,0,0,0,0,0,0
2783,0.48390061213238,1,0,1,0,0,1,1,0,1,1,0,1,0,1,1,1,0,1,1,0,0,0,0,1,1,0,0,1,1,1
2784,0.0511284337219811,1,0,1,0,0,0,1,0,0,1,0,0,1,1,1,1,0,1,1,1,0,0,0,1,1,0,0,0,1,1
2785,-0.554837602526982,0,0,1,0,0,0,1,0,0,1,0,0,0,1,1,1,0,0,1,0,0,0,0,1,1,0,0,1,0,1
2786,1.08497006175413,1,1,1,1,0,1,1,0,0,1,0,1,0,1,1,1,1,0,1,1,0,0,1,1,1,1,1,1,1,1
2787,0.201685476777816,1,0,1,0,0,1,1,0,1,1,0,1,0,1,1,1,0,0,1,0,0,0,1,1,1,0,0,1,0,1
2788,0.192902214563376,1,0,1,0,0,0,0,0,1,1,0,1,0,1,1,1,0,0,1,0,0,1,0,1,1,0,0,1,0,1
2789,-1.27999345634664,0,0,0,0,0,0,0,0,0,1,0,0,1,0,1,0,0,1,1,0,0,0,0,1,0,0,0,0,0,1
2790,0.979744225326599,1,1,1,0,0,1,1,0,1,1,0,0,1,1,1,1,0,1,1,0,0,1,1,1,1,0,1,1,0,1
2791,0.672189006336391,1,1,1,0,0,1,0,0,1,1,0,1,0,1,1,1,0,1,1,1,1,0,0,1,1,0,0,1,1,1
2792,0.0159549475411757,1,1,1,0,0,1,1,0,0,1,0,0,1,1,1,1,0,1,1,0,0,0,0,1,1,0,0,1,0,1
2793,-1.46552578080421,0,0,0,0,0,0,0,0,0,0,0,0,0,1,1,0,0,0,0,0,0,0,0,0,1,0,0,0,0,1
2794,0.839222299420949,1,0,1,0,0,1,1,0,0,1,0,1,1,1,1,1,0,0,1,1,0,0,0,1,1,0,1,0,1,1
2795,0.911940795412397,1,0,1,0,0,1,1,1,1,1,0,1,1,1,1,1,0,1,1,1,0,0,1,0,1,0,0,1,0,1
2796,0.180103678270843,1,0,1,0,0,1,1,0,0,1,0,0,1,1,1,1,0,0,1,1,0,0,0,1,1,0,0,1,0,1
2797,-1.52982791714599,0,0,0,0,0,0,1,0,0,1,0,0,0,1,1,0,0,0,1,0,0,0,0,0,1,0,0,0,0,0
2798,-1.27220288709904,0,0,1,0,0,0,0,0,0,1,0,0,0,1,1,0,0,1,0,0,0,0,0,0,0,0,0,1,0,1
2799,-0.651580974800926,1,0,1,0,0,1,0,0,0,1,0,0,0,1,0,0,0,1,0,0,0,0,0,1,1,0,0,0,0,1
2800,1.18357724011391,1,0,1,0,0,1,1,0,1,1,0,1,1,1,1,1,0,0,1,1,0,0,0,1,1,1,1,1,1,1
2801,-0.568566374631771,1,0,1,0,0,1,1,0,0,1,0,0,0,1,1,1,0,1,1,0,0,0,0,0,1,0,0,0,0,1
2802,1.70335921441047,1,1,1,0,1,1,1,1,1,1,1,1,1,1,1,1,1,1,1,1,0,1,0,1,1,0,1,1,1,1
2803,0.381992657444174,1,1,1,0,0,1,0,0,1,1,0,1,0,1,1,1,0,0,1,0,0,1,1,1,1,0,0,1,1,1
2804,0.220499641354804,1,0,0,0,0,1,1,0,1,1,0,0,1,1,1,1,0,1,1,1,0,0,0,1,1,0,1,1,0,1
2805,-0.285159710331505,1,0,0,0,0,1,0,0,0,1,0,0,0,1,1,0,0,1,1,0,0,0,0,1,1,0,0,1,0,1
2806,1.07378471825523,1,1,1,1,0,1,0,1,1,1,0,0,0,1,1,1,0,0,1,1,0,1,1,1,1,0,1,1,0,1
2807,0.208740161525195,1,0,0,0,0,1,1,0,1,1,0,0,1,1,1,1,0,0,1,0,0,0,1,1,1,0,0,0,0,1
2808,0.911078375190776,1,0,1,0,0,1,1,1,1,1,1,0,0,1,1,1,0,1,1,0,0,0,1,1,1,0,0,1,1,1
2809,1.45676369441358,1,0,1,0,0,1,1,0,1,1,1,1,1,1,1,1,1,1,1,0,0,1,1,1,1,0,1,1,1,1
2810,-0.0688921255378027,1,1,1,0,0,0,0,0,1,1,0,1,0,1,1,1,0,1,1,0,0,0,0,1,1,0,0,1,1,1
2811,-0.897620547151669,1,0,1,0,0,0,0,0,0,1,0,0,0,1,1,0,0,1,0,1,1,0,0,0,0,0,0,1,0,1
2812,2.91244681087071,1,1,1,1,1,1,1,1,1,1,1,1,1,1,1,1,1,1,1,1,1,1,1,1,1,1,1,1,1,1
2813,-0.333461100521289,1,0,1,0,0,1,1,0,1,1,0,0,0,1,1,1,0,0,0,0,0,0,0,1,1,0,0,0,0,1
2814,-1.66089162148095,0,0,0,0,0,0,0,0,1,0,0,0,0,1,0,1,0,0,0,0,0,0,0,0,0,0,0,0,0,0
2815,0.389719576677759,1,0,1,0,0,1,0,0,1,1,0,1,1,1,1,1,0,1,1,1,0,0,0,1,1,0,0,1,0,1
2816,1.04435258693374,1,1,1,0,1,1,1,0,1,1,0,1,1,1,1,1,1,1,1,0,0,1,0,1,1,0,1,1,1,1
2817,-1.56565399056326,1,0,0,0,0,0,0,0,1,0,0,0,0,1,0,0,0,0,1,0,0,0,0,0,0,0,0,0,0,1
2818,1.6110857035973,1,1,1,1,1,1,1,1,1,1,1,1,1,1,1,1,1,0,1,1,0,1,1,1,1,0,1,1,1,1
2819,-2.33455685093172,0,0,0,0,0,1,0,0,0,0,0,0,0,0,0,0,0,0,0,0,0,0,0,0,0,0,0,0,0,0
2820,-0.239531700796471,1,0,1,0,0,1,1,0,1,1,0,0,0,1,1,1,0,1,1,0,0,0,0,1,1,0,0,0,1,0
2821,0.0719514066034296,1,0,0,0,0,1,1,0,0,1,0,0,0,1,1,1,0,0,1,1,0,0,0,1,1,0,0,1,0,1
2822,-0.748793159569842,1,0,0,0,0,1,1,0,0,1,0,0,0,1,0,1,0,0,1,0,0,0,0,1,1,0,0,1,0,1
2823,0.0696778497937118,1,0,1,0,0,1,1,0,1,1,0,0,0,1,1,1,0,0,1,1,0,0,0,1,1,0,0,1,0,0
2824,-0.840652740001465,1,0,1,0,0,1,0,0,0,1,0,0,0,1,1,1,0,1,0,0,0,0,0,0,1,0,0,1,0,1
2825,-1.05257928254971,1,0,0,0,0,0,1,0,0,1,0,0,0,1,1,1,0,0,1,0,0,0,0,1,1,0,0,0,0,0
2826,1.42912177324082,1,1,1,0,1,1,1,1,0,1,1,0,1,1,1,1,0,0,1,0,0,1,1,1,1,1,0,1,0,1
2827,0.799374818370794,1,0,1,0,0,1,0,1,1,1,0,1,1,1,1,1,0,1,1,1,0,0,0,1,1,0,0,1,0,1
2828,1.02510489156071,1,1,1,0,1,1,0,0,0,1,1,1,1,1,1,1,0,1,1,1,1,1,1,1,1,0,0,1,1,1
2829,2.17740427468302,1,1,1,1,1,1,1,1,1,1,1,1,1,1,1,1,1,1,1,0,1,1,1,1,1,1,1,1,1,1
2830,0.961818886739205,1,0,1,0,0,1,1,1,1,1,0,0,1,1,1,1,0,0,1,0,0,1,0,1,1,0,0,1,1,1
2831,-2.11422580556039,0,0,0,0,0,0,0,0,1,0,0,0,0,1,1,0,0,1,0,0,0,0,0,1,0,0,0,0,0,0
2832,-0.504031949904129,1,0,1,0,0,1,1,0,1,1,0,1,0,1,1,1,0,1,1,0,0,1,0,1,1,0,0,0,0,1
2833,0.873325303231317,1,0,1,1,0,1,1,0,1,1,0,1,1,1,1,1,0,1,1,0,1,1,0,1,1,0,1,1,0,1
2834,-1.21956048358647,1,0,0,0,0,0,0,0,1,0,0,0,0,1,1,1,0,1,0,0,0,0,0,0,0,0,0,1,0,1
2835,-1.29689071887056,1,0,1,0,0,0,0,0,0,1,0,0,0,1,0,0,0,0,0,1,0,0,0,0,0,0,0,0,0,0
2836,-0.832809062859024,0,0,1,0,0,1,1,0,0,1,0,0,0,1,1,1,0,1,0,0,0,0,0,0,1,0,0,1,0,1
2837,1.39263751493333,1,1,1,0,1,1,1,0,1,1,1,1,1,1,1,1,0,1,1,0,1,1,1,1,1,0,1,1,1,1
2838,0.367923881989876,1,0,1,0,0,1,1,0,0,1,0,1,0,1,1,1,0,0,0,0,0,0,0,1,1,0,1,1,1,1
2839,1.00682107912071,1,1,1,0,0,1,1,0,1,1,1,1,1,1,1,1,1,1,1,1,0,0,0,1,1,0,0,1,1,1
2840,1.18796354094582,1,0,1,0,0,0,1,1,1,1,0,1,0,1,1,1,0,0,1,0,0,1,0,1,1,0,0,1,1,1
2841,-1.34098526820677,0,0,1,0,0,0,0,0,0,1,0,0,0,1,1,1,0,0,1,0,0,0,0,0,0,0,0,0,0,1
2842,1.27054903244112,1,1,1,0,1,1,1,1,1,1,0,1,0,1,1,1,0,1,1,1,0,0,1,0,1,1,1,1,1,1
2843,-0.908997756315378,1,0,0,0,0,1,0,0,0,0,0,0,0,1,1,0,0,0,1,0,0,0,0,1,1,0,0,0,0,1
2844,-0.171401115621915,1,0,1,0,0,1,0,0,1,1,0,1,0,1,1,1,0,0,0,1,0,0,0,0,1,0,0,1,0,1
2845,1.27045769238553,1,1,1,0,0,1,1,0,1,1,0,1,1,1,1,1,1,1,1,1,0,1,1,1,1,0,1,0,1,1
2846,-0.252261327487559,1,0,1,0,0,1,1,0,1,1,0,1,1,1,1,1,0,1,0,0,0,0,0,1,1,0,0,1,1,1
2847,0.414922972155059,1,0,1,0,0,1,1,0,0,1,0,0,1,1,1,1,0,0,1,1,0,0,0,1,1,0,1,1,1,1
2848,-0.0644698489673872,1,1,0,0,0,1,1,0,1,1,0,1,0,1,1,1,0,0,1,1,0,0,0,0,1,0,0,0,0,0
2849,-2.31868324810819,0,0,0,0,0,0,0,0,0,0,0,0,0,0,0,0,0,0,0,0,0,0,0,0,0,0,0,0,0,0
2850,-0.134092397861998,1,1,1,0,0,0,0,0,0,1,0,0,0,1,1,1,0,0,1,0,0,0,0,1,1,0,0,1,0,1
2851,-1.28403147761044,0,0,1,0,0,0,1,0,0,0,0,0,0,1,1,0,0,0,0,0,0,0,0,1,0,0,0,1,0,0
2852,-0.636613866262082,1,0,1,0,0,0,1,0,0,1,0,0,0,1,1,0,0,1,1,0,0,0,0,1,1,0,0,1,0,0
2853,0.115395989539927,1,0,1,0,0,1,1,0,0,1,0,0,0,1,1,1,0,0,1,0,0,0,1,1,1,0,0,1,1,1
2854,0.0509570692175863,1,0,1,0,0,0,0,0,1,1,0,1,1,1,1,0,0,1,1,1,0,0,0,1,1,0,0,1,0,1
2855,-1.66074181472258,0,0,1,0,0,0,0,0,0,0,0,0,0,1,0,1,0,0,0,0,0,0,0,0,0,0,0,0,0,1
2856,-0.20949496998635,1,0,1,0,0,1,0,0,1,1,0,0,0,1,1,1,0,1,1,1,0,0,0,1,1,0,0,0,0,1
2857,0.0223547456720992,1,0,1,0,0,0,1,0,1,1,0,1,0,1,1,1,0,1,1,0,0,0,0,1,1,0,1,1,1,1
2858,-0.340299939098778,1,0,1,0,0,0,1,0,1,1,0,0,1,1,0,1,0,1,1,0,0,0,0,0,1,0,1,0,1,1
2859,-0.510267672243172,1,1,0,0,0,0,1,0,1,1,0,0,0,1,1,1,0,1,1,0,0,0,0,1,1,0,0,1,1,0
2860,-1.15822124932261,0,0,1,0,0,0,1,0,0,1,0,1,0,1,1,0,0,0,0,0,0,0,0,1,0,0,0,0,0,0
2861,1.3679054397451,1,0,1,0,1,1,1,0,1,1,0,1,1,1,1,1,0,0,1,1,1,1,0,1,1,0,0,1,1,1
2862,1.33316206316929,1,0,1,0,0,1,0,1,1,1,0,1,0,1,1,1,0,0,1,1,0,0,0,1,1,1,0,1,0,1
2863,-0.719404997816845,1,0,1,0,0,0,0,0,0,1,0,0,0,1,1,0,0,1,0,0,0,0,0,0,1,0,0,0,1,1
2864,1.60456698536362,1,1,1,1,1,1,1,0,1,1,1,1,1,1,1,1,0,1,1,0,0,1,1,1,1,0,1,1,1,1
2865,-2.76320428135756,0,0,0,0,0,0,1,0,0,0,0,0,0,0,0,0,0,0,0,0,0,0,0,0,0,0,0,0,0,0
2866,0.422679725857674,1,1,1,0,0,1,1,0,1,0,0,0,0,1,1,1,0,0,1,1,0,0,0,1,1,0,0,1,0,1
2867,0.665735061363568,1,1,1,0,0,1,0,0,1,1,0,1,1,1,1,1,0,1,1,1,0,0,0,1,1,0,1,1,0,1
2868,-2.60232360463364,0,0,0,0,0,0,0,0,0,0,0,0,0,0,0,1,0,0,1,0,0,0,0,0,0,0,0,0,0,0
2869,0.0720970164764121,1,0,1,0,0,1,0,0,1,1,0,1,0,1,1,1,0,1,1,0,0,0,1,1,1,0,0,0,1,1
2870,-0.467678042127147,0,1,1,0,0,0,0,0,1,1,0,0,0,1,1,1,1,1,1,0,0,0,0,1,1,0,0,1,0,1
2871,0.712993774810343,1,1,1,0,1,1,1,0,1,1,1,1,1,1,1,1,0,0,1,1,0,0,0,1,1,0,1,1,0,1
2872,-0.0429649052922867,1,1,1,0,0,1,1,0,1,1,0,0,0,1,1,1,0,1,1,0,0,0,0,1,1,0,0,1,0,1
2873,1.12857764561328,1,1,1,1,0,1,1,0,1,1,0,1,1,1,1,1,0,0,1,0,0,0,1,1,1,0,1,1,1,1
2874,-1.13820188061031,0,0,0,0,0,1,0,0,0,0,0,0,0,1,1,1,0,0,0,0,0,0,0,0,1,0,0,1,0,1
2875,0.587088927973106,1,1,1,0,0,1,1,0,0,1,0,1,1,1,1,1,0,0,1,1,0,1,0,1,1,0,0,1,1,1
2876,0.637804770065076,1,1,1,0,0,1,1,0,1,1,0,1,1,1,1,1,0,1,1,0,0,1,0,1,1,0,1,1,0,1
2877,0.478329593675557,1,0,1,0,0,1,1,0,1,1,0,0,1,1,1,1,0,1,1,1,0,0,0,1,1,0,1,1,0,1
2878,0.424361391918624,1,0,1,0,0,1,1,0,0,1,1,0,1,1,1,0,0,1,1,0,1,0,0,1,1,0,0,1,1,1
2879,-0.672697862239097,1,0,0,0,0,0,1,0,0,1,0,0,1,1,1,1,0,1,1,0,0,0,0,0,1,0,0,0,0,1
2880,-0.768054866344754,1,1,0,0,0,1,0,0,1,1,0,0,0,1,1,0,0,0,0,0,0,0,0,0,1,0,0,0,0,0
2881,-2.06915728373042,0,0,0,0,0,0,0,0,0,0,0,0,0,0,0,0,0,1,1,0,0,0,0,1,0,0,0,0,0,0
2882,0.33398519724063,1,0,1,0,0,0,0,0,1,1,0,0,1,1,1,1,0,0,1,0,0,1,0,1,1,0,0,0,0,1
2883,-0.155109902182554,1,0,1,0,0,1,0,0,1,1,0,0,1,0,1,1,0,1,1,0,0,0,0,0,1,0,0,1,0,0
2884,0.939946140986637,1,1,1,0,1,1,1,1,1,1,0,1,1,1,1,1,0,0,1,0,0,1,0,1,1,0,0,1,1,1
2885,0.732525591511005,1,0,1,0,1,0,1,0,1,1,0,1,0,1,1,1,0,1,1,1,0,0,1,1,1,0,0,1,0,1
2886,-1.47109789235469,1,0,0,0,0,0,0,0,1,0,0,0,0,1,1,0,0,1,0,0,0,0,0,0,0,0,0,0,0,0
2887,1.82675253165385,1,1,1,1,1,1,1,0,1,1,1,1,1,1,1,1,1,1,1,1,0,1,1,1,1,1,1,1,0,1
2888,-1.59710906185911,0,0,1,0,0,0,0,0,0,1,0,0,0,0,1,1,0,0,0,0,0,0,0,1,0,0,0,0,0,0
2889,1.11380693706746,1,1,1,1,0,1,1,0,0,1,1,1,1,1,1,1,0,1,1,1,0,0,1,1,1,0,0,1,1,1
2890,1.15492607471375,1,0,1,1,0,1,1,0,1,1,0,1,1,1,1,1,0,1,1,0,0,0,1,1,1,0,1,1,1,1
2891,-0.499279641037021,0,0,1,0,0,0,0,0,1,0,0,0,0,1,1,0,0,0,1,0,0,0,0,0,1,0,0,1,0,1
2892,0.953885225037401,1,0,1,0,0,1,1,0,1,1,1,1,0,1,1,1,0,0,1,1,0,1,0,1,1,1,0,1,1,1
2893,0.603613481512028,1,0,1,0,0,1,1,0,1,1,0,0,1,1,1,1,0,1,1,0,0,1,0,1,1,0,1,0,0,1
2894,-1.20019123995553,0,1,0,0,0,0,0,0,0,0,0,0,0,1,1,0,0,0,1,0,0,0,0,0,1,0,0,0,0,1
2895,0.380404772400381,1,0,1,0,0,1,1,0,1,1,0,0,0,1,1,1,0,0,1,0,0,0,0,0,1,0,0,1,0,0
2896,-1.37307187096116,0,1,0,0,0,0,0,0,0,0,0,0,0,1,0,0,0,0,0,0,0,0,0,0,0,0,0,0,0,0
2897,-0.860250460287441,0,0,0,0,0,0,0,0,0,1,0,0,0,1,1,1,0,0,1,1,0,0,0,0,0,0,0,0,0,0
2898,-1.05174606013377,1,0,1,0,0,1,1,0,0,1,0,0,0,1,1,0,0,1,0,0,0,0,0,0,1,0,0,0,0,0
2899,-0.370073744466711,1,0,1,0,0,1,0,0,0,1,0,0,1,1,1,0,0,0,1,0,0,0,0,0,1,0,0,1,0,1
2900,0.985859554585846,1,0,1,1,0,1,0,0,1,1,0,0,1,1,1,1,0,1,1,1,1,0,0,1,1,1,0,1,0,1
2901,0.920700415113486,1,0,1,0,0,1,1,0,0,1,0,0,0,1,1,1,0,1,1,0,0,0,1,1,1,0,0,1,0,1
2902,2.05282179508594,1,1,1,0,1,1,1,1,1,1,1,1,1,1,1,1,1,0,1,1,0,1,1,1,1,1,1,1,1,1
2903,0.113743088233234,1,1,1,0,0,1,1,0,1,1,0,1,0,1,1,1,0,0,1,0,0,0,0,0,1,0,0,1,0,1
2904,0.00381995261822611,1,0,1,0,0,1,1,0,1,1,0,0,0,1,0,1,0,0,1,0,0,0,0,1,1,0,0,1,0,1
2905,0.455702641040851,1,1,1,0,0,1,1,1,1,1,0,1,0,1,1,1,0,1,1,0,0,0,1,1,1,0,0,1,1,1
2906,-1.34511898746903,0,0,0,0,0,0,1,0,0,1,0,0,0,1,0,0,0,0,0,0,0,0,0,0,1,0,0,0,1,1
2907,-0.870094767797191,0,0,1,0,0,0,0,0,1,1,0,0,0,1,1,1,0,0,0,0,0,0,0,1,0,0,0,0,0,1
2908,0.420170454415474,1,0,1,0,0,1,0,0,1,1,0,1,1,1,1,1,0,1,1,0,0,0,0,0,1,0,0,1,0,1
2909,0.628992983499563,1,0,1,0,0,0,1,0,1,1,0,1,1,1,1,1,0,0,1,0,0,0,1,1,1,0,0,1,0,1
2910,0.537868577893558,1,1,1,0,0,1,1,0,1,1,1,1,0,1,1,1,0,0,0,1,0,1,1,0,1,0,0,1,0,1
2911,0.150094750847626,1,1,1,0,0,1,0,0,1,1,0,0,1,1,1,1,0,1,1,0,0,0,1,1,1,1,1,1,0,1
2912,-0.14570713173471,1,0,0,0,0,1,1,0,1,1,0,0,0,1,1,1,0,0,1,0,0,0,0,1,1,0,0,0,0,0
2913,-0.646844513290188,1,0,1,0,0,0,0,0,1,1,0,0,0,1,1,0,0,0,0,1,0,0,0,0,1,0,0,1,0,1
2914,0.877921992898496,1,1,1,0,0,1,0,0,1,1,0,0,0,1,1,1,0,1,1,1,1,0,0,1,1,0,0,1,0,1
2915,1.83836488092585,1,1,1,1,1,1,1,0,1,1,1,1,1,1,1,1,0,1,1,1,1,1,1,1,1,0,1,1,1,1
2916,-0.289467657207132,1,1,1,0,0,0,0,0,0,1,0,0,1,1,1,0,0,0,1,1,0,0,1,1,1,0,0,0,0,1
2917,0.273360557006021,1,0,1,0,0,1,1,0,1,1,0,1,0,1,1,1,0,1,1,0,0,0,0,0,1,0,0,0,1,1
2918,0.299276333347494,1,1,1,0,0,1,0,0,1,1,0,1,0,1,1,1,0,1,0,1,0,0,0,1,1,0,0,0,1,1
2919,-0.0372089255067707,0,1,1,0,0,0,1,0,0,1,0,1,0,1,1,0,0,1,1,0,0,0,0,0,1,0,0,0,0,0
2920,-0.111350248210183,0,1,1,0,0,1,1,0,0,1,0,1,0,1,1,1,0,1,1,0,0,0,0,1,1,0,0,1,1,1
2921,2.09100982613924,1,1,1,1,0,1,1,1,1,1,1,1,1,1,1,1,0,1,1,1,1,1,1,1,1,1,1,1,1,1
2922,0.715531263297927,1,1,1,0,0,1,1,0,1,1,0,1,1,1,1,1,0,1,1,0,0,0,1,1,1,0,0,0,1,1
2923,0.338442823923639,0,0,1,0,1,1,1,0,1,1,0,0,1,1,1,1,0,0,1,0,0,0,0,1,1,0,1,1,0,1
2924,2.22886826752815,1,1,1,1,1,1,1,1,0,1,0,1,1,1,1,1,1,1,1,1,0,1,1,1,1,0,1,1,1,1
2925,-1.27840867850547,0,1,1,0,0,0,0,0,1,0,0,1,0,1,1,0,0,1,0,0,0,0,0,0,1,0,0,0,0,1
2926,1.15868356478162,1,0,1,1,1,1,1,0,1,1,1,1,1,1,1,0,0,1,1,1,0,1,0,1,1,0,1,1,1,1
2927,-0.279025453131128,1,0,1,0,0,1,1,0,1,1,0,1,0,1,1,1,0,1,0,0,0,0,0,1,1,0,0,1,0,1
2928,-0.964437333753493,0,0,0,0,0,0,0,0,0,1,0,0,0,1,1,0,0,0,0,0,0,0,0,1,0,0,0,1,0,0
2929,1.98403793010733,1,1,1,0,1,1,1,0,1,1,0,0,1,1,1,1,1,0,1,1,1,1,1,1,1,1,1,1,1,1
2930,-0.417848761772263,1,0,1,0,0,1,0,0,1,1,0,1,1,1,1,0,0,1,1,0,0,0,0,0,1,0,0,1,0,1
2931,0.426582587961822,1,1,1,0,0,1,1,0,1,1,0,0,0,1,1,1,0,0,1,0,0,0,0,1,1,0,0,1,1,1
2932,0.933199084786784,1,1,1,0,0,1,1,0,1,1,1,0,0,1,1,1,0,1,1,0,0,1,1,1,1,1,0,1,1,1
2933,-0.543971881880032,0,0,0,0,0,0,1,0,0,1,0,0,0,1,1,1,0,1,1,0,0,0,0,0,1,0,0,0,0,1
2934,0.990928411500393,1,1,1,0,1,1,1,1,1,1,1,1,1,1,1,1,0,1,1,0,0,0,0,1,1,0,1,0,1,1
2935,0.306979424135434,1,0,1,1,0,1,0,0,1,1,0,1,0,1,1,1,0,1,1,1,0,0,0,1,1,0,0,1,0,1
2936,0.0645429636518343,0,0,1,0,0,1,0,0,0,1,0,1,0,1,1,1,0,1,1,0,0,0,1,1,0,0,0,1,0,1
2937,0.35038732862392,1,0,1,0,0,1,1,0,1,1,0,0,0,1,1,1,0,1,1,1,0,0,0,1,1,0,0,1,0,1
2938,-1.54979842566004,0,0,0,0,0,0,0,0,1,1,0,0,0,1,1,1,0,0,0,0,0,0,0,0,1,0,0,0,0,0
2939,1.33975755746759,1,1,1,0,1,1,0,0,1,1,0,1,1,1,1,1,0,1,1,1,0,1,0,1,1,0,1,1,0,1
2940,-0.634199988327956,1,0,1,0,0,1,1,0,1,1,0,1,0,1,1,1,0,0,1,0,0,0,0,0,1,0,0,1,1,1
2941,0.869621068219131,1,0,1,0,0,1,0,1,1,1,0,1,0,1,1,1,0,0,1,1,0,0,0,1,1,0,0,1,1,1
2942,1.20658822479993,1,1,1,0,1,1,1,1,1,1,0,1,0,1,1,1,0,1,1,1,1,1,0,1,1,0,1,1,1,1
2943,2.52467369973336,1,1,1,1,1,1,1,1,1,1,1,1,1,1,1,1,1,1,1,1,1,1,1,1,1,1,1,1,1,1
2944,1.51237832089383,1,0,1,1,0,1,1,1,1,1,0,1,0,1,1,1,1,0,1,1,0,1,1,1,1,0,1,1,1,1
2945,0.0112826565640635,1,0,1,0,0,1,1,0,1,1,0,0,0,1,1,1,0,0,1,1,0,0,1,1,1,0,0,0,0,1
2946,-0.646571780208931,1,0,1,0,0,0,0,0,1,1,0,0,1,1,1,0,0,0,1,0,0,0,0,1,1,0,0,1,0,1
2947,1.18304922952275,1,1,1,0,1,1,1,0,1,1,0,1,1,1,1,1,1,0,1,0,0,1,0,0,1,0,1,1,1,1
2948,0.434589583536482,1,1,0,0,0,1,0,0,0,1,0,0,0,1,1,1,0,0,1,0,0,0,0,1,1,0,0,1,1,1
2949,-1.80209356705897,0,0,0,0,0,1,0,0,0,0,0,0,0,1,0,0,0,0,0,0,0,0,0,1,0,0,0,0,0,0
2950,1.46424673553359,1,1,1,0,0,1,1,0,1,1,0,0,1,1,1,1,0,1,1,0,0,0,1,1,1,0,1,1,1,1
2951,0.77453494942835,1,1,1,1,0,1,1,0,1,1,0,1,1,1,1,0,0,1,1,1,0,1,0,1,1,0,0,1,1,1
2952,0.0614078841651046,1,1,0,0,0,1,1,0,1,1,0,0,0,1,1,1,0,0,1,0,0,0,0,1,1,0,1,1,0,0
2953,1.27081509514378,1,0,1,0,1,1,1,1,1,1,0,1,1,1,1,1,1,0,1,0,0,1,0,1,1,1,1,1,1,1
2954,-0.601125644925654,1,0,0,0,0,0,0,0,1,1,0,0,1,1,1,0,0,1,1,0,0,0,0,1,1,0,0,1,1,0
2955,-1.35252553998542,0,0,0,0,0,1,0,0,1,0,0,0,0,1,1,0,0,0,0,0,0,0,0,0,0,0,0,0,0,1
2956,-1.78702226086624,0,0,0,0,0,0,0,0,0,0,0,0,0,0,0,0,0,0,0,0,0,0,0,0,0,0,0,0,0,0
2957,0.0554740385353964,1,0,1,0,0,1,0,0,1,1,0,0,0,1,1,1,0,1,1,0,0,0,0,1,1,0,0,1,0,0
2958,0.982637768707439,1,1,1,0,0,0,1,0,1,1,1,1,1,1,1,1,1,1,1,0,0,1,1,1,1,0,0,1,0,1
2959,0.201537972580735,1,0,0,0,0,1,1,1,0,1,0,1,0,1,1,1,0,1,1,0,0,0,0,1,1,0,0,1,1,1
2960,0.788264379617115,0,0,1,0,0,1,1,0,1,1,0,1,0,1,1,1,0,1,1,0,0,0,0,1,1,0,0,1,1,1
2961,-0.788789101571342,1,0,0,0,0,1,1,0,0,1,0,0,0,1,1,0,0,0,1,0,0,0,0,0,1,0,0,1,1,0
2962,0.0718434360649509,1,0,1,0,0,1,0,0,0,1,0,0,1,1,1,1,0,1,1,0,0,0,0,1,1,0,0,1,0,1
2963,0.484462089381225,1,0,1,0,0,1,1,0,1,1,0,0,0,1,1,1,0,1,1,1,0,0,0,1,1,0,0,1,1,1
2964,-1.29175673214309,0,0,0,0,0,0,0,0,0,1,0,0,1,1,0,0,0,0,0,0,0,0,0,1,0,0,0,0,1,0
2965,-0.944465878999633,1,0,0,0,0,0,1,0,0,1,0,0,0,1,0,0,0,1,1,0,0,0,0,0,1,0,0,0,0,0
2966,-0.234703569038091,1,1,1,0,0,1,1,0,1,1,0,0,0,1,1,1,0,0,0,0,0,0,0,1,1,0,0,1,0,1
2967,0.00210030049014854,1,0,1,0,0,1,0,1,1,1,0,0,0,1,1,1,0,0,1,0,0,0,0,0,1,0,1,0,1,1
2968,0.397555678574025,1,1,1,0,0,0,1,0,1,1,0,1,1,1,1,1,0,1,1,0,1,0,0,1,1,0,0,1,0,1
2969,-0.394931437503082,1,1,1,0,0,1,0,0,1,1,0,0,0,1,1,1,0,0,1,0,0,0,0,1,1,0,1,1,0,0
2970,2.17128380537548,1,1,1,1,1,1,1,1,1,1,1,1,1,1,1,1,1,1,1,1,1,1,1,1,1,1,0,1,1,1
2971,-0.390149334365975,1,1,0,0,0,1,1,0,1,1,0,1,0,1,1,0,0,1,1,1,0,0,0,0,1,0,1,0,0,1
2972,0.161357806796019,1,0,1,0,0,1,1,0,0,1,0,1,0,1,1,1,0,0,1,0,0,0,0,1,1,0,0,1,1,1
2973,-1.3580854692312,0,0,0,0,0,0,0,0,1,1,0,0,0,1,0,0,0,0,0,0,0,0,0,0,0,0,0,0,0,0
2974,-1.14251392865738,0,1,1,0,0,1,1,0,1,1,0,0,0,1,0,0,0,0,0,0,0,0,0,0,1,0,0,0,0,1
2975,0.42339311227105,1,0,1,0,0,1,1,0,0,1,0,1,0,1,1,1,0,1,1,0,0,1,0,1,1,0,0,1,0,1
2976,0.48433749279165,1,1,1,0,0,0,0,0,1,1,0,1,0,1,1,1,0,0,1,1,0,0,0,1,1,0,0,1,1,1
2977,-1.19456106438439,0,0,0,0,0,0,1,0,1,1,0,0,0,0,0,1,0,1,0,0,0,0,0,0,1,0,0,0,0,1
2978,-0.301908661144415,0,0,1,0,0,0,0,0,1,1,0,1,0,1,1,1,0,1,1,0,0,0,0,1,1,0,0,1,0,1
2979,0.458292173273737,1,0,1,0,0,1,1,0,1,1,1,1,0,1,1,1,0,0,1,1,0,0,0,1,1,0,0,1,1,0
2980,0.602657950157713,1,0,1,0,0,1,0,0,1,1,0,0,0,1,1,1,0,0,1,1,0,0,0,1,1,0,1,1,1,1
2981,-0.840485474103018,1,1,0,0,0,1,0,0,0,1,0,1,0,1,1,0,0,0,0,0,0,0,0,0,0,0,0,1,0,0
2982,0.138691048271934,1,0,1,0,0,1,1,0,1,1,0,0,0,1,0,1,0,1,1,0,0,1,1,1,1,0,0,1,0,1
2983,0.270435088646293,1,1,1,0,0,1,0,0,0,1,0,0,1,1,1,1,0,1,1,0,0,0,0,0,1,0,0,0,0,1
2984,0.483852989831502,1,0,1,0,0,1,0,0,1,1,0,1,1,1,1,1,0,1,1,0,0,0,0,1,1,0,1,1,1,1
2985,-2.70253763159299,0,0,0,0,0,0,1,0,0,0,0,0,0,0,0,0,0,0,0,0,0,0,0,0,0,0,0,0,0,0
2986,0.323387223455244,1,1,1,0,0,1,1,0,1,1,0,1,0,1,1,1,0,0,1,0,0,0,0,1,1,0,0,1,0,1
2987,0.562790734330858,1,0,1,0,0,1,0,0,0,1,0,1,0,1,1,1,0,0,1,1,0,0,0,1,1,0,0,0,0,1
2988,0.230058384646982,1,0,1,0,0,0,1,0,0,1,0,1,0,1,1,0,0,1,1,0,0,0,0,1,1,0,0,1,1,1
2989,-0.106671369405789,1,0,1,0,0,1,1,0,1,0,0,0,0,1,1,1,0,0,1,0,0,0,0,0,1,0,0,1,0,0
2990,-0.507703872504521,1,0,1,0,0,0,0,0,0,1,0,0,0,1,1,1,0,0,1,0,0,0,0,0,1,0,0,0,0,1
2991,-0.129012538764529,1,0,1,0,0,1,0,0,0,1,1,0,0,1,1,1,0,0,1,0,0,0,0,1,1,0,0,0,0,0
2992,0.271002058129286,1,0,1,0,0,1,0,0,1,1,0,1,0,1,1,1,0,0,1,0,0,0,0,1,1,0,1,1,1,1
2993,0.637953629802852,1,0,1,1,0,1,1,0,1,1,0,0,0,1,1,1,0,1,0,0,0,1,0,1,1,0,0,1,1,1
2994,-1.45180220509098,0,0,0,0,0,0,0,0,0,1,0,0,0,0,0,0,0,0,0,0,0,0,0,0,0,0,0,0,0,1
2995,0.982826936930593,1,1,1,0,1,1,1,0,1,1,1,1,0,1,1,1,0,1,1,0,0,0,0,1,1,0,1,1,1,1
2996,0.169278829758581,1,1,1,0,0,1,0,0,1,1,0,0,0,1,1,1,0,0,0,0,0,0,0,1,1,0,0,1,0,1
2997,0.431750187623184,1,0,1,0,0,1,1,1,1,1,0,1,0,1,1,1,0,1,1,0,1,0,0,1,1,0,0,1,1,1
2998,0.612305688637042,1,1,1,0,0,1,1,1,1,1,0,1,1,1,1,1,0,0,1,1,0,0,0,1,1,0,0,1,0,1
2999,0.260823978885636,1,0,1,0,0,1,1,0,1,1,0,0,0,1,1,1,0,1,1,1,0,0,0,1,1,0,0,0,0,1
3000,-0.840088368225092,0,0,0,0,0,1,1,0,0,0,0,1,0,1,1,0,0,1,0,0,0,0,0,0,1,0,0,0,0,1
3001,-0.733213162344147,0,0,0,0,0,1,0,0,1,1,0,0,1,1,1,0,0,0,1,0,0,0,0,0,1,0,0,1,0,1
3002,0.33036140732362,1,0,1,0,0,1,0,0,1,1,0,1,0,1,1,1,0,0,1,0,0,1,0,1,1,0,0,1,1,1
3003,1.60355489243777,1,1,1,1,0,1,1,0,1,1,1,1,0,1,1,0,1,0,1,1,0,1,0,1,1,1,1,1,1,1
3004,1.27501392183767,1,1,1,1,0,1,1,1,1,1,0,1,1,1,1,1,0,1,1,0,1,0,1,1,1,0,1,1,0,1
3005,0.0669847344654365,1,0,1,0,0,1,0,0,0,1,0,0,1,1,1,1,0,0,1,0,0,1,0,0,1,0,0,1,1,1
3006,0.136663766959879,1,0,1,0,0,1,1,0,1,1,0,0,0,1,1,1,0,1,1,0,0,0,0,0,1,0,0,1,0,0
3007,0.957332405955006,1,0,1,0,0,1,0,0,1,1,0,1,1,1,1,1,0,1,0,1,0,0,0,1,1,0,1,1,1,1
3008,-0.646838994318565,1,0,1,0,0,0,1,0,1,1,0,0,0,1,1,0,0,1,1,1,0,0,0,1,1,0,0,0,0,1
3009,0.119309920732916,1,0,1,0,0,1,1,0,0,1,0,1,0,1,1,0,0,0,1,0,0,1,0,1,1,0,0,1,0,1
3010,0.896533300335661,1,1,1,0,1,1,1,0,1,1,0,1,0,1,1,1,0,1,1,0,0,1,0,1,1,0,1,1,1,1
3011,-0.647016496044099,1,0,1,0,0,1,1,0,0,1,0,0,0,1,1,0,0,0,0,1,0,0,0,1,1,0,0,0,0,1
3012,0.211799614697544,1,0,1,0,0,0,1,0,1,1,0,0,0,1,1,1,0,1,0,0,0,0,0,1,1,0,0,1,0,1
3013,0.320802111445331,1,1,0,0,0,1,1,0,0,1,0,0,0,1,1,1,0,1,1,1,0,1,0,1,1,0,0,0,0,1
3014,-2.05177931325271,0,0,0,0,0,0,0,0,0,0,0,0,0,1,0,0,0,0,0,0,0,0,0,0,0,0,0,0,0,0
3015,-1.22494414516387,0,0,0,0,0,0,1,0,1,0,0,0,0,1,0,0,0,0,0,0,0,0,0,0,0,0,0,0,0,0
3016,-0.0584018249267543,0,0,1,0,0,0,0,0,0,1,0,0,0,1,1,1,0,0,1,0,0,0,0,0,1,0,0,0,0,1
3017,-1.16754962524759,1,0,1,0,0,0,0,0,1,1,0,0,0,1,0,0,0,0,0,0,0,0,0,0,0,0,0,1,0,0
3018,0.0115304752978822,1,0,1,0,0,1,1,0,0,1,0,0,1,1,1,0,0,1,0,0,0,0,0,1,1,0,0,1,0,1
3019,-0.397470724690941,1,0,0,0,0,1,0,0,1,0,0,0,0,1,1,1,0,0,0,0,0,0,0,1,1,0,0,0,0,1
3020,-0.56195981305339,1,0,1,0,0,0,0,0,1,1,0,1,0,1,1,1,0,0,0,0,0,0,0,0,1,0,0,1,0,0
3021,-0.679396049868523,0,0,0,0,0,1,1,0,0,1,0,0,0,1,0,1,0,0,1,0,0,0,0,1,1,0,0,0,0,0
3022,0.188231115394824,1,0,1,0,0,1,1,0,0,1,0,1,0,1,1,1,0,1,1,1,0,0,0,1,1,0,0,0,1,1
3023,0.369817457058298,1,1,1,0,0,1,1,0,1,1,0,0,0,1,1,1,0,1,1,1,0,0,0,1,1,0,0,1,0,1
3024,0.692012227545259,1,1,1,0,1,1,0,0,1,1,0,1,0,1,1,1,0,0,1,1,0,1,0,1,1,0,0,0,1,1
3025,1.79984682255071,1,0,1,1,1,1,1,0,1,1,1,1,1,1,1,1,1,1,1,1,0,1,1,1,1,1,1,1,0,1
3026,1.04915773659675,1,0,1,0,0,1,1,0,1,1,0,1,1,1,1,1,1,1,1,0,0,1,0,1,1,0,0,1,1,1
3027,-0.294729989670336,1,0,0,0,0,0,1,0,1,1,0,0,1,1,1,0,0,1,0,0,0,0,0,1,1,0,0,0,0,0
3028,-0.565337941654727,0,0,1,0,0,0,1,0,0,0,0,0,0,1,0,1,0,1,0,0,0,0,0,1,1,0,0,0,0,0
3029,-1.27219756127073,0,0,0,0,0,0,0,0,0,1,0,0,0,1,1,0,0,0,1,0,0,0,0,0,0,0,0,1,0,0
3030,-1.34056283263648,0,0,1,0,0,0,0,0,0,0,0,0,0,1,0,0,0,0,0,0,0,0,0,0,0,0,0,0,0,0
3031,2.3284984195419,1,1,1,1,1,1,1,1,1,1,1,1,1,1,1,1,1,1,1,1,1,1,1,1,1,1,1,1,1,1
3032,0.314479901135733,1,0,1,1,0,1,0,0,1,1,0,0,0,1,1,1,0,0,1,0,0,0,0,1,1,0,0,1,0,1
3033,-0.954452700055772,0,0,0,0,0,0,0,0,0,1,0,0,0,1,1,1,0,0,0,1,0,0,0,1,1,0,0,1,0,1
3034,-0.552032805129022,0,0,1,0,0,0,0,0,1,1,0,0,0,1,1,0,0,0,1,0,0,0,0,1,1,0,0,1,0,0
3035,-0.568732900275565,1,0,1,0,0,0,1,0,1,1,0,0,0,1,1,1,0,0,1,0,0,0,0,1,0,0,0,1,0,1
3036,-2.59997168955947,0,0,0,0,0,0,0,0,0,0,0,0,0,0,0,0,0,0,0,0,0,0,0,0,0,0,0,0,1,0
3037,0.3013732244246,1,1,1,0,0,1,1,0,0,1,0,0,0,1,1,1,0,1,1,1,0,0,0,1,1,0,0,1,1,1
3038,0.925816767362049,0,0,1,0,0,1,1,0,1,1,1,0,1,1,1,1,0,1,1,0,0,1,0,1,1,0,0,1,1,1
3039,1.47650820883092,1,0,1,0,0,1,1,1,1,1,1,1,1,1,1,1,0,0,1,1,0,1,1,1,1,0,1,1,1,1
3040,0.756751296901419,1,1,1,0,0,1,1,0,1,1,1,1,0,1,1,1,0,1,1,1,0,0,1,1,1,0,0,1,0,1
3041,-0.803907325029226,0,0,1,0,0,1,0,0,1,1,0,0,0,1,1,1,0,0,0,0,0,0,0,1,0,0,0,0,0,1
3042,0.265614662623741,1,0,1,0,0,1,0,0,0,1,0,1,0,1,1,1,0,0,1,1,0,0,0,1,1,0,0,1,1,1
3043,-0.700217753630086,0,0,1,0,0,1,1,0,1,1,0,0,0,1,1,1,0,1,1,0,0,0,0,0,1,0,0,0,0,0
3044,-0.357701692984728,1,0,1,0,0,1,1,0,1,1,0,0,1,1,1,0,0,1,0,1,0,0,0,0,1,0,0,1,0,1
3045,0.918045992870857,1,1,1,0,1,1,0,0,0,1,0,1,0,1,1,1,0,0,1,0,0,0,1,1,1,0,1,1,1,1
3046,0.595200269146277,1,0,1,0,0,1,1,1,1,1,0,1,0,1,1,1,0,1,1,0,0,1,0,1,1,0,1,1,1,1
3047,2.07159597616429,1,1,1,1,1,1,1,1,1,1,1,1,1,1,1,1,1,1,1,0,1,1,1,1,1,0,1,1,0,1
3048,1.45674390070919,1,1,1,0,0,1,1,0,1,1,1,1,1,1,1,1,0,1,1,1,0,1,1,1,1,1,1,1,1,1
3049,0.751509416284599,1,0,1,0,0,0,1,0,1,1,0,1,0,1,1,1,0,1,1,0,0,0,0,1,1,0,0,1,0,1
3050,0.519860131383449,1,0,1,0,0,1,1,0,1,1,0,0,1,1,1,1,0,1,1,0,0,0,0,1,1,0,0,1,0,1
3051,0.241981090028225,1,0,1,0,1,0,1,0,0,1,0,1,0,1,1,1,0,0,1,0,0,0,1,1,1,0,0,1,1,1
3052,-0.42962452153323,0,1,1,0,0,1,0,0,0,1,0,0,0,1,1,1,0,0,1,0,0,0,0,1,0,0,0,1,0,0
3053,-0.754450093879985,0,0,1,0,0,1,0,0,1,1,0,0,0,1,1,1,0,0,0,0,0,0,0,0,1,0,0,1,1,0
3054,-0.358777240550741,1,1,1,0,0,1,0,0,1,1,0,1,0,1,1,1,0,1,0,0,0,0,0,1,1,0,0,0,0,1
3055,-2.5230519288495,0,0,0,0,0,0,0,0,0,0,0,0,0,1,0,0,0,0,0,0,0,0,0,0,0,0,0,0,0,0
3056,-1.09867944155979,1,0,0,0,0,1,0,0,0,1,0,0,0,1,1,0,0,0,0,0,0,0,0,0,1,0,0,0,0,0
3057,-1.02497310078625,0,0,0,0,0,0,0,0,1,0,0,0,0,1,1,0,0,1,1,0,0,0,0,1,1,0,0,0,1,0
3058,0.164124844413861,1,0,1,0,0,1,1,0,1,1,0,1,0,1,1,1,0,1,1,0,0,0,0,0,1,0,0,1,0,1
3059,0.580955035630571,1,0,1,0,0,1,1,0,1,1,0,0,0,1,1,1,0,0,1,0,0,0,0,0,1,0,0,1,0,1
3060,-0.426640152182933,1,0,1,0,0,0,0,0,0,1,0,1,0,1,1,1,0,1,1,0,0,0,0,0,1,0,0,0,0,1
3061,-0.241793928372182,1,0,1,0,0,1,0,0,1,1,1,0,0,1,1,1,0,0,1,0,0,0,1,0,1,0,0,0,0,0
3062,0.804584073207301,1,0,1,1,0,0,1,0,0,1,0,1,1,1,1,1,0,0,0,1,0,0,0,0,1,0,0,1,1,1
3063,1.38137035249504,1,1,1,0,1,1,1,1,1,1,0,0,0,1,1,1,1,1,1,1,1,0,1,1,1,1,0,0,1,1
3064,-0.7914039270183,0,0,0,0,0,0,1,0,1,0,0,1,0,1,1,1,0,1,0,0,0,0,1,0,1,0,0,0,1,1
3065,-0.338655996671325,1,0,1,0,0,0,1,0,0,1,0,0,1,1,0,1,0,1,1,0,0,0,0,1,1,0,0,1,0,1
3066,1.70337653215567,1,1,1,1,1,1,1,1,1,1,1,1,1,1,1,1,0,1,1,1,0,1,1,1,1,0,1,1,0,1
3067,0.49386574663451,1,0,1,0,0,1,1,0,0,1,1,1,0,1,1,0,0,1,1,0,0,0,0,1,1,0,0,1,1,1
3068,-0.426505400736868,0,0,1,0,0,1,1,0,1,1,0,1,0,1,1,1,0,1,1,0,0,0,0,1,1,0,0,1,0,0
3069,-0.900241657728778,1,0,1,0,0,0,0,0,1,1,1,0,0,1,1,0,0,1,1,0,0,0,0,1,0,0,0,1,0,1
3070,2.91958908416588,1,1,1,1,1,1,1,1,1,1,0,1,1,1,1,1,1,1,1,1,1,1,1,1,1,1,1,1,1,1
3071,0.889686384118059,1,1,1,0,0,1,0,0,0,1,0,1,1,1,1,1,0,1,1,0,0,0,0,0,1,0,0,1,1,1
3072,1.69399549543739,1,1,1,0,1,1,1,1,1,1,1,1,1,1,1,1,1,0,1,1,1,0,1,1,1,1,0,1,1,1
3073,1.13328105170597,1,1,1,1,0,1,0,1,0,1,0,0,1,1,1,1,0,0,1,1,0,0,0,1,1,0,0,1,1,1
3074,-1.11525263632391,1,1,0,0,0,0,1,0,0,1,0,0,0,1,1,0,0,0,1,0,0,0,0,0,1,0,0,0,0,0
3075,-0.743198577319977,1,0,0,0,0,0,0,0,1,1,0,0,0,1,1,1,0,0,1,0,0,0,0,1,1,0,0,1,1,0
3076,0.757672015861528,1,0,1,0,0,1,1,0,1,1,0,0,1,1,1,1,0,0,1,0,0,0,0,1,1,0,0,0,1,1
3077,-0.976676981258919,0,0,1,0,0,0,0,0,1,1,0,1,0,0,1,0,0,1,1,0,0,0,0,0,1,0,0,0,0,1
3078,0.0974746193092172,0,0,1,0,0,1,1,0,1,1,0,0,0,1,1,1,0,0,1,0,0,0,0,1,1,0,1,0,0,1
3079,-0.206928850161727,0,0,0,0,0,0,0,0,0,1,0,1,0,1,1,1,0,0,1,1,0,0,0,0,1,0,0,1,0,1
3080,0.9765658284657,1,0,1,0,0,1,1,1,1,1,0,0,1,1,1,1,0,1,1,0,1,0,0,1,1,0,0,1,0,1
3081,0.478178581670396,1,1,1,0,0,1,1,0,1,1,0,0,1,1,1,1,0,0,1,1,0,0,0,1,1,0,0,1,1,1
3082,-1.56372569399012,0,0,0,0,0,0,0,0,0,0,0,0,0,1,0,0,0,0,0,0,0,0,0,0,0,0,0,0,1,1
3083,0.320238231730149,1,0,1,0,0,1,1,0,1,1,0,1,1,1,1,1,0,1,1,0,0,0,0,1,1,0,0,1,0,1
3084,-0.92878630975946,1,0,0,0,0,1,0,0,0,1,0,0,0,1,1,0,0,0,0,0,0,0,0,0,1,0,0,0,0,1
3085,-0.863309231251129,1,0,1,0,0,0,0,0,1,1,0,0,0,1,0,0,0,1,1,0,0,0,0,1,1,0,0,1,0,0
3086,0.155399178973816,1,0,1,0,0,1,1,0,1,1,0,0,1,1,1,1,0,0,1,0,0,1,0,0,1,0,0,1,0,1
3087,0.328354489600346,1,1,1,0,0,1,1,1,1,1,0,1,1,1,1,1,0,0,1,0,0,0,0,1,1,0,0,1,0,1
3088,0.563048255924534,1,0,1,0,0,1,1,0,1,1,0,1,0,1,1,0,0,0,1,0,0,0,0,1,1,0,1,1,1,1
3089,0.896462028517516,1,0,1,0,0,0,1,0,1,1,0,1,1,1,1,1,0,1,1,1,0,0,0,1,1,0,0,1,1,1
3090,-0.190314219004158,1,0,0,0,0,0,0,0,1,1,0,1,0,1,1,1,0,0,1,0,0,0,0,1,1,0,0,0,0,1
3091,-0.478576639904667,0,0,0,0,0,0,1,0,0,1,0,0,0,1,1,1,0,0,1,0,0,0,0,1,0,0,0,1,1,0
3092,-1.23964035494836,0,0,1,0,0,0,1,0,0,1,0,0,0,1,1,0,0,0,1,0,0,0,0,1,1,0,0,0,0,0
3093,-0.234842813984715,1,0,1,0,0,1,1,0,0,1,0,0,0,1,1,1,0,1,1,0,0,0,0,1,1,0,0,0,0,1
3094,0.249780796842175,1,0,1,0,0,1,1,0,1,1,0,1,0,1,1,1,0,1,1,1,0,0,0,1,1,0,0,1,0,1
3095,0.423444315212019,1,0,1,0,0,1,1,0,0,1,0,1,1,1,1,1,0,0,1,1,0,0,1,1,1,0,0,1,0,1
3096,0.608517889082591,1,0,1,0,0,1,1,0,1,1,0,1,1,1,1,1,1,1,1,1,0,0,0,1,1,0,0,0,1,1
3097,0.935715255979936,1,1,1,1,1,1,1,0,1,1,0,1,1,1,1,1,0,0,1,1,0,1,1,1,1,0,1,1,0,1
3098,1.76395907147999,1,1,1,0,1,1,1,1,1,1,0,1,1,1,1,1,1,0,1,1,0,0,1,1,1,0,1,1,1,1
3099,0.982297317160852,1,1,1,0,0,1,1,0,1,1,0,1,1,1,1,1,1,0,1,1,1,0,0,1,1,0,0,1,0,1
3100,0.289726106377535,1,0,1,0,0,1,0,0,1,1,0,1,1,1,1,1,0,0,1,1,0,0,0,1,1,0,0,1,0,1
3101,1.18253961073916,1,1,1,0,0,0,1,0,1,1,0,0,1,1,1,1,0,1,1,1,0,0,1,1,1,1,1,1,1,1
3102,0.733962501828671,1,1,1,1,0,1,1,0,1,1,0,1,1,1,1,1,0,1,1,0,0,0,0,1,1,0,0,1,1,1
3103,-0.225017718567223,1,0,0,0,0,1,1,0,1,1,0,0,0,1,1,1,0,0,1,0,0,0,1,1,1,0,1,1,0,1
3104,0.929569836201588,1,0,1,0,0,1,1,0,1,1,0,1,1,1,1,1,0,1,1,1,0,0,1,1,1,0,0,1,0,1
3105,0.287821726523646,1,0,1,0,0,1,1,0,1,1,0,0,0,1,1,0,0,1,0,1,0,0,0,1,1,0,1,1,0,1
3106,0.258423528875412,1,0,1,0,0,1,1,0,1,1,0,0,0,1,1,1,0,0,1,0,0,0,1,1,1,0,0,1,0,1
3107,0.113084178195736,1,0,1,0,0,1,1,0,1,1,0,1,0,1,1,1,0,0,1,0,0,0,0,1,1,0,0,0,0,1
3108,0.742254820042294,1,0,1,0,0,1,1,0,1,1,0,1,0,1,1,1,0,1,1,0,0,0,1,1,1,0,1,1,0,1
3109,-0.113453330353669,1,1,0,0,0,1,0,0,0,1,0,0,0,1,1,1,0,1,1,0,0,0,0,1,1,0,0,1,0,1
3110,-0.437209095877258,1,0,1,0,0,1,1,0,1,1,0,0,0,1,1,1,0,0,1,0,0,0,0,1,1,0,0,0,0,1
3111,-0.601377202780392,1,0,1,0,0,1,1,0,0,1,0,0,0,1,1,0,0,0,1,1,0,0,0,0,0,0,0,1,0,0
3112,-1.08862095066002,0,0,0,0,0,1,0,0,0,0,0,1,0,0,0,0,0,1,1,0,0,0,0,1,0,0,0,0,0,1
3113,0.836846860687149,1,0,1,1,0,1,0,0,1,1,0,0,1,1,1,1,1,1,1,1,0,0,1,1,1,0,1,1,0,1
3114,-0.110409155691483,1,0,1,0,0,1,1,0,1,1,0,0,1,1,1,1,0,0,1,1,0,0,0,1,1,0,0,0,1,0
3115,0.733962501828671,1,0,1,0,0,1,0,1,1,1,0,1,0,1,1,1,0,1,1,1,0,1,0,1,1,0,0,1,0,1
3116,1.03863215986469,1,1,1,1,0,1,1,1,1,1,0,1,1,1,1,1,1,1,1,0,0,0,1,1,1,0,0,1,1,1
3117,-1.18706344245888,0,0,1,0,0,0,1,0,1,0,0,0,0,1,1,0,0,0,0,0,0,0,0,0,1,0,0,1,0,1
3118,-0.13151417763555,1,0,0,0,0,1,1,0,1,1,0,0,0,1,1,1,0,0,1,0,0,0,1,1,1,0,0,0,0,0
3119,1.45168178306704,1,1,1,0,1,1,1,0,1,1,0,1,0,1,1,1,0,1,1,0,1,0,0,1,1,0,0,1,1,1
3120,0.718508067511446,1,1,1,0,1,1,1,0,1,1,0,1,1,1,1,1,0,1,1,0,0,0,0,1,1,0,0,1,1,1
3121,0.018595562641172,0,0,0,0,0,1,1,0,0,1,0,0,0,1,1,1,0,1,1,1,0,0,0,0,1,0,1,1,0,0
3122,0.47303809383145,0,0,1,0,0,1,1,0,1,1,0,1,1,1,1,1,0,1,1,0,0,0,0,1,1,0,0,0,0,1
3123,0.0510027047683216,1,0,1,0,0,1,0,0,0,1,0,0,0,1,1,1,0,0,0,0,0,0,0,1,1,0,0,1,0,1
3124,-1.49713949412562,0,0,0,0,0,1,0,0,0,1,0,0,0,1,0,0,0,1,0,0,0,0,0,0,0,0,0,0,0,1
3125,0.587097051703161,1,0,1,0,0,1,1,0,0,1,0,1,0,1,1,1,0,1,1,0,0,1,0,1,1,0,0,1,0,1
3126,-0.520377314166349,1,0,1,0,0,0,0,0,1,1,0,0,0,1,1,1,0,0,1,1,0,0,0,1,0,0,0,1,0,0
3127,0.313580298750449,1,0,1,0,0,0,0,0,1,1,0,1,0,1,1,1,0,1,1,0,0,0,1,1,1,0,0,0,1,1
3128,1.02863962559299,1,0,1,0,0,1,1,1,0,1,0,1,1,1,1,1,1,1,1,1,0,0,0,1,1,0,1,1,0,0
3129,0.030583834128218,1,0,1,0,0,1,0,0,0,1,0,0,0,1,1,1,0,0,0,0,0,1,0,0,1,0,1,1,1,1
3130,2.10890218428961,1,1,1,1,1,1,1,1,1,1,1,1,1,1,1,1,1,1,1,1,1,1,1,1,1,1,1,1,1,1
3131,-0.965734953320405,0,0,0,0,0,1,0,0,0,1,0,1,0,1,0,0,0,1,1,0,0,0,0,0,0,0,0,0,0,0
3132,0.31392252665957,1,0,1,0,0,0,1,0,1,1,0,0,0,1,1,1,0,1,1,1,0,0,0,0,1,0,0,1,1,1
3133,0.0973695734874404,1,0,1,0,0,0,0,0,1,1,0,0,1,1,1,0,0,0,1,0,0,0,0,1,1,0,0,0,0,1
3134,-0.555888269823204,1,0,1,0,0,1,1,0,1,1,0,0,0,1,1,0,0,0,0,0,0,0,0,0,1,0,0,1,1,1
3135,-1.12870363436498,1,0,0,0,0,0,0,0,1,1,0,0,0,1,1,1,0,0,1,0,0,0,0,1,0,0,0,0,0,1
3136,2.19778167740432,1,1,1,1,0,1,0,1,1,1,1,1,1,1,1,1,1,1,1,1,1,1,1,1,1,1,1,1,1,1
3137,-0.203886218561012,0,0,1,0,0,1,0,0,1,1,0,1,0,1,1,1,0,0,1,0,0,0,0,0,1,0,0,1,0,1
3138,1.03843504288399,1,0,1,0,0,1,1,0,1,1,0,0,1,1,1,1,0,1,1,1,1,0,1,1,1,0,0,1,1,1
3139,1.00633932835953,1,1,1,0,0,1,0,0,1,1,1,1,1,1,1,1,0,1,1,1,0,1,0,1,1,0,0,1,1,1
3140,1.15297069981728,1,1,1,0,0,1,1,1,1,1,0,1,0,1,1,1,0,0,1,1,0,0,1,1,1,0,1,1,1,1
3141,-0.129997739096834,1,0,0,0,0,0,1,0,0,1,0,0,1,1,1,1,0,0,1,0,0,0,0,1,0,0,0,1,0,1
3142,-0.429546340712069,1,1,0,0,0,0,0,0,1,1,0,0,0,1,1,1,0,0,0,0,0,0,0,0,1,0,0,0,1,1
3143,-0.494087889763267,1,0,1,0,0,1,0,0,0,1,0,0,0,1,1,1,0,0,1,0,0,0,0,1,1,0,0,0,0,0
3144,1.38731209450562,1,1,1,0,0,1,1,1,1,1,0,1,1,1,1,1,0,1,1,1,1,1,1,1,1,1,0,1,1,1
3145,0.432524882921461,1,0,1,0,0,1,1,0,1,1,0,1,0,1,1,1,0,0,1,0,0,0,1,1,1,0,0,1,1,1
3146,-0.718195019491991,1,0,0,0,0,1,0,0,1,1,0,0,0,1,1,0,0,0,0,0,0,0,0,0,0,0,0,1,0,0
3147,0.80797491597044,1,1,1,0,0,1,1,0,1,1,0,0,0,1,1,1,0,0,1,1,0,0,1,1,1,0,0,1,1,1
3148,0.414455418642032,1,1,1,0,0,1,1,0,0,1,0,1,0,1,1,1,0,1,1,1,0,0,0,1,1,0,0,1,1,1
3149,-0.562965641586896,0,0,0,0,0,0,1,0,0,1,0,0,1,1,1,1,0,0,1,1,0,0,0,0,1,0,0,1,0,0
3150,0.577104081682815,1,0,1,0,0,1,1,1,1,1,0,1,1,1,1,1,0,1,1,0,0,0,0,1,1,0,0,0,0,0
3151,-1.00759389376136,0,0,0,0,0,1,0,0,0,1,0,0,0,0,1,1,0,1,1,0,0,0,0,0,1,0,0,0,0,1
3152,0.190710913432611,1,0,1,0,0,1,1,0,0,1,0,0,0,1,1,1,0,1,0,1,1,0,0,0,1,0,0,1,0,1
3153,0.694683669058325,1,0,1,1,0,1,1,0,1,1,0,0,0,1,1,1,0,1,1,1,0,0,0,1,1,0,0,1,0,1
3154,-0.700011683577667,1,0,1,0,0,0,1,0,1,1,0,0,0,1,1,1,0,1,1,0,0,0,0,0,1,0,0,1,0,1
3155,1.03393384503675,1,0,1,0,0,0,1,0,1,1,1,1,1,1,1,1,1,1,1,1,0,0,0,1,1,0,1,1,1,1
3156,0.48081058794642,1,0,1,0,0,1,1,0,1,1,0,1,0,1,1,0,0,1,1,0,0,1,0,1,1,0,1,1,1,1
3157,-0.208652705409447,1,1,1,0,0,1,1,0,0,1,0,0,0,1,1,1,0,1,1,0,0,0,0,1,1,0,0,1,0,1
3158,-1.04810375136467,1,0,0,0,0,1,0,0,0,1,0,0,0,1,0,0,0,0,0,0,0,0,0,0,1,0,0,0,0,1
3159,-0.113122321441807,1,0,1,0,0,1,1,0,0,1,0,1,0,1,1,1,0,0,1,0,0,0,0,1,1,0,0,0,0,1
3160,0.270182290908808,1,1,1,0,0,1,0,0,1,1,0,1,0,1,1,1,0,1,1,1,0,0,0,0,1,0,0,1,0,1
3161,-0.637004521758038,0,0,1,0,0,1,0,0,1,1,0,0,0,1,1,0,0,0,1,0,0,0,0,1,0,0,0,0,1,1
3162,1.09378930219158,1,1,1,0,0,1,1,0,1,1,0,0,0,1,1,1,1,1,1,1,0,0,0,1,1,0,0,1,1,1
3163,-0.248735657198283,1,1,1,0,0,1,1,0,1,1,0,1,0,1,1,1,0,1,1,0,0,0,0,1,1,0,0,0,0,1
3164,0.331503314440228,1,0,1,0,0,0,1,0,1,1,0,1,0,1,1,1,0,1,1,1,0,0,0,1,1,0,0,1,1,1
3165,0.686335918265099,1,1,1,0,0,1,1,1,1,1,0,1,0,1,1,1,0,1,1,1,0,0,0,0,1,0,1,1,1,1
3166,-0.326085750886296,0,1,0,0,0,1,0,0,1,1,0,0,0,1,1,1,0,1,1,0,0,0,0,1,0,0,0,1,0,1
3167,1.32236231952268,1,0,1,0,0,1,1,1,0,1,0,1,1,1,1,1,1,0,1,1,0,0,1,1,1,0,0,1,1,1
3168,-1.26601770890794,1,0,1,0,0,0,0,0,0,1,0,0,0,1,0,0,0,1,0,0,0,0,0,0,0,0,0,0,0,0
3169,-0.382076016332529,1,0,1,0,0,1,1,0,1,1,0,0,0,1,1,1,0,1,1,0,0,0,0,1,0,0,0,0,0,1
3170,1.02947437210776,1,1,1,0,0,1,1,1,1,1,0,1,1,1,1,1,0,1,1,0,0,1,1,1,1,0,1,1,0,1
3171,1.7162339995507,1,1,1,1,0,1,0,1,1,1,1,1,1,1,1,1,1,1,1,0,0,1,1,1,1,0,1,1,1,1
3172,-0.0221382905565149,1,0,1,0,0,1,0,0,1,1,0,1,1,1,1,1,0,1,1,0,0,0,0,1,1,0,0,1,0,1
3173,0.820319811157427,1,0,1,0,0,1,0,0,1,1,0,1,1,1,1,1,0,1,1,1,0,0,0,0,1,0,0,0,0,0
3174,0.394897041372743,1,1,0,0,0,0,1,0,1,1,0,0,1,1,1,0,0,1,1,1,0,0,1,1,1,0,0,0,0,1
3175,0.565050437321699,1,1,1,0,1,1,1,0,1,1,0,1,1,1,1,1,0,1,1,0,0,0,1,1,1,0,0,1,1,1
3176,-0.379964806818625,1,0,1,0,0,1,0,0,1,1,0,0,0,1,1,1,0,1,1,0,0,0,0,0,1,0,0,0,0,0
3177,0.0070971042221517,1,1,1,0,0,1,0,0,1,1,0,0,1,1,1,1,0,1,1,0,0,0,0,1,1,0,0,1,0,1
3178,0.409970243324702,1,0,1,0,0,1,1,0,0,1,0,0,0,1,1,1,0,0,1,0,0,0,0,1,0,0,1,1,1,1
3179,0.347628769963325,1,0,1,0,0,1,1,1,1,1,1,1,0,1,1,1,0,1,1,1,0,1,0,1,1,0,1,0,0,0
3180,0.355350521077082,1,0,1,0,0,1,0,0,1,1,0,0,0,1,1,1,0,1,1,0,0,0,0,1,1,0,0,1,0,1
3181,1.27199646033371,1,0,1,0,0,1,1,0,0,1,0,1,0,1,1,1,1,1,1,1,1,0,0,1,1,0,1,1,1,1
3182,-0.260588987949555,1,0,0,0,0,0,0,0,1,1,0,0,1,1,1,1,0,0,0,1,0,0,1,0,1,0,0,0,0,0
3183,-1.46592199148375,1,0,0,0,0,0,0,0,0,1,0,0,0,0,0,0,0,0,1,0,0,0,0,0,1,0,0,0,0,0
3184,0.429862978039456,1,1,1,0,0,1,0,0,0,1,0,1,1,1,1,1,0,1,1,0,0,0,0,1,1,0,0,1,0,1
3185,1.68426518865836,1,0,1,1,0,1,0,1,1,1,0,1,1,1,1,1,1,1,1,1,1,1,1,1,1,0,1,1,1,1
3186,0.603485231224777,1,0,1,0,0,1,1,0,1,1,0,1,1,1,1,1,0,1,1,0,0,1,0,1,1,0,0,1,1,1
3187,0.163792931462441,1,1,0,0,0,0,1,0,1,1,0,1,0,1,1,1,0,0,1,0,0,0,0,1,1,0,0,1,0,1
3188,0.506888596478296,1,0,1,0,0,1,1,0,1,1,0,1,0,1,1,1,0,0,1,1,0,0,0,1,1,0,0,1,0,1
3189,-0.0557104540460717,1,0,1,0,0,0,0,0,1,1,0,1,0,1,1,1,0,1,1,1,0,1,0,1,1,0,0,0,0,1
3190,-1.07417355265303,1,0,1,0,0,0,0,0,0,1,0,0,0,1,0,0,0,0,1,0,0,0,0,0,0,0,0,1,0,1
3191,-0.778789918971737,0,0,0,0,0,0,1,0,0,1,0,0,0,1,1,0,0,0,1,0,0,0,0,1,0,0,0,1,0,1
3192,0.164374434863208,1,0,1,0,0,1,1,1,0,1,0,0,0,1,1,1,0,1,0,1,0,0,0,1,1,0,0,1,0,1
3193,-2.06363990118058,0,0,0,0,0,0,0,0,0,0,0,0,0,0,0,0,0,1,0,0,0,0,0,0,0,0,0,0,0,1
3194,-1.19464233044489,1,0,0,0,0,1,1,0,0,1,0,0,0,1,0,0,0,0,1,0,0,0,0,1,1,0,0,0,0,1
3195,0.380183267090603,1,0,1,0,0,0,1,0,1,1,0,1,0,1,1,1,0,0,1,0,0,0,0,1,1,0,0,0,0,1
3196,0.605413560963848,1,0,1,0,0,1,1,0,1,1,0,1,1,1,1,1,0,0,1,0,1,0,1,1,1,0,0,1,0,0
3197,0.56266956815171,1,0,1,0,0,1,0,1,1,1,0,0,0,1,1,1,0,0,0,0,0,0,0,1,1,0,0,1,0,1
3198,1.48175231486053,1,1,1,1,1,1,0,1,1,1,1,1,1,1,1,1,0,0,1,1,0,0,0,1,1,0,1,1,1,1
3199,0.140676030267862,1,1,1,0,0,1,1,1,1,1,0,0,0,1,0,1,0,1,1,0,0,0,0,1,1,0,0,1,0,1
3200,-0.0930844074957441,0,0,1,0,0,1,1,1,1,1,0,1,1,1,1,1,0,0,1,0,0,0,0,1,1,0,0,1,1,1
3201,0.330476636565002,1,0,1,0,0,1,1,0,1,1,0,0,0,1,1,1,0,1,1,0,0,0,0,1,1,0,0,1,0,1
3202,0.208993803674421,1,1,1,0,0,1,1,0,1,1,0,0,0,1,1,1,0,1,1,0,0,0,0,1,1,0,0,1,1,1
3203,1.69178448580014,1,1,1,1,1,1,1,1,1,1,1,0,1,1,1,1,1,1,1,1,0,1,1,1,1,0,1,1,1,1
3204,-0.256859446456516,1,0,1,0,0,1,0,0,1,1,0,0,0,1,1,1,0,1,1,0,0,0,0,1,1,0,0,1,0,1
3205,2.19465394967724,1,1,1,1,1,1,1,1,1,1,1,1,1,1,1,1,1,0,1,1,1,1,1,1,1,1,1,1,1,1
3206,-0.343182130679763,1,0,1,0,0,1,0,0,0,1,0,1,0,1,1,1,0,1,1,0,0,0,0,0,1,0,0,1,0,0
3207,1.82759752998238,1,1,1,1,1,1,1,1,1,1,0,1,1,1,1,1,1,1,1,1,1,1,1,1,1,1,1,1,1,1
3208,-1.65816270301372,0,0,0,0,0,0,0,0,1,0,0,0,0,0,0,0,0,0,0,0,0,0,0,1,1,0,0,1,0,0
3209,-0.0637306580949623,1,1,1,0,0,0,0,0,0,1,0,0,0,1,1,0,0,1,1,0,0,0,0,1,1,0,1,1,0,1
3210,-1.48235687581624,0,0,0,0,0,1,0,0,1,1,0,0,0,1,1,0,0,0,0,0,0,0,0,0,0,0,0,0,0,0
3211,-0.381796411022459,1,0,1,0,0,1,1,0,1,1,0,0,0,1,1,1,0,0,1,0,0,1,0,1,0,0,0,1,0,1
3212,0.0989507839295209,1,0,0,1,0,1,0,0,1,1,0,0,0,1,1,1,0,1,1,0,0,0,0,1,1,0,0,1,1,0
3213,-0.220567287981556,1,0,1,0,0,1,1,0,0,1,0,0,0,1,1,1,0,1,0,1,0,0,0,0,1,0,0,1,0,0
3214,-0.598453095263562,1,0,0,0,0,0,0,0,0,1,0,0,0,1,1,1,0,0,0,1,0,0,0,0,1,0,0,0,0,0
3215,-1.61983352196166,0,0,1,0,0,0,0,0,1,0,0,0,0,0,0,0,0,0,0,0,0,0,0,0,0,0,0,0,0,0
3216,0.862682312817895,1,1,1,0,0,1,1,0,1,1,0,0,1,1,1,1,0,0,1,1,1,0,1,1,1,0,0,1,1,1
3217,-0.235147982928483,1,0,1,0,0,0,1,0,1,1,0,0,0,1,1,1,0,0,1,0,0,0,0,1,1,0,0,1,1,1
3218,-0.0273098675975386,1,1,1,0,0,0,0,0,1,1,0,0,0,1,1,1,0,1,1,0,0,0,0,1,1,0,0,1,0,1
3219,0.512118545097322,1,0,1,0,1,1,0,0,1,1,0,0,0,1,1,1,0,0,1,0,0,0,0,1,1,0,0,1,0,1
3220,-0.357821668687824,1,1,1,0,0,1,0,0,0,1,0,0,0,1,1,1,0,0,1,0,0,0,0,1,1,0,0,1,0,1
3221,0.654018701591438,1,0,1,1,0,1,1,1,1,1,0,1,0,1,1,1,0,0,1,0,0,0,0,1,1,0,0,1,0,1
3222,0.146073340552139,1,1,1,0,0,0,0,0,1,1,0,0,1,1,1,1,0,1,1,0,0,0,0,0,1,0,1,0,1,1
3223,-0.449541369698199,1,0,1,0,0,1,1,0,0,1,0,0,0,1,1,1,0,1,0,0,0,0,0,1,1,0,0,0,0,1
3224,-1.71589417526346,0,0,0,0,0,0,0,0,0,0,0,0,0,0,0,1,0,0,0,0,0,0,0,0,0,0,0,0,0,0
3225,0.570921846610356,1,0,1,0,0,1,1,0,0,1,0,1,1,1,1,1,1,1,1,0,0,1,0,1,1,0,0,1,1,1
3226,0.565678243796461,1,1,1,0,0,1,1,0,1,1,0,1,0,1,1,1,0,1,1,1,0,0,0,1,1,0,0,1,1,1
3227,-0.87272592119296,1,0,1,0,0,0,0,0,0,1,0,0,0,1,1,1,0,0,0,0,0,0,0,1,1,0,0,1,0,1
3228,-1.27364397314212,0,0,0,0,0,0,0,0,0,1,0,0,0,1,0,0,0,0,0,0,0,0,0,1,0,0,0,1,0,1
3229,2.69182221541301,1,1,1,1,1,1,1,1,1,1,1,1,1,1,1,1,1,1,1,1,1,1,1,1,1,1,1,1,1,1
3230,0.481732973041976,0,0,1,0,0,1,1,0,0,1,0,0,0,1,1,1,0,1,1,0,0,0,0,1,0,0,0,1,0,1
3231,-0.870506087747553,0,0,0,0,0,1,0,0,0,1,0,0,0,1,0,1,0,1,1,0,0,0,0,0,1,0,0,0,0,0
3232,0.136663766959879,1,1,1,0,0,1,0,0,1,1,0,0,0,1,1,1,0,1,1,0,0,0,0,1,1,0,0,1,0,1
3233,-0.490717744614309,0,0,1,0,0,0,0,0,1,1,0,1,1,1,1,0,0,0,1,0,0,0,0,0,1,0,0,0,0,1
3234,-1.5804751606918,0,0,0,0,0,0,1,0,0,1,0,0,0,0,0,0,0,0,0,0,0,0,0,1,1,0,0,0,0,0
3235,0.953486984533966,1,1,1,0,0,0,1,1,1,1,0,1,1,1,1,1,0,1,1,0,0,0,0,1,1,0,1,0,0,1
3236,2.17732400997213,1,1,1,1,1,1,1,1,1,1,1,1,1,1,1,1,0,1,1,1,0,0,1,1,1,1,1,1,1,1
3237,-1.060465951718,1,0,0,0,0,0,0,0,0,1,0,0,0,1,1,0,0,1,0,0,0,0,0,0,1,0,0,0,0,1
3238,0.138486699817278,1,1,1,0,0,0,0,0,1,1,0,0,1,1,1,1,0,0,1,0,0,0,0,1,1,0,0,1,0,1
3239,-1.08189345022643,1,0,1,0,0,0,1,0,0,1,0,0,0,1,1,1,0,0,1,0,0,0,0,1,0,0,0,0,0,1
3240,1.6588907302052,1,0,1,1,0,1,1,1,1,1,0,1,1,1,1,1,0,1,1,1,0,1,1,1,1,0,1,1,1,1
3241,0.409659147340381,1,1,1,0,0,0,1,0,1,1,0,0,0,1,1,1,0,0,1,1,0,0,1,1,1,0,0,1,0,1
3242,0.306269390675244,1,0,1,0,0,1,1,0,1,1,0,0,0,1,1,1,0,0,1,1,0,0,0,1,1,0,1,1,0,0
3243,0.298129281188768,1,0,1,1,0,1,0,0,1,1,0,1,0,1,1,0,0,0,1,0,0,0,0,1,1,0,0,1,0,1
3244,-0.0482689218888749,1,0,1,0,0,1,1,0,1,1,0,1,0,1,1,0,0,0,1,0,0,0,0,1,0,0,1,0,1,1
3245,0.718452147092825,1,1,0,0,0,1,1,0,1,1,0,0,1,1,1,1,0,1,1,0,0,0,0,1,1,0,1,1,0,1
3246,0.0279618999045827,1,0,1,0,0,0,0,0,0,1,0,0,0,1,1,1,0,0,1,0,0,0,1,0,1,0,0,1,0,1
3247,0.121788806487495,1,0,1,0,0,0,1,0,1,1,0,1,0,1,1,1,0,0,1,1,0,0,0,1,1,0,0,1,1,1
3248,-0.734067323856228,1,0,1,0,0,1,1,0,0,1,0,0,0,1,1,1,0,0,1,1,0,0,0,0,0,0,0,1,0,1
3249,1.64882763335937,1,1,1,1,0,1,1,1,1,1,0,1,1,1,1,1,1,0,1,1,1,1,1,1,1,0,1,1,1,1
3250,-1.51226797402766,0,0,0,0,0,0,0,0,0,1,0,0,0,0,0,0,0,0,0,0,0,0,0,0,0,0,0,0,0,0
3251,0.51228076982706,1,1,1,0,0,1,1,0,1,1,0,1,0,1,1,1,0,0,1,0,0,0,0,1,1,0,0,1,1,1
3252,0.452962949344527,1,0,1,0,0,1,0,0,1,1,0,1,0,1,1,1,0,1,1,0,0,0,1,1,1,1,0,1,1,1
3253,-0.994894981658756,1,0,1,0,0,1,1,0,1,1,0,0,0,1,1,0,0,1,0,0,0,0,0,1,1,0,0,0,0,0
3254,-0.553214186050596,0,0,1,0,0,1,1,0,0,1,0,1,0,1,1,0,0,0,1,0,0,0,0,1,1,0,0,1,0,0
3255,1.55582067147531,1,1,1,1,1,1,1,1,1,1,1,1,1,1,1,1,0,1,1,1,1,1,0,1,1,0,1,1,1,1
3256,-0.204588238974434,1,1,1,0,0,0,1,0,1,1,0,0,0,1,1,1,0,0,1,0,0,0,0,1,1,0,0,1,0,1
3257,0.287449957841139,1,0,1,0,0,1,1,0,1,1,0,1,0,1,1,1,0,0,1,1,0,0,0,1,1,0,0,0,0,1
3258,-1.27542518729395,1,1,1,0,0,0,0,0,0,0,0,0,0,1,0,1,0,0,1,0,0,0,0,0,0,0,0,0,0,0
3259,0.522894904624473,1,0,1,0,0,1,1,0,1,1,0,0,0,1,1,1,0,1,1,0,0,0,0,1,1,0,0,0,0,1
3260,1.75006770197851,1,1,1,1,1,1,1,1,1,1,0,0,1,1,1,1,0,1,1,1,0,1,0,1,1,1,0,1,0,1
3261,0.33311778939482,1,1,1,0,0,1,1,0,0,1,0,1,0,1,1,1,0,0,1,0,0,0,1,1,1,0,0,1,0,1
3262,-1.1945561419794,0,0,0,0,0,0,0,0,0,0,0,0,0,1,1,0,0,1,0,0,0,0,0,0,1,0,0,0,0,0
3263,0.304116979207393,1,0,1,0,0,1,1,0,1,1,0,0,0,1,1,1,0,0,1,0,0,0,0,1,1,0,0,1,1,1
3264,-0.423698899085501,1,0,0,0,0,1,1,0,0,1,0,0,0,1,1,1,0,0,1,0,0,0,0,1,1,0,0,0,1,1
3265,-1.11952637365101,1,0,0,0,0,0,0,0,1,0,0,0,0,1,1,0,0,0,1,0,0,0,0,0,0,0,0,1,0,0
3266,-2.05079656177464,0,0,1,0,0,0,0,0,1,0,0,0,0,0,0,1,0,0,0,0,0,0,0,0,0,0,0,0,0,0
3267,0.389932892101807,0,0,0,0,0,0,1,0,0,1,0,1,1,1,1,1,0,1,1,0,0,1,0,1,1,0,0,1,0,1
3268,-0.17356534808236,1,0,1,0,0,1,0,0,1,1,0,0,1,1,1,1,0,1,1,0,0,0,0,1,1,0,0,1,0,1
3269,-0.685968448776708,1,0,0,0,0,1,1,0,1,1,0,0,0,1,1,0,0,0,1,0,0,0,0,0,0,0,0,0,0,0
3270,1.09301719526904,1,1,1,0,0,1,1,1,1,1,1,1,1,1,1,1,1,1,1,1,0,0,0,1,1,0,1,1,1,1
3271,-1.25442643229506,0,0,1,0,0,1,0,0,0,1,0,0,0,0,0,1,0,1,0,0,0,0,0,1,0,0,0,0,0,0
3272,0.814700503914402,1,1,0,0,0,1,0,0,1,1,0,0,0,1,1,1,1,1,1,1,0,0,1,1,1,1,0,1,1,1
3273,0.263506978487553,1,0,1,0,0,1,0,0,1,1,0,0,0,1,1,0,0,0,1,1,0,0,0,1,1,0,0,0,0,1
3274,0.520106583003807,1,0,0,0,1,1,0,0,1,1,0,1,1,1,1,1,0,1,1,1,0,0,0,1,1,0,1,1,0,1
3275,0.840141320451502,1,1,1,0,0,1,0,0,1,1,0,0,1,1,1,1,0,1,1,1,0,1,0,0,1,0,0,0,0,1
3276,-0.821168682460154,1,0,0,0,0,0,1,0,0,1,0,0,0,1,1,1,0,0,1,0,0,0,0,1,1,0,0,0,0,0
3277,-0.602399543230955,1,0,1,0,0,0,1,0,1,1,0,0,0,1,1,1,0,0,1,0,0,0,0,1,1,0,0,1,0,1
3278,0.159524132004091,1,1,1,0,0,1,1,0,1,1,0,1,0,1,1,1,0,1,1,0,0,0,0,1,1,0,0,1,0,1
3279,-0.23898417616289,1,0,1,0,0,1,1,0,0,1,0,1,0,1,1,1,0,1,0,0,0,0,0,1,1,0,0,0,0,1
3280,0.309609944153013,1,0,1,0,0,1,1,0,1,1,0,1,1,1,1,1,0,1,1,1,0,0,0,1,1,0,1,1,0,1
3281,0.0205419474839992,0,0,1,0,0,0,1,0,0,1,0,0,0,1,1,1,0,1,1,0,0,0,0,1,1,0,0,1,0,1
3282,0.824677216849806,1,0,1,0,1,1,0,0,1,1,0,1,0,1,1,1,0,1,1,0,0,1,0,1,1,1,0,1,1,1
3283,-1.2724731942063,1,0,0,0,0,0,0,0,0,1,0,0,0,1,1,0,0,0,1,0,0,0,0,1,1,0,0,0,1,0
3284,0.854269268343064,1,0,1,0,0,1,1,0,1,1,0,0,1,1,1,1,0,0,1,1,0,0,1,1,1,0,0,1,1,1
3285,-0.0691854788610248,1,0,1,0,0,1,1,0,1,1,0,1,0,1,0,1,0,0,1,0,0,0,0,1,1,0,0,1,0,1
3286,1.05640285887517,1,1,1,0,0,1,1,1,1,1,0,1,1,1,1,1,0,1,1,1,0,1,1,1,1,1,0,0,1,1
3287,0.813554813454556,1,0,1,0,0,1,0,0,1,1,0,1,1,1,1,1,0,1,1,1,0,0,0,1,1,1,0,0,0,1
3288,-1.50628593628045,0,0,1,0,0,0,0,0,0,0,0,0,0,1,0,0,0,0,0,0,0,0,0,0,0,0,0,0,0,0
3289,0.849751072940438,0,1,1,0,1,1,1,0,1,1,0,0,1,1,1,1,0,1,1,0,0,0,0,1,1,0,0,1,1,1
3290,-0.367262932004749,1,0,1,0,0,0,0,0,1,1,0,0,0,1,1,1,0,0,1,0,0,0,0,1,1,0,0,0,0,1
3291,-1.45605272686905,0,0,0,0,0,0,0,0,0,0,0,1,0,1,0,0,0,0,1,0,0,0,0,0,0,0,0,0,0,1
3292,-1.62129152510606,0,0,0,0,0,0,0,0,0,1,0,0,0,1,0,0,0,0,0,0,0,0,0,1,0,0,0,0,0,0
3293,1.50641246450918,1,1,1,1,0,1,1,1,1,1,1,1,1,1,1,1,0,0,1,0,0,1,1,1,1,1,1,1,0,1
3294,1.71679923936268,1,1,1,0,0,1,1,0,1,1,1,1,1,1,1,1,1,1,1,0,1,1,1,1,1,0,1,1,1,1
3295,2.93833993457451,1,1,1,1,1,1,1,1,1,1,1,1,1,1,1,1,1,1,1,0,1,1,1,1,1,1,1,1,1,1
3296,0.424839744148073,1,1,1,0,0,1,1,0,1,1,0,1,0,1,1,1,0,1,1,0,0,0,0,1,1,0,0,1,1,1
3297,0.246488116392826,1,0,0,0,0,1,0,0,0,1,0,0,0,1,1,1,0,1,1,0,0,0,0,0,1,0,0,1,0,1
3298,1.36690884732644,1,1,1,0,0,1,1,0,1,1,1,0,1,1,1,1,0,1,1,1,1,1,1,1,1,0,1,1,0,1
3299,0.754776731975483,1,0,1,0,0,1,1,0,1,1,0,1,1,1,1,1,0,1,1,0,0,0,0,1,1,0,1,1,1,0
3300,1.02075242267096,1,1,1,1,0,1,1,1,0,1,0,0,0,1,1,1,1,1,1,1,0,0,0,1,1,0,0,1,1,1
3301,-0.0735071310380993,1,1,1,0,0,1,1,0,1,1,0,1,0,1,1,1,0,1,1,0,0,0,0,1,1,0,0,1,0,1
3302,-0.048309733833359,1,0,1,0,0,0,0,0,1,1,0,0,0,1,1,1,0,1,1,0,0,0,1,0,1,0,0,1,1,1
3303,0.736079489273046,1,1,1,0,1,1,0,0,1,1,1,1,1,1,1,1,0,1,1,0,1,0,0,1,1,0,1,1,1,1
3304,0.982992232614711,1,0,1,0,0,1,1,1,1,1,0,1,1,1,1,1,1,1,1,1,1,0,1,1,1,0,0,1,1,1
3305,-2.08705909777906,0,0,1,0,0,0,0,0,0,0,0,0,0,0,0,0,0,0,0,0,0,0,0,0,0,0,0,0,0,1
3306,1.0428951107148,1,1,1,0,0,1,1,0,1,1,0,1,0,1,1,1,0,1,1,1,0,1,1,1,1,0,0,1,0,1
3307,-0.12212220832566,1,0,1,0,0,0,1,0,0,1,0,0,0,1,1,1,0,0,1,1,0,0,0,1,1,0,0,0,0,1
3308,0.438016837263661,1,0,0,0,0,1,0,0,0,1,0,0,0,1,1,1,1,1,1,1,0,0,0,1,1,0,0,1,0,0
3309,-1.2066702616745,1,0,0,0,0,0,0,0,0,1,0,0,0,1,1,0,0,0,0,0,0,0,0,0,1,0,0,1,0,0
3310,1.11113268390235,1,1,1,0,0,0,1,0,1,1,0,1,1,1,1,1,0,0,1,1,0,0,0,1,1,0,1,1,0,1
3311,0.406385421428233,1,0,1,0,0,1,0,0,1,1,0,0,0,1,1,1,0,1,1,0,0,0,0,1,1,0,1,1,0,1
3312,-0.702477232703472,0,0,1,0,0,0,0,0,1,1,0,1,0,1,1,0,0,0,0,0,0,0,0,1,0,0,0,1,0,1
3313,0.138399026419922,1,0,1,0,0,1,0,0,1,1,0,1,0,1,1,1,0,1,1,0,0,0,0,1,1,0,0,1,0,0
3314,-0.900242716073832,1,0,1,0,0,0,1,0,0,1,0,0,0,1,1,1,0,1,1,0,0,0,0,0,1,0,0,0,1,0
3315,2.20014469603931,1,1,1,1,0,1,1,0,1,1,1,1,1,1,1,1,1,1,1,1,1,1,1,1,1,0,0,1,0,1
3316,0.754782538415531,1,1,1,0,0,1,1,0,1,1,0,0,1,1,1,1,0,1,1,0,0,0,0,1,1,0,0,1,1,1
3317,0.475402879715026,1,0,1,1,0,1,0,0,1,1,0,0,1,1,1,1,0,0,1,0,0,0,0,1,1,0,1,0,0,0
3318,0.990050781557917,1,1,1,0,0,1,0,0,1,1,0,0,1,1,1,1,0,0,1,1,1,1,0,1,1,0,1,1,1,1
3319,-0.60157673219458,1,0,1,0,0,0,1,0,0,1,0,0,0,1,1,1,0,1,1,0,0,0,0,0,1,0,0,0,0,0
3320,-1.14720866954184,1,0,0,0,0,0,0,0,1,1,0,0,0,1,1,0,0,0,0,0,0,0,0,0,0,0,0,0,0,1
3321,0.0168020380934289,1,0,0,0,0,1,1,0,0,1,0,1,1,1,1,1,0,1,1,0,0,0,0,1,1,0,0,1,0,1
3322,-1.15988389253762,0,0,0,0,0,1,0,0,0,1,0,0,0,1,1,0,0,0,1,0,0,0,0,1,0,0,0,1,0,1
3323,1.14300240699929,1,1,1,1,0,1,1,1,1,1,1,1,0,1,1,1,0,1,1,1,0,1,1,1,1,0,0,1,1,1
3324,-1.91834336631205,0,0,0,0,0,0,0,0,0,0,0,0,0,1,0,0,0,1,0,0,0,0,0,0,0,0,0,0,0,0
3325,-0.727060838309554,0,0,1,0,0,0,1,0,0,1,0,1,0,1,1,1,0,0,1,0,0,0,0,1,0,0,0,1,0,1
3326,0.637400137277084,1,0,1,0,0,1,1,0,0,1,1,1,0,1,1,1,0,1,1,0,0,0,0,1,1,0,1,1,0,0
3327,-0.439712656939022,1,0,1,0,0,1,0,0,1,1,0,1,0,1,1,0,0,1,0,0,0,0,0,1,1,0,0,0,0,1
3328,-1.20131298244297,0,0,0,0,0,0,1,0,0,0,0,0,0,1,1,0,0,0,1,0,0,0,0,1,1,0,0,0,0,0
3329,-0.261004328309311,0,0,1,0,0,0,1,0,1,1,0,0,0,1,1,0,0,0,1,0,0,0,0,0,1,0,0,1,0,0
3330,0.211651947461501,1,0,1,0,0,1,1,0,1,1,0,1,0,1,1,0,0,0,1,0,0,0,1,1,1,0,0,0,0,1
3331,-0.691509616262026,1,0,0,0,0,0,0,0,1,1,0,0,0,1,1,1,0,0,1,0,0,0,0,0,1,0,0,0,0,0
3332,0.353283867596008,1,0,0,1,0,1,1,0,1,1,0,1,0,1,1,1,0,1,1,1,0,0,0,1,1,0,0,0,1,1
3333,1.9823044883135,1,1,1,1,1,1,1,1,0,1,1,1,1,1,1,1,0,1,1,1,1,1,1,1,1,1,1,1,1,1
3334,0.270625137309734,1,0,1,0,0,0,0,0,0,1,0,1,0,1,1,1,0,1,0,0,0,0,0,1,1,0,1,1,0,1
3335,2.43092264192367,1,1,1,1,1,1,1,1,1,1,1,1,0,1,1,1,1,1,1,1,1,1,1,1,1,1,1,1,1,1
3336,-0.443120266010523,1,0,1,0,0,0,0,0,1,1,0,1,0,1,1,1,0,1,1,0,0,0,0,0,1,0,0,1,0,1
3337,1.2668144848996,1,1,1,0,1,1,0,1,1,1,0,1,1,1,1,1,1,1,1,1,0,1,0,1,1,0,0,1,0,1
3338,1.62305097631976,1,0,1,1,1,1,1,0,1,1,0,0,1,1,1,1,1,1,1,1,1,0,1,1,1,1,0,1,1,1
3339,-0.685782318697636,1,0,1,0,0,1,0,0,1,1,0,0,0,1,0,1,0,0,1,0,0,0,0,1,0,0,0,1,0,1
3340,0.874511095716074,1,0,1,0,0,1,1,0,1,1,0,1,1,1,1,1,0,0,1,1,0,0,1,1,1,0,1,0,0,1
3341,1.87436442914543,1,1,1,1,1,1,1,0,1,1,1,1,1,1,1,1,0,1,1,1,1,1,1,1,1,1,1,1,1,1
3342,-1.07444322046931,0,0,1,0,0,0,0,0,0,1,0,0,0,1,0,0,0,0,1,0,0,0,0,0,0,0,0,1,0,0
3343,-0.499517383565287,1,1,1,0,0,1,0,0,1,1,0,0,0,1,1,0,0,1,0,0,0,0,0,1,1,0,0,0,0,1
3344,0.531809021350682,1,1,1,0,0,1,1,0,1,1,0,0,0,1,1,1,0,1,0,0,0,0,1,1,1,0,0,1,0,1
3345,1.09451920423256,1,0,1,0,0,1,1,0,1,1,0,1,0,1,1,1,0,1,1,0,0,1,0,1,1,0,0,1,0,1
3346,-0.0460371154623831,1,0,0,0,0,1,0,0,1,1,0,0,0,1,1,1,0,1,0,1,0,0,0,1,1,0,0,1,0,1
3347,-0.921966731230429,1,0,1,0,0,1,0,0,0,1,0,0,0,1,1,0,0,0,0,0,0,0,0,0,1,0,0,1,0,1
3348,0.414810780941755,1,0,1,0,0,1,1,0,1,1,0,1,0,1,1,1,0,1,1,0,0,0,0,1,1,1,0,1,0,1
3349,-0.903846436903693,1,0,0,0,0,1,0,0,1,1,0,0,0,1,1,0,0,0,1,0,0,0,0,0,1,0,0,0,0,1
3350,-0.469948530122541,1,1,1,0,0,1,0,0,1,1,0,0,0,1,1,1,0,1,1,0,0,0,0,1,1,0,0,0,0,0
3351,1.23832414155905,1,1,1,0,1,1,1,0,1,1,1,1,1,1,1,1,1,1,1,1,0,0,0,1,0,0,0,1,1,1
3352,0.54364329989095,1,0,1,0,0,1,0,0,1,1,0,0,1,1,1,1,0,0,0,0,0,1,0,1,1,0,0,1,1,0
3353,-1.40106589965876,1,0,1,0,0,0,0,0,1,0,0,0,0,1,0,0,0,0,0,0,0,0,0,0,1,0,0,1,0,0
3354,-0.057717370853888,0,1,1,0,0,1,0,0,1,1,0,0,0,1,1,1,0,0,1,0,0,0,0,1,1,0,0,0,0,1
3355,-0.0464074002323607,1,0,1,0,0,0,1,0,0,1,0,1,0,1,1,1,0,0,1,1,0,0,0,1,1,0,0,1,0,1
3356,-2.09468025531624,0,0,0,0,0,0,1,0,0,0,0,0,0,0,0,0,0,0,0,0,0,0,0,0,0,0,0,1,0,0
3357,-0.423651594532921,0,0,0,0,0,1,1,0,1,1,0,1,0,1,1,1,0,0,1,0,0,0,0,1,1,0,1,0,0,1
3358,1.44975907284134,1,0,1,0,0,1,1,0,1,1,0,0,0,1,1,1,1,1,1,1,0,0,1,1,1,0,1,0,1,1
3359,-0.1671020225097,1,0,1,0,0,1,1,0,1,1,0,0,0,1,1,1,0,1,1,0,0,0,0,1,1,0,0,0,0,1
3360,1.77667194268632,1,1,1,1,0,1,0,1,1,1,0,1,1,1,1,1,1,1,1,1,0,1,0,1,1,1,1,1,0,1
3361,-1.87002772131445,1,0,0,0,0,0,0,0,0,0,0,0,0,1,1,0,0,0,0,0,0,0,0,0,0,0,0,0,0,1
3362,-0.517803116362284,1,0,1,0,0,0,1,0,1,1,0,0,0,1,1,0,0,1,1,0,0,0,0,1,1,0,0,1,0,1
3363,-1.83583428778745,0,0,0,0,0,0,1,0,0,0,0,0,0,1,1,0,0,1,1,0,0,0,0,0,0,0,0,0,0,1
3364,2.29709625080769,1,1,1,1,0,1,1,1,1,1,1,1,1,1,1,1,1,1,1,1,0,1,1,1,1,1,1,1,1,1
3365,1.42150977022586,1,1,1,0,1,1,1,0,1,1,0,1,1,1,1,1,0,1,1,1,0,0,1,1,1,0,1,1,0,1
3366,0.611281284240774,1,1,1,0,0,1,0,0,1,1,0,1,1,1,1,1,0,0,1,1,0,0,0,1,1,0,1,1,0,1
3367,-0.0433561996982409,0,0,1,0,0,1,1,0,0,1,0,0,0,1,1,1,0,0,0,0,0,0,1,1,1,0,0,1,0,1
3368,1.20424309829017,1,1,1,0,1,1,0,0,1,1,1,1,1,1,1,1,0,1,1,1,0,0,0,1,1,0,1,1,1,1
3369,-1.06039251275699,1,0,0,0,0,0,0,0,0,1,0,1,0,1,1,1,0,0,0,0,0,0,0,1,1,0,0,0,0,1
3370,-0.547445603027895,1,0,1,0,0,0,1,0,0,1,0,0,0,1,1,0,0,0,1,0,0,0,0,0,1,0,0,0,0,0
3371,1.83916346536482,1,1,1,1,1,1,0,1,0,1,1,1,1,1,1,1,1,1,1,1,1,1,1,1,1,1,1,1,0,1
3372,-0.0062019013200496,0,0,1,0,0,1,0,1,1,1,0,0,0,1,1,1,0,1,1,0,0,0,0,1,1,0,0,0,1,1
3373,-0.11398797562215,1,0,0,0,0,0,1,0,1,1,0,0,0,1,1,1,0,1,1,0,0,0,0,0,1,0,0,0,1,1
3374,-0.507167519143505,1,0,1,0,0,0,0,0,0,1,0,0,0,1,1,0,0,1,1,0,0,0,0,1,1,0,0,0,0,1
3375,-0.493360431150161,1,0,1,0,0,0,0,0,0,1,0,0,0,1,1,1,0,0,1,0,0,0,0,1,0,0,0,1,0,0
3376,-0.908182717374497,0,1,0,0,0,0,1,0,0,0,0,0,0,1,1,1,0,0,1,0,0,0,0,0,1,0,0,0,1,1
3377,1.15465407237051,1,1,1,1,0,1,1,0,1,1,1,1,1,1,1,1,1,1,1,1,0,0,0,1,1,0,1,0,0,1
3378,-1.24315936873477,0,0,1,0,0,0,0,0,0,1,0,1,0,1,1,0,0,1,0,0,0,0,0,0,0,0,0,0,0,1
3379,-1.53991873836322,0,0,0,0,0,0,1,0,0,0,0,0,0,1,1,0,0,0,0,0,0,0,0,1,0,0,0,0,0,0
3380,-0.0903494944125966,1,0,1,0,0,0,1,0,0,1,0,1,0,1,1,0,0,1,1,1,0,0,0,1,1,0,0,0,0,1
3381,1.54146943594038,1,1,1,0,1,1,1,1,1,1,0,0,1,1,1,1,1,1,1,1,0,0,1,1,1,0,1,1,1,1
3382,0.86577903632258,1,0,1,0,0,1,1,0,1,1,0,1,0,1,1,1,0,0,1,0,0,0,0,1,1,0,0,1,0,1
3383,-2.95458269141604,0,0,0,0,0,0,0,0,0,0,0,0,0,1,1,0,0,0,0,0,0,0,0,0,0,0,0,0,0,0
3384,-0.522817488092075,1,0,1,0,0,0,1,0,0,1,0,0,0,1,1,0,0,0,1,0,0,0,0,0,1,0,0,1,0,0
3385,-0.287748278081733,0,0,1,0,0,1,1,0,0,1,0,0,0,1,1,1,0,1,0,0,0,0,0,1,1,0,0,1,0,1
3386,-0.420647685037836,1,0,0,0,0,0,1,0,1,1,0,0,0,1,1,1,0,0,1,0,0,0,0,1,1,0,0,0,0,1
3387,-0.185723039790555,1,1,1,0,0,1,0,0,1,1,0,1,1,1,1,1,0,0,1,0,0,0,0,1,1,0,0,0,0,1
3388,-0.789097762848079,1,0,0,0,0,0,0,0,0,0,0,0,0,1,1,0,0,1,1,1,0,0,0,1,0,0,0,0,0,1
3389,2.171278766286,1,1,1,0,1,1,1,1,1,1,1,1,1,1,1,1,1,1,1,1,0,1,1,1,1,1,1,1,1,1
3390,0.367416458093104,1,0,1,0,0,1,1,0,1,1,0,1,0,1,1,1,0,1,1,1,0,0,0,1,1,0,0,1,1,1
3391,-0.666751633933228,1,1,1,0,0,1,0,0,0,0,0,0,0,1,1,0,0,0,1,0,0,0,0,1,1,0,0,1,0,0
3392,-0.806625911693147,0,0,1,0,0,1,0,0,1,1,0,0,0,1,0,0,0,0,0,0,0,0,0,1,1,0,0,0,0,1
3393,0.122192569640404,1,0,1,0,0,0,0,0,1,1,0,0,1,1,1,1,0,1,1,0,0,0,0,1,1,0,0,1,0,1
3394,-0.440950201378233,1,0,1,0,0,0,1,0,0,1,0,1,1,1,1,1,0,0,1,0,0,0,0,0,1,0,0,1,0,0
3395,0.88431631121002,1,1,1,0,1,1,0,1,1,1,1,0,1,1,1,1,0,1,1,0,1,1,0,1,1,0,0,1,1,1
3396,1.38731209450562,1,1,1,0,0,1,1,1,1,1,1,1,0,1,1,1,0,0,1,0,0,0,0,1,1,1,0,1,0,1
3397,-2.09355818133408,0,0,0,0,0,0,0,0,0,0,0,0,0,0,0,1,0,0,0,0,0,0,0,0,0,0,0,0,0,0
3398,0.849954317441443,1,0,1,0,0,1,0,1,1,1,0,1,0,1,1,1,0,0,1,0,0,0,0,1,1,0,0,1,1,1
3399,-0.979601236030993,0,1,0,0,0,1,1,0,1,1,0,0,0,1,1,1,0,0,0,0,0,0,0,1,0,0,0,0,0,1
3400,-1.90076664537131,0,0,0,0,0,0,0,0,0,0,0,0,0,1,0,0,0,1,0,0,0,0,0,0,0,0,0,0,0,0
3401,0.364679586900451,1,0,1,1,0,0,1,0,1,1,0,1,1,1,0,1,0,0,1,0,0,0,0,1,1,0,0,1,0,1
3402,0.562244030402783,0,0,1,0,0,1,1,0,1,1,0,1,0,1,1,1,0,1,1,1,0,0,0,1,1,0,1,1,0,1
3403,0.0462818910733465,1,0,1,0,0,0,0,1,1,1,0,0,0,1,1,1,0,1,1,0,0,0,0,1,1,0,0,1,0,1
3404,-1.04442554008801,1,0,0,0,0,1,0,0,0,1,0,0,0,1,1,1,0,0,0,0,0,0,0,1,1,0,0,0,0,1
3405,-0.640129741000506,1,0,0,0,0,0,1,0,1,1,0,1,0,1,1,1,0,1,0,0,0,0,0,0,1,0,0,1,0,1
3406,0.304121795972878,1,0,1,0,0,1,1,0,0,1,0,0,1,1,1,1,0,0,1,1,0,0,0,1,1,0,0,1,1,1
3407,-1.11298378858791,0,0,0,0,0,0,0,0,0,0,0,0,1,1,1,0,0,0,0,0,0,0,0,0,1,0,0,1,0,0
3408,0.0198881937546826,1,0,1,0,0,0,1,0,0,1,0,0,0,1,1,1,0,0,1,1,0,0,0,1,1,0,0,0,1,1
3409,1.87648102515954,1,1,1,1,0,1,1,0,1,1,0,1,1,1,1,1,0,1,1,1,0,1,1,1,1,1,1,1,1,1
3410,-0.0144305399196497,1,0,1,0,0,1,0,0,1,1,0,1,0,1,1,1,0,1,1,0,0,0,0,1,1,0,0,0,1,1
3411,0.795077660668038,1,1,1,0,0,1,1,0,1,1,1,0,0,1,1,1,0,1,1,1,0,1,0,1,1,0,0,1,0,1
3412,-0.535065567437452,1,0,1,0,0,1,0,0,0,1,0,0,0,1,1,1,0,0,1,0,0,0,0,1,1,0,0,0,0,1
3413,-0.867157172011397,0,0,0,0,0,1,0,0,0,1,0,0,0,1,1,0,0,1,0,0,0,0,0,0,1,0,0,0,0,1
3414,0.335631204110459,1,0,1,0,0,0,1,0,0,1,0,0,0,1,1,1,0,1,0,0,0,0,0,1,1,0,0,1,1,1
3415,-0.122670146049225,1,0,1,0,0,1,1,0,1,1,0,0,0,1,1,1,0,0,0,1,0,0,0,1,1,0,1,1,0,1
3416,-1.1943180082452,1,0,0,0,0,0,1,0,1,1,0,1,1,0,1,0,0,0,0,0,0,0,0,0,0,0,0,0,0,1
3417,0.225690812542937,1,0,1,0,0,1,0,0,1,1,0,0,1,1,1,1,0,1,1,0,0,0,0,0,1,0,0,1,0,1
3418,1.69108949749924,1,1,1,1,1,1,1,1,1,1,1,1,1,1,1,1,1,1,1,1,0,1,1,1,1,1,1,1,0,1
3419,-1.09393320821249,1,0,1,0,0,0,0,0,0,1,0,0,0,1,1,1,0,1,0,0,0,0,0,1,0,0,0,0,0,0
3420,-0.387324454349094,1,0,1,0,0,0,1,0,0,1,0,0,0,1,1,0,0,0,1,1,0,0,0,1,1,0,0,0,0,1
3421,-0.64308584841481,1,0,1,0,0,0,1,0,1,1,0,0,0,1,1,1,0,0,1,0,0,0,0,1,1,0,0,0,0,1
3422,0.965007503683613,1,0,1,0,0,1,1,0,1,1,0,1,1,1,1,1,0,1,1,0,0,0,1,1,1,0,1,1,0,1
3423,0.649497710064926,1,0,1,1,0,1,1,0,1,1,0,1,1,1,1,0,0,0,1,0,0,0,0,1,1,0,0,1,0,0
3424,0.208910008092009,1,0,1,0,0,0,0,0,1,1,0,1,1,1,1,1,0,0,1,0,0,0,0,1,1,0,0,1,1,1
3425,1.39178500562331,1,1,1,1,1,1,1,1,1,1,0,1,1,1,1,1,0,1,1,0,0,0,1,1,1,0,0,1,0,1
3426,-0.275306213966102,1,1,1,0,0,1,0,0,0,1,0,0,0,1,1,1,0,1,1,0,0,0,0,1,1,0,0,1,0,1
3427,0.620223758056397,1,1,1,0,0,1,1,1,1,1,1,1,1,1,1,1,0,1,1,1,0,1,0,1,1,0,0,1,0,1
3428,1.30896023737971,1,1,1,1,1,1,1,1,1,1,0,1,1,1,1,1,1,0,1,1,0,1,0,1,1,0,0,1,1,1
3429,0.094464708197866,1,0,1,0,0,0,1,0,1,1,0,1,0,1,1,1,1,1,1,0,0,0,0,1,1,0,0,1,0,1
3430,-0.506802696569692,0,0,0,0,0,0,0,0,0,1,0,0,0,1,1,0,0,0,1,1,0,0,0,0,0,0,0,0,0,1
3431,-0.49914720813243,1,1,1,0,0,1,0,0,0,1,0,0,0,1,1,1,0,1,1,0,0,0,0,1,1,0,0,1,1,1
3432,-1.58854098005473,0,0,0,0,0,0,0,0,0,0,0,0,0,1,1,0,0,0,0,0,0,0,0,0,0,0,0,0,0,1
3433,-0.669183004555322,0,0,0,0,0,1,0,0,0,0,0,0,0,1,1,1,0,1,1,0,0,0,0,0,1,0,0,0,0,1
3434,-0.918242447436703,0,0,0,0,0,0,0,0,0,0,0,1,1,1,1,1,0,0,0,0,0,0,0,1,0,0,0,1,0,0
3435,-0.789135934987141,0,0,1,0,0,1,1,0,0,0,0,1,0,1,0,0,0,0,1,0,0,0,0,0,1,0,0,0,0,0
3436,1.06060290198916,1,0,1,0,1,1,1,0,1,1,0,1,0,1,1,1,0,1,1,0,0,0,1,1,1,0,0,1,1,1
3437,-0.912309539329522,1,0,1,0,0,0,0,0,0,1,0,0,0,1,1,1,0,1,0,0,0,0,0,0,1,0,0,1,0,1
3438,-0.38088074728321,1,0,0,0,0,1,1,0,1,1,0,1,0,1,1,0,0,0,1,0,0,0,1,1,1,0,0,1,0,1
3439,0.92824129858541,1,1,1,0,0,1,1,0,1,1,0,0,0,1,1,1,0,0,1,1,0,0,0,1,1,0,1,1,1,1
3440,1.02054853968858,1,1,1,0,0,1,1,0,1,1,1,1,1,1,1,1,0,1,1,1,1,0,0,1,1,0,1,1,0,1
3441,-0.142996531042114,1,0,1,0,0,1,0,0,1,1,0,1,0,1,1,1,0,1,1,0,0,0,0,1,1,0,0,0,0,1
3442,1.29074272946846,1,1,1,0,0,1,1,1,1,1,1,1,1,1,1,1,0,1,1,1,0,0,1,1,1,0,0,1,0,1
3443,-1.23860160448469,1,0,0,0,0,1,1,0,0,1,0,0,0,1,0,0,0,1,0,0,0,0,0,0,1,0,0,0,0,0
3444,-2.03015527131415,0,0,0,0,0,0,0,0,0,0,0,0,0,1,0,0,0,0,0,0,0,0,0,0,0,0,0,0,0,0
3445,-0.177432391061541,1,0,1,0,0,1,0,0,0,1,0,1,1,1,1,1,0,0,1,0,0,0,0,1,1,0,0,1,1,1
3446,0.513910390593223,1,1,1,0,0,0,1,0,1,1,0,0,1,1,1,1,0,1,1,0,0,0,0,1,1,0,0,1,1,1
3447,1.81372007147683,1,1,1,0,1,1,0,1,1,1,1,1,1,1,1,1,0,1,1,1,1,0,1,1,1,0,1,1,0,1
3448,-2.13940649605609,0,0,0,0,0,0,0,0,1,0,0,0,0,0,0,0,0,1,0,0,0,0,0,0,0,0,0,0,0,0
3449,-0.0878967816737685,1,0,1,0,0,1,1,0,1,1,0,0,0,1,1,1,0,0,0,0,0,0,0,1,1,0,0,1,0,1
3450,0.643688111552772,1,0,1,0,0,1,1,0,1,1,1,1,1,1,1,1,0,0,1,1,0,1,0,1,1,0,0,1,1,1
3451,1.71395972546107,1,1,1,1,0,1,0,0,0,1,1,1,1,1,1,1,1,1,1,1,1,1,1,1,1,0,1,1,1,1
3452,-0.72193560906645,1,0,0,0,0,0,0,0,1,1,0,0,0,1,0,0,0,0,1,0,0,0,0,0,1,0,0,1,0,1
3453,-1.99046017263295,0,0,0,0,0,1,0,0,0,0,0,0,0,0,0,0,0,0,0,0,0,0,0,1,0,0,0,0,0,0
3454,-0.810428923858633,0,0,1,0,0,1,0,0,1,1,0,0,0,1,1,0,0,0,1,0,0,0,0,1,0,0,0,0,0,1
3455,0.174559817145699,1,1,1,0,0,1,1,0,1,1,0,1,0,0,1,1,0,0,1,1,0,0,0,1,1,0,0,1,0,1
3456,1.10840933908913,1,1,1,0,0,1,1,1,1,1,1,0,1,1,1,1,0,0,1,1,0,1,1,1,1,1,0,1,0,1
3457,1.35385530130963,1,0,1,0,1,1,1,0,1,1,1,1,1,1,1,1,0,0,1,0,0,0,1,1,1,0,1,1,0,1
3458,-0.377875070219929,1,0,1,0,0,0,1,0,1,1,0,1,0,1,1,0,0,0,1,0,0,0,0,1,1,0,0,1,0,1
3459,-1.25932986436915,0,0,0,0,0,0,1,0,0,1,0,0,0,1,1,0,0,0,0,0,0,0,0,0,0,0,0,0,0,1
3460,-1.62279189734376,1,0,0,0,0,0,0,0,0,1,0,0,0,1,0,0,0,0,1,0,0,0,0,0,0,0,0,0,0,1
3461,-0.33968670384044,1,0,1,0,0,1,1,0,1,1,0,1,0,1,1,1,0,1,1,0,0,0,0,1,1,0,0,1,0,1
3462,-0.263046731177978,1,0,1,0,0,1,1,0,1,0,0,0,0,1,1,1,0,1,1,0,0,0,0,1,1,0,0,0,0,1
3463,0.452004108674391,1,0,1,0,0,1,1,0,1,1,1,1,0,1,1,1,0,0,1,0,0,0,0,1,1,0,0,1,0,1
3464,2.09542069494871,1,1,1,1,1,1,1,1,1,1,1,0,1,1,1,1,1,1,1,1,1,1,1,1,1,1,1,1,1,1
3465,0.166001503274612,1,0,1,0,0,1,1,1,0,1,0,1,0,1,1,1,0,1,1,0,0,0,0,1,1,0,0,0,0,1
3466,1.49702854429679,1,1,1,1,1,1,1,0,1,1,0,1,1,1,1,1,1,1,1,1,1,0,1,1,1,0,1,1,1,1
3467,0.440667054039983,1,0,1,0,0,1,0,0,1,1,0,1,0,1,1,1,0,1,1,1,1,0,0,1,1,0,0,1,1,1
3468,1.21513073660641,1,1,1,1,1,1,1,0,1,1,0,1,0,1,1,1,1,1,1,1,0,1,0,1,1,0,1,1,1,1
3469,-0.268729814878782,1,0,0,0,0,0,0,0,0,1,0,1,0,1,1,1,0,1,1,1,0,0,0,1,1,0,0,1,0,1
3470,-0.496760728837848,0,0,1,0,0,0,1,0,0,1,0,1,0,1,1,1,0,1,1,0,0,0,0,1,1,0,0,0,1,0
3471,-1.3476269452803,0,0,0,0,0,0,0,0,0,1,0,0,0,1,0,0,0,0,1,0,0,0,0,0,1,0,0,1,0,0
3472,0.712579036245752,1,0,0,1,0,1,1,0,1,1,0,0,0,1,1,1,0,1,1,1,1,0,0,1,1,0,0,1,1,1
3473,-0.457324923311643,1,0,1,0,0,1,0,0,1,0,0,0,0,1,1,1,0,1,1,0,0,0,0,1,1,0,0,1,0,1
3474,0.949138046399705,1,1,1,0,0,1,1,0,1,1,0,0,0,1,1,1,1,0,1,1,0,0,0,1,1,0,1,1,1,1
3475,1.20973823498,1,0,1,0,0,1,1,0,1,1,0,1,0,1,1,1,0,1,1,1,0,0,0,1,1,0,0,1,1,1
3476,0.705574450459864,1,1,1,0,0,1,1,0,1,1,0,1,1,1,1,1,0,0,1,0,0,0,1,1,1,0,0,0,0,1
3477,-0.798768218681696,0,0,1,0,0,0,1,0,1,1,0,0,0,1,1,0,0,1,1,0,0,0,0,1,0,0,0,1,0,0
3478,-1.35765924791006,0,0,0,0,0,0,0,0,0,1,0,0,0,1,0,0,0,0,0,0,0,0,0,0,1,0,0,0,0,1
3479,1.60159178956807,1,1,1,1,0,1,1,1,1,1,0,1,1,1,1,1,1,1,1,1,1,0,1,1,1,0,1,1,1,1
3480,0.0326146620482654,1,0,1,0,0,1,1,0,1,1,0,0,1,1,1,1,0,0,1,0,0,0,0,1,0,0,0,0,1,1
3481,-0.481599511284232,1,0,0,0,0,1,1,0,1,1,0,0,0,1,1,0,0,1,1,0,0,0,0,1,0,0,0,1,0,1
3482,1.03702935929464,1,0,1,0,0,1,1,0,1,1,0,1,1,1,1,1,0,1,1,0,0,0,1,1,1,0,0,1,1,1
3483,-1.30710605723537,0,0,0,0,0,0,0,0,0,1,0,0,0,1,1,1,0,0,1,0,0,0,0,0,1,0,0,0,0,0
3484,-0.313963057369547,1,0,1,0,0,1,0,0,1,1,0,1,0,1,1,1,0,1,1,0,0,0,0,1,1,0,0,0,0,1
3485,0.284567145008812,1,0,1,0,0,1,0,0,1,1,0,1,1,1,1,1,0,0,1,0,0,0,0,1,1,0,0,0,0,1
3486,-0.085168364663412,1,1,0,0,0,0,1,0,1,1,0,0,1,1,1,1,0,1,1,0,0,0,0,1,0,0,0,1,0,1
3487,-0.0943869159425574,1,0,1,0,0,0,1,0,1,1,0,1,0,1,1,1,0,1,0,0,0,0,0,1,1,0,0,1,1,0
3488,2.674647244051,1,1,1,1,1,1,1,1,1,1,1,1,1,1,1,1,1,1,1,1,1,1,1,1,1,1,1,1,1,1
3489,0.862688777647524,1,1,1,0,0,1,0,0,1,1,0,0,1,1,1,1,0,1,1,0,0,0,0,1,1,0,0,1,1,1
3490,0.417135348934923,1,1,1,0,0,1,1,0,1,1,0,0,0,1,1,0,0,0,1,0,0,0,0,1,1,1,0,1,1,1
3491,-0.145500070367282,0,0,1,0,0,0,0,0,1,1,0,0,0,1,1,0,0,1,0,0,0,0,0,0,1,0,0,0,1,1
3492,0.328565976343202,1,0,1,0,0,0,1,0,1,1,0,0,0,1,1,1,0,1,1,0,0,0,0,1,1,0,1,1,0,1
3493,0.427306475518507,1,1,1,0,0,1,1,0,1,0,0,1,1,1,1,1,0,0,1,0,1,0,1,1,1,0,0,1,0,1
3494,-0.0373940931300309,0,0,1,0,0,1,1,1,1,1,0,0,0,1,1,1,0,0,1,1,0,0,0,1,1,0,0,1,0,1
3495,-1.08601255837259,0,0,0,0,0,0,0,0,1,1,0,0,0,1,1,0,0,0,0,0,0,0,0,0,1,0,0,1,0,1
3496,-0.715775939113413,1,0,0,0,0,0,0,0,1,1,0,0,0,1,0,1,0,0,1,0,0,0,0,1,1,0,0,1,1,1
3497,-0.857764394262363,0,1,1,0,0,0,0,0,0,1,0,1,0,1,1,1,0,1,1,0,0,0,0,0,1,0,0,0,0,0
3498,-0.311230858020627,1,1,0,0,0,1,1,0,0,1,0,0,0,1,1,0,0,1,1,0,0,0,0,1,1,0,0,1,0,1
3499,-1.59711270082175,0,0,0,0,0,0,1,0,1,0,0,0,0,1,1,0,0,1,0,0,0,0,0,0,0,0,0,0,0,0
3500,0.256221557890685,1,1,1,0,0,1,0,0,0,1,0,0,0,1,1,1,0,1,1,1,0,0,0,1,1,0,0,1,0,1
3501,-0.23584552724532,0,1,1,0,0,1,1,0,0,1,0,0,0,1,1,1,0,1,1,0,0,0,0,1,0,0,0,1,0,1
3502,0.624410434359023,1,1,1,0,0,1,1,0,1,1,1,1,0,1,1,1,0,1,1,1,0,0,1,0,1,0,0,1,1,0
3503,-1.4300528224931,1,0,0,0,0,0,0,0,0,0,0,1,0,0,1,1,0,0,0,0,0,0,0,0,0,0,0,0,0,1
3504,0.00710276094852347,1,0,1,0,0,1,0,0,1,1,0,0,1,1,1,1,0,1,1,0,0,0,0,0,1,0,0,0,0,1
3505,-0.603874843847519,0,0,1,0,0,1,0,0,1,1,0,0,0,1,1,1,0,0,1,0,0,0,0,0,1,0,0,0,0,1
3506,-0.254815820354852,1,0,1,0,0,0,1,0,1,1,0,0,0,1,1,0,0,0,0,0,0,0,0,1,1,0,0,0,0,1
3507,0.494184711591977,1,0,0,0,0,1,1,0,1,1,0,1,1,1,1,1,0,0,1,1,0,0,0,1,1,0,0,1,0,1
3508,-0.28498376521485,1,0,0,0,0,1,0,0,0,0,0,1,0,1,1,1,0,0,1,0,0,0,0,0,1,0,0,0,0,0
3509,-0.325522261495071,1,0,1,0,0,0,0,0,0,1,0,0,0,1,1,1,0,0,1,0,0,0,0,1,1,0,0,1,0,1
3510,-0.423170690703107,0,0,1,0,0,0,1,0,0,1,0,0,0,1,1,0,0,0,1,1,0,0,0,1,1,0,0,1,0,1
3511,0.284398464785122,1,1,1,0,0,1,1,0,0,1,0,1,1,1,1,1,0,1,1,0,0,0,1,1,1,0,0,1,1,1
3512,-0.397244104870417,1,0,1,0,0,1,1,0,1,1,0,0,1,1,1,1,0,1,1,0,0,0,0,1,0,0,0,0,1,0
3513,1.16448983504022,1,1,1,1,1,1,1,0,1,1,1,1,1,1,1,1,1,1,1,1,0,1,0,1,1,0,1,1,0,1
3514,-2.11729552272058,0,0,0,0,0,0,1,0,0,0,0,0,0,1,1,1,0,0,0,0,0,0,0,0,0,0,0,1,0,0
3515,-0.404588276725904,1,1,1,0,0,0,0,0,0,1,0,0,1,1,1,1,0,0,1,0,0,0,0,1,1,0,0,1,0,1
3516,-1.81519671744521,0,0,0,0,0,0,0,0,0,0,0,1,0,0,1,1,0,0,0,0,0,0,0,0,0,0,0,0,0,0
3517,0.211654739863692,1,0,1,0,0,1,0,0,1,1,0,0,0,1,1,1,0,0,1,1,0,0,0,0,1,0,0,0,1,1
3518,-1.28952503063857,0,0,1,0,0,0,0,0,0,1,0,0,1,1,0,0,0,0,0,0,0,0,0,0,0,0,0,0,0,0
3519,-0.683352385234897,1,0,0,0,0,1,0,0,0,1,0,0,0,1,1,0,0,0,1,0,0,0,0,1,1,0,0,0,0,0
3520,-2.61942698671361,0,0,0,0,0,0,0,0,0,0,0,0,0,0,0,0,0,0,0,0,0,0,0,0,0,0,0,0,0,0
3521,-0.56543956590231,1,0,1,0,0,0,1,0,0,0,0,1,0,1,1,1,0,1,1,0,0,0,0,1,1,0,0,1,0,1
3522,-0.267972379563427,1,1,1,0,0,1,0,0,1,1,1,0,1,1,1,1,0,1,0,0,0,0,0,1,1,0,0,1,0,1
3523,0.0669892165142622,1,0,1,0,0,1,0,1,1,1,0,0,1,1,1,1,0,1,1,0,0,0,0,1,1,0,0,1,1,1
3524,0.190124889580559,1,0,1,0,0,1,1,0,0,1,0,1,0,1,1,1,0,0,1,0,0,0,0,1,1,0,0,1,1,1
3525,-0.201945446574726,1,0,1,0,0,1,1,0,1,1,0,0,0,1,1,1,0,1,1,1,0,0,0,1,1,0,0,0,0,0
3526,-0.677413053967392,0,0,1,0,0,0,1,0,0,1,0,0,0,1,1,1,0,0,0,0,0,0,0,0,0,0,0,1,0,1
3527,-0.124886709812296,1,0,0,0,0,1,1,0,1,1,0,1,1,1,1,1,0,1,1,1,0,0,0,1,1,0,1,1,1,1
3528,-0.392750162391243,1,1,1,0,0,1,1,0,1,1,0,0,0,1,1,1,0,0,0,0,0,0,0,1,1,0,0,1,0,0
3529,-1.41298007232487,0,0,1,0,0,0,0,0,0,1,0,0,0,1,0,0,0,0,0,0,0,0,0,0,0,0,0,1,0,0
3530,-0.422991691875483,1,0,1,0,0,0,0,0,0,1,0,0,0,1,1,1,0,0,1,0,0,0,0,0,1,0,0,1,0,0
3531,0.0554740385353964,1,0,1,0,0,1,1,0,1,1,0,0,0,1,1,1,0,0,1,1,0,0,1,0,1,0,0,0,0,1
3532,-1.5405324790168,0,0,0,0,0,0,0,0,0,1,0,0,0,1,0,1,0,0,0,0,0,0,0,0,1,0,0,0,0,0
3533,0.755019547723894,1,0,1,0,0,1,1,0,1,1,0,1,0,1,1,1,0,1,1,1,0,0,0,1,1,0,1,1,1,1
3534,0.496850405078703,1,1,1,0,0,1,1,0,0,1,0,0,1,1,1,1,0,1,1,1,0,0,0,1,1,0,1,1,1,0
3535,-0.925451300799729,1,0,0,0,0,0,0,0,0,1,0,1,0,1,1,0,0,1,1,0,0,0,0,0,1,0,0,0,0,1
3536,-1.22040122699791,0,0,1,0,0,0,1,0,1,1,0,1,0,1,1,1,0,0,0,0,0,0,0,0,0,0,0,0,1,0
3537,1.15941266032,1,0,1,0,0,1,0,0,1,1,0,1,1,1,1,1,0,1,1,1,0,0,1,1,1,0,0,1,0,1
3538,-1.87669739882753,0,0,0,0,0,1,0,0,0,1,0,0,0,0,0,0,0,1,1,0,0,0,0,0,0,0,0,0,0,0
3539,1.45015945129185,1,0,1,0,0,1,1,1,1,1,0,1,1,1,1,1,0,0,1,1,0,1,0,1,1,1,1,1,1,1
3540,-1.09491619669656,0,0,0,0,0,1,0,0,1,1,0,1,0,1,0,0,0,0,1,0,0,0,0,0,0,0,0,0,0,0
3541,0.692023875097148,1,1,1,0,0,1,0,1,0,1,0,1,1,1,1,1,0,1,1,0,0,0,1,1,1,0,1,1,0,1
3542,-0.522939965258511,0,0,0,0,0,0,0,0,1,1,0,0,0,1,1,1,0,1,1,0,0,0,0,1,0,0,0,0,0,0
3543,-0.897629108774416,0,0,0,0,0,1,0,0,0,1,0,0,0,1,0,0,0,0,1,0,0,0,0,0,1,0,0,1,1,1
3544,0.86584834936223,1,1,1,1,0,1,1,0,1,1,0,1,1,1,1,1,0,0,1,0,0,0,0,1,1,0,1,1,0,1
3545,-0.470174254626065,1,0,0,0,0,0,0,0,1,1,0,0,0,1,1,0,0,0,1,0,0,0,0,0,0,0,0,1,0,0
3546,0.514894726188859,1,1,1,1,0,1,1,0,0,1,0,1,0,1,1,1,0,0,1,0,0,0,1,0,1,0,1,1,1,1
3547,-1.65069896506926,0,0,0,0,0,0,0,0,0,0,0,0,1,1,0,0,0,0,1,0,0,0,0,1,0,0,0,0,0,1
3548,-0.89761383276629,0,0,0,0,0,0,1,0,0,0,0,1,0,1,1,0,0,1,1,0,0,0,0,1,0,0,0,0,0,1
3549,-0.623718448060246,1,0,0,0,0,0,0,0,0,1,0,0,0,0,0,0,0,0,1,0,0,0,0,1,1,0,0,1,0,1
3550,-0.357647025500057,1,0,1,0,0,1,0,0,0,1,0,0,0,1,1,0,0,0,1,0,0,0,0,0,1,0,0,1,0,1
3551,-0.628204772016968,1,0,1,0,0,1,1,0,0,1,0,0,0,1,1,0,0,1,1,0,0,0,0,0,0,0,0,0,1,1
3552,-1.77687223857247,0,0,0,0,0,0,0,0,0,0,0,0,0,1,1,0,0,0,1,0,0,0,0,0,0,0,0,0,0,0
3553,2.33263575226096,1,1,1,1,1,1,1,1,1,1,1,0,1,1,1,1,1,1,1,1,0,1,1,1,1,1,1,1,1,1
3554,-1.17364808607705,1,0,1,0,0,0,0,0,0,1,0,0,0,0,1,0,0,0,0,0,0,0,0,1,0,0,0,0,0,0
3555,0.0502622562448209,1,1,1,0,0,0,1,0,0,1,0,1,1,1,1,1,0,1,1,0,0,0,0,1,1,0,0,1,0,1
3556,1.23319736452074,1,1,1,0,0,1,1,1,1,1,1,1,0,1,1,1,1,1,1,1,1,1,1,1,1,0,0,1,0,1
3557,-1.2718382520123,0,0,1,0,0,0,0,0,0,1,0,0,0,1,1,0,0,1,0,0,0,0,0,0,0,0,0,0,0,0
3558,1.17307440698828,1,0,1,1,1,1,1,0,1,1,1,1,1,1,1,1,0,0,1,1,0,0,0,1,1,0,0,1,1,1
3559,-0.201943738134484,1,0,1,0,0,0,1,0,1,1,0,0,0,1,1,1,0,1,1,0,0,0,0,0,1,0,0,1,0,1
3560,0.279659629126917,1,1,1,0,0,1,0,0,1,1,0,1,0,1,1,1,0,0,1,0,0,0,0,0,1,0,0,1,0,1
3561,1.63807225820522,1,0,1,1,0,1,1,1,1,1,0,1,1,1,1,1,0,1,1,1,0,0,0,1,1,1,1,0,0,1
3562,-0.654114191576183,1,0,1,0,0,0,0,0,0,1,0,1,0,1,1,0,0,0,1,0,0,0,0,0,0,0,0,1,0,1
3563,-0.907699443119471,1,0,0,0,0,1,0,0,0,1,0,0,0,1,1,0,0,0,0,0,0,0,0,0,1,0,0,1,0,1
3564,-0.577584058002653,1,0,1,0,0,0,1,0,1,1,0,1,1,1,1,1,0,0,0,0,0,0,0,1,1,0,0,0,0,0
3565,-0.347932849864239,0,0,1,0,0,0,0,0,1,1,0,0,1,1,1,0,0,0,1,0,0,0,0,1,1,0,0,0,0,1
3566,0.309319537889413,1,1,1,0,0,1,0,0,1,1,0,0,0,1,1,1,0,1,1,0,0,1,0,1,1,0,0,1,0,0
3567,0.129097173175606,1,1,1,0,1,1,0,0,1,1,0,1,1,1,1,1,0,0,1,0,0,0,1,1,1,0,0,1,0,1
3568,0.3625177801821,1,0,0,0,0,1,1,0,1,1,0,1,1,1,1,1,0,1,1,1,0,0,0,1,1,0,0,0,0,1
3569,-0.676694892381301,1,0,1,0,0,0,0,0,0,1,0,1,0,1,1,0,0,0,0,0,0,0,0,0,1,0,0,0,0,0
3570,-0.380147576061889,1,1,1,0,0,0,1,0,0,1,0,0,0,1,1,1,0,1,1,0,0,0,0,1,1,0,0,1,0,1
3571,-1.6398553784113,0,0,0,0,0,0,0,0,0,1,0,0,0,1,0,0,0,0,0,0,0,0,0,1,1,0,0,1,0,0
3572,0.837167661782486,1,1,1,0,0,1,1,0,1,1,0,1,1,1,1,1,0,0,1,1,0,0,1,1,1,0,1,1,1,1
3573,1.60353865911908,1,0,1,0,0,1,1,0,1,1,1,1,1,1,1,1,0,1,1,1,0,0,1,1,1,0,1,1,1,1
3574,0.732739863986415,1,1,1,0,0,1,1,0,1,1,0,1,0,1,1,1,0,0,1,1,0,1,0,1,1,0,0,1,0,1
3575,0.73040195648524,1,1,1,0,0,1,1,0,0,1,0,1,0,1,1,1,0,1,1,0,0,0,0,1,1,0,0,1,1,1
3576,0.507791888247921,1,0,1,0,0,1,1,0,1,1,0,0,1,1,1,1,1,0,1,1,0,0,0,1,0,0,0,0,0,1
3577,-0.649453820298807,1,0,1,0,0,1,1,0,0,1,0,0,0,1,1,1,0,0,1,0,0,1,0,1,1,0,0,0,0,0
3578,-1.48964646350976,0,0,0,0,0,0,1,0,1,0,0,1,0,1,1,1,0,1,0,0,0,0,0,0,0,0,0,1,0,0
3579,-1.12742458886118,0,0,0,0,0,1,0,0,0,0,0,1,0,1,1,0,0,0,1,1,0,0,0,1,1,0,0,0,0,0
3580,-0.592721810319632,1,0,1,0,0,0,1,0,0,1,0,0,0,1,1,0,0,0,1,0,0,0,0,1,1,0,0,1,0,1
3581,-0.853874193568198,1,0,1,0,0,1,0,0,1,0,0,0,1,1,1,0,0,0,0,0,0,0,0,0,1,0,0,0,0,0
3582,0.730216953649779,1,0,1,0,1,0,1,0,1,1,0,1,0,1,1,1,0,1,1,1,0,0,0,1,1,0,0,1,1,1
3583,0.83979382028649,1,1,1,0,1,1,1,0,1,1,1,0,0,1,1,1,0,0,1,0,0,1,0,1,1,0,0,1,0,1
3584,0.727380067144714,1,0,1,0,0,0,1,0,1,1,0,1,0,1,1,1,0,1,1,0,0,0,1,1,1,0,1,1,1,1
3585,0.590123840448806,1,1,1,0,1,1,1,0,1,1,0,0,1,1,1,1,0,1,1,0,0,0,0,1,1,0,0,0,1,0
3586,-0.108221779232117,1,0,1,0,0,1,1,0,1,1,0,1,0,1,1,1,0,1,1,0,0,0,1,0,1,0,0,1,0,1
3587,0.00644505372770181,1,1,0,0,0,1,1,0,1,1,0,0,0,1,1,1,0,1,1,1,0,0,0,0,1,0,0,1,0,1
3588,0.168864308989495,1,0,1,0,0,0,1,0,1,1,0,1,1,1,1,1,0,1,1,0,0,0,0,1,1,0,0,0,0,1
3589,-1.27831816008493,0,0,0,0,0,0,0,0,1,0,0,1,0,1,1,0,0,0,0,0,0,0,0,0,1,0,0,0,0,1
3590,-1.71430629979022,0,0,1,0,0,0,0,0,1,1,0,0,0,1,0,0,0,0,0,0,0,0,0,0,0,0,0,0,0,0
3591,-0.0715119550908188,1,1,1,0,0,0,0,0,0,1,0,0,0,1,1,1,0,0,1,0,0,0,0,0,1,0,0,1,1,1
3592,1.79097779129113,1,1,1,1,0,1,1,0,1,1,0,1,1,1,1,1,1,1,1,1,0,1,1,1,1,0,1,1,1,1
3593,0.781849848952453,1,0,1,0,0,1,1,1,1,1,0,1,1,1,1,1,0,1,1,0,0,0,0,1,1,0,0,1,1,1
3594,-0.395033808760315,1,0,1,0,0,1,0,0,0,1,0,0,0,1,1,1,0,1,1,1,0,0,1,1,0,0,0,1,1,1
3595,-0.639594692628018,1,0,1,0,0,1,0,0,0,1,0,1,0,1,1,1,0,0,1,0,0,0,0,1,0,0,0,0,0,0
3596,1.08957963680606,1,1,1,0,1,1,1,1,1,1,1,1,1,1,1,1,0,1,1,1,0,0,0,1,1,0,1,0,0,1
3597,-1.64719867992847,0,0,0,0,0,0,1,0,0,1,0,0,0,1,0,0,0,0,1,0,0,0,0,0,0,0,0,0,0,0
3598,0.0304131970955186,1,0,1,0,0,1,0,0,1,1,0,0,1,1,1,1,0,1,1,1,0,0,1,1,1,0,0,0,1,0
3599,-0.43202217233728,1,1,1,0,0,1,1,0,0,1,0,1,0,1,0,1,0,1,1,1,0,0,0,0,1,0,0,1,0,1
3600,0.71935682350438,1,0,1,0,0,1,1,0,0,1,0,0,0,1,1,1,0,1,1,1,0,1,1,1,1,0,0,1,1,1
3601,0.702608500946762,1,0,1,0,0,1,1,0,1,1,0,0,0,1,1,1,0,0,1,1,0,1,0,1,1,0,0,1,0,1
3602,-1.67056005469376,1,0,0,0,0,0,0,0,0,0,0,1,0,1,0,1,0,1,0,0,0,0,0,1,0,0,0,0,0,0
3603,-0.557043976319189,0,1,1,1,0,1,0,0,0,1,0,1,1,1,1,0,0,0,0,0,0,0,0,0,1,0,0,0,0,1
3604,0.395160514138469,1,0,1,0,0,1,0,0,0,1,0,0,0,1,1,0,0,0,1,0,0,0,0,1,1,0,0,1,1,0
3605,0.169404250920081,1,0,1,0,0,1,0,0,1,1,0,1,1,1,1,1,0,0,1,0,0,0,0,1,1,0,0,1,0,0
3606,-0.69298119461677,1,0,1,0,0,1,0,0,1,0,0,0,0,1,0,1,0,0,1,0,0,0,0,0,0,0,0,0,0,1
3607,0.328393064092004,1,0,1,0,0,1,0,0,1,1,0,1,0,1,1,1,0,1,1,0,0,0,0,0,1,0,0,1,1,1
3608,-1.94590697194426,1,0,0,0,0,1,1,0,1,0,0,0,0,1,0,0,0,0,0,0,0,0,0,0,0,0,0,0,0,0
3609,-1.87603485485721,0,0,1,0,0,0,0,0,0,0,0,0,0,1,0,0,0,0,1,0,0,0,0,0,0,0,0,1,0,0
3610,-0.712200473742862,1,0,1,0,0,0,1,0,0,1,0,0,0,1,0,1,0,0,1,0,0,0,0,1,1,0,0,0,0,0
3611,2.13694110832814,1,1,1,1,0,1,1,1,1,1,1,1,1,1,1,1,0,1,1,1,1,1,1,1,1,1,1,1,1,1
3612,1.57950205642353,1,1,1,0,1,1,1,1,1,1,1,1,1,1,1,1,1,1,1,0,1,1,0,1,1,1,1,1,1,1
3613,0.602803171849651,1,0,1,0,0,1,0,1,1,1,0,1,0,1,1,1,0,1,1,0,1,1,1,1,1,0,0,1,1,1
3614,0.419980669419297,1,0,1,0,0,1,1,0,1,1,0,0,0,1,1,1,0,0,1,1,0,0,1,1,1,0,0,1,1,1
3615,-1.22011229485651,0,0,1,0,0,1,1,0,0,1,0,0,0,1,0,0,0,1,0,0,0,0,0,0,0,0,0,0,1,0
3616,1.29046189124687,1,1,1,1,1,1,0,1,0,1,0,1,0,1,1,1,0,1,1,0,0,1,1,1,1,0,0,1,1,1
3617,0.407324906040648,1,1,1,0,0,1,1,0,1,1,0,0,1,1,1,1,0,1,1,0,0,0,0,1,1,0,0,1,1,1
3618,0.921808314572734,1,1,1,0,0,1,1,0,0,1,0,1,0,1,1,1,0,0,1,1,1,1,0,1,1,0,1,1,0,1
3619,-0.140532081829639,1,0,1,1,0,0,0,0,1,1,0,0,1,1,1,1,1,0,1,0,0,0,0,1,1,0,0,1,0,1
3620,1.45109213781959,1,1,1,1,1,1,1,1,1,1,0,1,1,1,1,1,0,1,1,1,1,1,1,1,1,0,1,1,1,1
3621,0.927847620745343,1,1,1,0,1,1,1,1,1,1,0,1,0,1,1,0,0,0,1,0,0,0,0,1,1,0,1,1,0,1
3622,-1.06629492091631,0,0,0,0,0,0,0,0,1,0,0,0,0,1,0,0,0,0,1,0,0,0,0,0,1,0,0,0,0,0
3623,-1.66955770164063,0,0,0,0,0,0,0,0,0,1,0,0,0,1,0,0,0,0,0,0,0,0,0,0,0,0,0,0,0,0
3624,0.286624821402886,1,0,1,0,0,1,1,0,1,1,0,0,0,1,1,1,0,1,1,0,0,0,1,1,1,0,0,1,0,0
3625,0.331360840295199,1,1,1,0,0,1,1,0,1,1,0,1,0,1,1,1,0,1,1,0,0,0,0,1,1,0,1,0,1,1
3626,0.595784569776683,1,1,1,0,0,0,1,0,1,1,1,0,0,1,1,1,0,0,1,0,0,0,0,1,1,0,1,0,1,1
3627,-0.0206688783600752,1,0,1,0,0,1,1,0,1,1,0,0,0,1,1,1,0,1,1,0,0,0,0,1,1,0,0,1,0,1
3628,1.25950822155261,1,1,1,0,0,1,0,0,1,1,0,0,1,1,1,1,0,1,1,0,1,1,0,1,1,0,1,1,1,1
3629,-0.336172606071349,1,0,1,0,0,1,1,0,0,1,0,0,1,1,1,1,0,0,1,0,0,0,0,0,0,0,0,0,0,1
3630,2.25439089957271,1,1,1,0,1,1,0,1,1,1,1,1,1,1,1,1,0,0,1,1,1,1,1,1,1,1,1,1,1,1
3631,0.0621022526305162,1,0,1,0,0,1,1,0,1,1,0,0,0,1,1,1,0,0,1,1,0,0,0,1,1,0,0,1,1,1
3632,0.668596110571124,1,0,1,0,0,1,1,0,1,1,0,1,0,1,1,1,0,1,1,0,0,0,1,1,1,0,0,1,0,1
3633,-0.894023472333393,1,0,1,0,0,0,1,0,1,1,0,1,0,1,1,0,0,1,0,0,0,0,0,0,0,0,0,0,0,1
3634,0.254145664802098,1,0,1,0,0,0,1,0,1,1,0,0,0,1,1,1,0,0,1,1,0,0,0,1,1,0,0,1,0,1
3635,0.0826804453756329,1,0,1,0,0,0,0,0,0,1,0,0,0,1,1,0,0,1,1,0,0,0,0,1,1,0,0,0,0,0
3636,0.965928978643045,1,0,1,0,0,1,1,1,1,1,0,1,0,1,1,1,0,1,1,0,0,0,1,1,1,1,0,1,1,1
3637,-0.111252084160771,0,0,0,0,0,1,1,0,0,1,0,1,0,1,1,1,0,1,1,0,0,0,0,1,1,0,0,1,0,1
3638,1.15437700196885,1,1,1,0,0,1,1,1,1,1,1,1,0,1,1,1,0,1,1,1,0,0,0,1,1,0,1,0,1,1
3639,0.00385029090172035,1,0,1,0,0,0,0,0,1,1,0,1,0,1,1,0,0,1,1,0,0,0,0,1,1,0,0,0,1,1
3640,0.609524019594938,1,1,1,0,0,1,1,0,1,1,0,0,1,1,1,1,0,1,1,0,0,0,1,1,1,0,1,1,0,1
3641,0.501676297350407,0,1,1,0,0,1,1,0,1,1,0,1,0,1,1,1,0,1,1,0,0,0,0,1,1,0,0,1,1,1
3642,-1.06629492091631,1,0,0,0,0,1,0,0,0,1,0,1,0,1,1,1,0,0,1,0,0,0,0,0,0,0,0,0,0,0
3643,0.749258216929524,1,0,1,0,0,1,1,0,1,1,0,1,1,1,1,1,0,1,1,0,0,0,0,1,1,0,0,1,0,1
3644,-0.547494621559913,1,0,0,0,0,0,1,0,1,1,0,0,0,1,1,1,0,0,1,0,0,0,0,1,1,0,0,0,0,1
3645,0.774175272388844,1,1,1,0,0,1,0,0,1,1,0,1,1,1,1,1,0,0,1,1,0,0,1,1,1,0,1,1,1,1
3646,-0.32567438699566,0,0,1,0,0,1,0,0,1,1,0,1,0,1,1,1,0,0,1,0,0,0,0,1,1,0,0,0,1,1
3647,-1.16837985606849,0,0,0,0,0,0,0,0,1,1,0,0,0,1,1,0,0,0,0,0,0,0,0,0,1,0,0,0,0,1
3648,-0.266242663031733,1,0,1,0,0,1,1,0,1,1,0,0,0,1,1,1,0,1,1,0,0,0,0,1,1,0,0,1,1,1
3649,-1.05371475016917,1,0,0,0,0,0,0,0,0,1,0,0,0,1,1,0,0,1,0,0,0,0,0,1,1,0,0,0,0,1
3650,-0.219725302518376,1,0,1,0,0,1,0,0,0,1,0,0,1,1,1,1,0,0,1,0,0,0,1,0,1,0,0,1,0,0
3651,-0.649998830766279,0,0,1,0,0,1,0,0,0,1,0,0,0,1,1,1,0,0,1,1,0,0,0,0,1,0,0,1,1,0
3652,0.977422162630978,1,0,1,0,0,1,1,1,1,1,0,0,0,1,1,1,1,0,1,0,0,1,0,1,1,0,0,1,1,1
3653,0.715715839533405,1,1,1,0,0,0,1,0,1,1,0,0,1,1,1,1,0,1,1,0,0,0,0,1,1,0,0,1,0,1
3654,0.556665906725744,1,1,1,0,0,1,0,0,1,1,0,0,1,1,1,0,0,1,1,0,0,1,0,1,1,0,1,1,1,1
3655,1.3925234958272,1,0,1,0,0,1,1,0,1,1,0,1,0,1,1,1,0,0,1,1,0,0,1,1,1,1,0,1,1,1
3656,0.0556707830095953,1,1,0,0,0,1,0,0,1,1,1,1,0,1,1,1,0,0,0,1,0,1,0,1,0,0,0,1,0,1
3657,1.30760407448982,1,1,1,0,0,1,1,0,1,1,1,1,1,1,1,1,1,1,1,1,0,0,1,1,1,0,1,0,1,1
3658,1.85571049377164,1,1,1,1,1,1,1,1,1,1,0,0,1,1,1,1,1,1,1,1,0,1,1,1,1,0,1,1,0,1
3659,0.559815050341861,1,0,1,0,1,1,1,1,1,1,1,0,1,1,1,1,0,1,1,1,0,0,0,1,1,0,1,1,0,1
3660,0.333421779991167,1,0,1,0,0,1,1,0,1,1,0,0,0,1,1,1,0,1,1,1,0,0,0,1,1,0,0,1,0,1
3661,-0.650241784725099,1,0,1,0,0,0,0,0,0,1,0,0,0,1,1,1,0,1,1,0,0,0,0,1,1,0,0,1,0,1
3662,1.17308563472732,1,0,1,1,1,1,0,0,1,1,0,1,0,1,1,1,0,1,1,0,0,0,0,1,1,0,0,0,1,1
3663,1.23807178279333,1,0,1,0,1,1,1,1,1,1,1,1,1,1,1,1,0,0,0,1,1,1,0,1,1,0,0,1,1,1
3664,0.222630456454033,1,0,1,0,0,1,1,0,1,1,0,1,0,1,1,1,0,1,1,0,0,0,0,1,1,0,0,1,0,1
3665,0.527995595940637,1,0,0,1,0,1,0,0,0,1,0,1,0,1,1,1,1,1,1,0,0,0,1,1,1,0,1,1,1,1
3666,0.369815645025425,1,0,1,0,0,1,1,1,0,1,0,1,1,1,1,1,0,1,1,1,0,0,0,1,1,0,1,1,0,1
3667,-0.824219817231296,1,0,0,0,0,0,0,0,0,1,0,0,0,1,1,1,0,0,0,0,0,0,0,0,1,0,0,1,0,1
3668,-0.38149588896649,1,0,1,0,0,1,0,0,0,1,0,0,0,1,1,1,0,1,1,0,0,0,0,0,1,0,0,1,1,0
3669,-0.110414271189529,1,0,1,0,0,0,1,0,0,1,0,0,1,1,1,1,0,1,1,1,0,0,0,1,1,0,0,1,0,0
3670,-0.99858065517873,0,1,1,0,0,1,0,0,0,1,0,0,0,1,0,0,0,0,0,0,0,0,0,1,1,0,0,0,0,1
3671,0.214101595353006,1,0,1,0,0,1,1,0,1,1,0,0,0,1,1,1,0,0,1,0,0,0,0,1,1,0,0,1,0,0
3672,-0.63184096093753,1,1,0,0,0,0,0,0,0,1,0,0,0,1,1,1,0,0,1,1,0,0,0,0,1,0,0,0,0,0
3673,0.301826648875902,1,0,0,0,0,1,1,0,0,1,0,1,0,1,1,1,0,1,1,1,0,0,0,1,1,0,0,1,1,1
3674,-0.263605352071289,1,0,0,0,0,0,1,0,1,1,0,0,0,1,1,0,0,0,0,0,0,0,0,1,1,0,0,1,0,1
3675,1.1727203365398,0,1,1,0,1,1,1,0,1,1,0,1,0,1,1,1,0,1,1,1,0,0,0,1,1,0,1,1,1,1
3676,-0.325630810216696,1,0,1,0,0,1,0,0,0,1,0,1,0,1,1,0,0,0,1,1,0,0,0,1,1,0,0,0,0,1
3677,2.32845063503114,1,1,1,1,1,1,1,1,1,1,0,1,1,1,1,1,1,1,1,1,1,1,1,1,1,1,1,1,1,1
3678,-1.14672888832686,1,0,0,0,0,0,1,0,0,0,0,0,0,1,1,1,0,1,0,0,0,0,0,1,1,0,0,0,0,0
3679,-1.83727135189791,0,0,1,0,0,0,0,0,0,0,0,0,0,1,0,0,0,0,0,0,0,0,0,0,0,0,0,0,0,0
3680,0.271183636095509,0,0,1,0,0,1,1,0,1,1,0,1,1,1,1,1,0,0,1,0,0,0,1,1,1,0,0,1,1,1
3681,-0.0478011139498898,1,0,1,0,0,0,0,0,1,1,0,0,0,1,1,1,0,1,1,0,0,1,0,1,1,0,0,0,1,1
3682,0.303572025399654,1,1,1,0,0,0,0,0,1,1,0,1,1,1,1,0,0,1,0,1,0,0,0,1,1,0,1,1,0,1
3683,0.369988336713162,1,0,1,0,0,1,1,0,1,1,0,0,0,1,1,1,0,0,1,0,0,0,0,1,1,0,0,0,0,1
3684,1.26681975814849,1,0,1,0,0,1,1,0,1,1,0,1,0,1,1,1,1,1,1,1,0,1,1,1,1,0,1,1,1,1
3685,-1.76464147588253,0,0,0,0,0,0,1,0,0,0,0,0,0,0,0,0,0,1,0,0,0,0,0,0,0,0,0,0,0,0
3686,-0.669821571867674,1,1,1,0,0,0,1,0,0,1,0,0,0,1,1,1,0,1,1,0,0,0,0,0,1,0,0,1,1,0
3687,0.881261889942462,1,1,1,1,0,1,1,0,1,1,0,1,0,1,1,1,0,1,1,1,0,0,1,1,1,0,1,1,0,1
3688,0.0296446574961265,1,0,1,0,0,0,0,0,1,1,0,1,1,1,1,1,0,1,1,1,0,0,0,1,1,0,0,1,1,1
3689,-0.525126245861859,1,0,1,0,0,1,1,0,0,1,0,0,0,1,1,1,0,1,0,0,0,0,0,1,1,0,0,1,0,1
3690,0.0431671281972584,1,0,0,0,0,0,0,0,0,1,0,0,0,1,1,1,0,0,1,0,0,0,0,1,1,0,0,1,0,1
3691,1.5141971969292,1,1,1,0,1,1,1,0,0,1,1,0,1,1,1,1,1,1,1,1,1,0,0,1,1,0,1,1,1,1
3692,-0.726907381892292,0,0,0,0,0,0,0,0,0,1,0,0,1,1,1,0,0,0,0,1,0,0,0,1,1,0,0,1,0,1
3693,-1.13381137966937,0,0,0,0,0,1,0,0,1,1,0,0,0,1,0,1,0,1,0,0,0,0,0,1,1,0,0,0,0,1
3694,-0.290327846915865,1,0,0,0,0,1,1,0,1,1,0,0,0,1,1,0,0,0,1,0,0,0,0,1,1,0,0,0,0,1
3695,0.901218545033701,1,1,1,0,0,0,1,0,1,1,0,0,1,1,1,1,0,1,1,0,0,0,1,1,1,0,1,1,0,1
3696,0.758048326475583,1,1,1,0,0,1,0,0,1,1,0,1,0,1,1,1,0,1,1,0,0,0,1,1,1,0,1,0,0,1
3697,-0.230546387879478,1,0,1,0,0,1,1,0,0,1,0,1,1,1,1,1,0,0,0,0,0,0,0,1,1,0,0,1,0,1
3698,0.0896933860828279,1,1,1,0,0,1,1,0,1,1,0,0,0,1,1,1,0,1,0,0,0,0,0,1,1,0,0,1,0,1
3699,0.914802299876369,1,1,1,0,0,0,1,1,1,1,0,1,1,1,1,1,0,1,1,0,0,1,0,1,1,0,1,0,0,1
3700,-0.253721436336175,1,0,1,0,0,1,0,0,1,1,0,0,0,1,1,1,0,1,1,0,0,0,0,1,1,0,0,1,0,0
3701,-0.192278210680203,1,0,0,0,0,0,1,0,0,1,0,0,0,1,1,1,0,1,1,0,0,0,0,0,1,0,0,1,1,1
3702,-0.0881086375395945,1,0,1,0,0,1,0,0,1,1,0,1,1,1,1,0,0,0,1,0,0,0,0,1,1,0,0,1,0,1
3703,0.0142193487102545,1,1,1,0,0,1,1,0,1,1,0,1,0,1,1,1,0,1,1,0,0,0,0,0,1,0,0,1,0,1
3704,-0.222705418103578,1,0,1,0,0,0,0,0,1,1,0,1,0,1,1,1,0,0,1,0,0,0,0,1,1,0,0,1,0,1
3705,1.57232192155824,1,1,1,0,1,1,1,1,1,1,1,1,1,1,1,1,1,1,1,1,0,1,1,1,1,1,1,1,0,1
3706,-0.427570982307207,0,0,1,0,0,0,0,0,0,1,0,1,0,1,1,1,0,0,1,1,0,0,1,0,1,0,0,1,0,1
3707,0.555800088530289,1,1,1,0,0,1,1,0,1,1,0,1,1,1,1,1,0,1,1,1,0,0,1,1,1,0,0,1,0,0
3708,1.57456213536116,1,1,1,1,0,1,1,1,1,1,0,0,1,1,1,1,1,1,1,1,1,1,1,1,1,0,1,1,0,1
3709,-0.344560874855355,1,0,1,0,0,1,0,0,0,1,1,0,0,1,1,1,0,0,0,0,0,0,0,1,1,0,0,0,0,1
3710,-0.463241564546466,1,1,1,0,0,0,0,0,0,1,0,0,0,1,1,0,0,1,1,0,0,0,0,1,1,0,0,1,0,1
3711,0.847911751330066,1,0,1,0,0,1,1,0,1,1,0,1,1,1,1,1,1,1,1,0,0,0,1,1,1,0,1,1,1,1
3712,1.21691922114882,1,0,1,1,0,1,1,1,1,1,1,1,1,1,1,1,1,0,1,1,1,0,1,1,1,0,0,1,1,1
3713,1.30769850199458,1,1,1,0,0,1,0,1,1,1,0,1,1,1,1,1,1,1,1,1,0,1,1,1,1,0,1,1,1,1
3714,0.159270111028483,1,1,1,0,0,1,0,0,1,1,0,0,1,1,1,0,0,1,1,1,0,0,0,1,1,0,0,1,1,1
3715,0.281995541961337,1,0,1,0,0,1,1,0,1,1,0,0,0,1,1,1,0,0,1,0,0,0,0,1,1,0,0,1,0,1
3716,-0.443120828279801,1,1,1,0,0,0,1,0,1,1,0,1,0,1,1,0,0,0,1,0,0,0,0,0,1,0,0,1,1,1
3717,1.59845447449107,1,1,1,0,1,1,1,1,1,1,0,1,1,1,1,1,0,1,1,1,0,1,0,1,1,1,1,1,1,1
3718,-0.272781765814392,1,0,0,0,0,1,0,0,1,1,0,1,0,1,1,1,0,0,0,0,0,0,0,1,1,0,0,1,0,1
3719,-1.5393385204703,1,0,0,0,0,1,0,0,1,0,0,0,0,1,0,0,0,0,0,1,0,0,0,0,0,0,0,0,0,1
3720,0.65028440888378,1,0,1,0,0,1,1,0,0,1,0,0,0,1,1,1,0,1,1,1,0,0,0,1,1,0,0,1,0,1
3721,0.168539606550046,1,0,1,0,1,0,1,0,1,1,0,0,0,1,1,1,0,0,1,0,0,0,0,1,1,0,1,1,0,1
3722,-0.908005959549917,1,0,0,0,0,0,0,0,0,1,0,0,0,1,0,0,0,1,1,0,0,0,0,0,1,0,0,0,0,1
3723,0.110490388516589,1,1,1,0,0,1,1,0,0,1,0,0,0,1,1,0,0,1,1,0,0,0,0,1,1,0,0,1,1,1
3724,-0.788349596673146,0,0,0,0,0,0,0,0,0,1,0,0,0,1,1,1,0,0,0,0,0,0,0,1,0,0,0,1,0,0
3725,-0.525178546414202,1,0,1,0,0,1,0,0,0,1,0,1,0,1,1,0,0,0,0,0,0,0,0,0,0,0,0,0,0,1
3726,-1.62950815179853,0,0,0,0,0,0,0,0,0,1,0,0,0,1,0,1,0,1,0,0,0,0,0,0,0,0,0,0,0,0
3727,-0.155829894785374,0,0,0,0,0,1,0,0,1,1,0,1,0,1,1,1,0,1,0,0,0,0,0,0,1,0,0,0,0,1
3728,-1.35366351997228,0,0,1,0,0,0,0,0,0,0,0,0,0,1,0,0,0,0,0,0,0,0,0,0,0,0,0,0,0,0
3729,-0.0203393697748117,1,1,1,0,0,1,0,0,1,1,0,1,0,1,1,0,0,1,1,1,0,0,0,1,1,0,0,1,0,0
3730,-0.235030738736634,0,1,1,0,0,0,0,0,1,1,0,0,0,1,1,0,0,0,1,1,0,0,0,1,1,0,0,1,0,0
3731,0.463919449930611,1,0,1,0,0,1,0,0,1,1,0,0,1,1,1,1,0,0,1,0,0,0,0,1,1,0,1,1,1,1
3732,1.10787574988242,1,1,1,0,0,1,1,0,1,1,0,0,1,1,1,1,1,1,1,1,0,0,0,1,1,0,1,1,0,1
3733,-0.136295945574057,1,1,1,0,0,1,1,0,0,0,0,1,0,1,1,0,0,0,1,0,0,0,0,1,1,0,0,1,0,0
3734,0.851412514207916,1,1,1,1,0,1,1,0,1,1,0,0,1,1,1,1,0,1,1,0,0,0,0,1,1,0,0,1,1,1
3735,0.00136067566316902,1,1,1,0,0,1,1,0,1,1,0,0,0,1,1,1,0,1,1,0,0,0,0,1,1,0,0,1,0,1
3736,-0.328953123958323,1,0,1,0,0,0,0,0,0,1,0,0,1,1,1,0,0,1,0,0,0,0,0,1,1,0,0,0,0,0
3737,-0.908499677490245,1,0,0,0,0,0,0,0,0,1,0,1,0,1,1,0,0,0,1,0,0,0,0,0,1,0,0,1,0,0
3738,-0.968850095772966,1,0,0,0,0,0,1,0,1,1,0,0,0,1,1,0,0,0,0,0,0,0,0,0,0,0,0,0,0,1
3739,0.21741607930655,1,0,1,0,0,0,1,0,0,1,0,0,0,1,1,1,0,1,1,0,0,1,0,1,1,0,0,1,1,1
3740,1.11927174158355,1,0,1,0,1,1,1,0,1,1,1,1,1,1,1,1,0,1,1,0,0,0,1,1,1,0,1,1,0,1
3741,-0.134510816968449,1,1,1,0,0,0,0,0,1,1,0,0,0,1,1,1,0,1,1,0,0,0,0,1,0,0,0,0,0,1
3742,0.386666348076392,1,1,1,0,0,1,1,0,1,1,0,1,0,1,1,1,0,0,1,1,0,0,0,1,1,0,0,1,0,1
3743,0.355011453554057,1,0,1,0,0,0,1,0,0,1,0,0,0,1,1,1,0,0,1,0,0,1,0,1,1,0,0,1,0,1
3744,-0.742305641683642,1,0,1,0,0,1,1,0,0,1,0,0,0,1,1,1,0,0,0,0,0,0,0,0,1,0,0,0,0,1
3745,-1.69481861048507,0,0,0,0,0,0,1,0,1,0,0,0,0,1,0,1,0,0,0,0,0,0,0,0,0,0,0,0,0,0
3746,0.827219932267645,1,0,1,0,0,0,1,0,1,1,0,1,1,1,1,1,0,0,1,0,0,0,1,1,1,0,0,1,1,0
3747,-0.460039440698064,1,0,0,0,0,0,0,0,0,1,0,0,0,1,1,1,0,1,0,0,0,0,0,1,0,0,0,1,0,1
3748,-2.11323356958139,0,0,0,0,0,0,0,0,0,0,0,0,0,0,0,0,0,0,0,0,0,0,0,0,0,0,0,0,0,0
3749,0.475159762972085,1,1,1,0,0,1,0,0,1,1,0,1,0,1,1,0,0,1,1,0,0,0,0,1,1,0,0,1,0,1
3750,-0.0269846313103914,1,1,0,0,0,1,1,0,1,1,0,0,0,1,1,1,0,0,1,0,0,0,0,1,1,0,0,1,1,1
3751,0.294350167252708,1,0,1,0,0,1,0,0,1,1,0,1,1,1,1,1,1,1,1,0,0,0,0,1,1,0,0,1,1,1
3752,-0.943633629683236,1,0,0,0,0,0,0,0,1,1,0,0,0,1,1,0,0,1,0,0,0,0,0,1,1,0,0,0,0,0
3753,0.835934094661947,1,0,1,0,0,1,1,1,1,1,0,1,1,1,1,1,0,1,1,0,0,0,0,1,1,0,1,1,1,1
3754,-0.584907393187543,1,0,1,0,0,1,1,0,0,1,0,0,0,1,1,1,0,0,1,0,0,0,0,1,1,0,0,1,0,0
3755,-0.132211265509049,1,0,0,0,0,1,1,0,1,1,0,1,1,1,1,0,0,0,1,1,0,0,0,1,1,0,0,0,0,0
3756,0.679995257825226,1,0,1,0,0,1,0,0,1,1,0,1,0,1,1,1,0,1,1,0,0,1,0,1,1,0,0,1,0,1
3757,0.306974735314684,1,1,1,0,0,1,1,0,1,1,0,0,0,1,1,1,0,1,1,1,0,1,0,1,0,0,0,1,1,1
3758,0.0695103095367336,1,0,1,0,0,1,1,0,0,1,0,1,1,1,1,1,0,1,1,0,0,0,0,1,1,0,0,1,1,1
3759,-0.606290934300013,0,0,0,0,0,0,0,0,0,1,0,0,0,1,1,1,0,0,1,0,0,0,0,1,1,0,0,0,1,0
3760,-1.06104883601107,0,0,1,0,0,1,0,0,0,0,0,0,0,1,1,0,0,0,1,0,0,0,0,1,1,0,0,1,0,1
3761,3.25679710314876,1,1,1,1,1,1,1,1,1,1,1,1,1,1,1,1,1,1,1,1,1,1,1,1,1,1,1,1,1,1
3762,1.08958539119739,1,1,1,0,0,1,1,0,1,1,1,1,1,1,1,1,0,1,1,1,0,0,1,1,1,0,1,1,0,1
3763,-0.589735176844878,1,0,1,0,0,1,0,1,1,1,0,1,0,1,1,0,0,0,1,0,0,0,0,0,0,0,0,1,0,1
3764,-0.751826874393791,1,0,0,0,0,1,1,0,0,1,0,0,1,1,1,0,0,1,1,0,0,0,0,0,1,0,0,0,0,1
3765,-0.155441348970776,1,1,1,0,0,1,1,0,1,1,0,0,0,1,1,1,0,1,1,1,0,0,0,0,1,0,0,1,1,0
3766,0.292832971193413,1,0,1,0,0,0,0,0,1,1,0,0,0,1,1,1,0,1,1,0,0,0,0,1,1,0,0,1,1,1
3767,0.208865949562527,1,1,1,0,0,1,1,0,0,1,0,0,0,1,1,1,0,1,1,0,0,0,0,1,1,0,0,1,0,1
3768,-0.950097028547591,1,0,1,0,0,1,1,0,0,0,0,1,0,1,1,1,0,1,1,0,0,0,0,0,0,0,0,0,0,1
3769,-0.220021796619795,1,0,1,0,0,0,1,0,1,1,0,0,0,1,1,0,0,0,1,0,0,0,0,1,1,0,0,0,0,0
3770,-0.22980883885189,0,0,1,0,0,1,0,0,1,1,0,1,1,1,1,1,0,1,1,1,0,0,0,0,1,0,0,1,0,0
3771,0.153139574084892,1,1,1,0,0,1,1,0,1,1,0,1,1,1,1,1,0,1,1,1,0,0,0,1,0,0,0,0,0,1
3772,-1.10219076638395,0,0,1,0,0,0,1,0,0,1,0,0,0,1,0,1,0,0,0,0,0,0,0,0,1,0,0,0,0,0
3773,1.16455083447956,1,1,1,0,0,1,1,1,1,1,0,1,1,1,1,1,0,1,1,1,0,1,1,1,1,0,1,1,1,1
3774,-0.126638179618081,1,0,1,0,0,1,1,0,1,1,0,0,0,1,1,1,0,1,0,0,0,0,0,1,1,0,0,1,1,1
3775,-0.0513680045584883,1,0,1,0,0,1,1,0,1,1,0,0,1,1,1,0,0,1,1,0,0,0,0,1,1,0,0,1,1,0
3776,0.0428874568545448,1,0,0,0,0,0,0,0,1,1,0,0,0,1,1,1,0,1,0,0,0,0,0,1,1,0,0,0,1,1
3777,-0.546322090606814,0,0,1,0,0,0,0,0,1,1,0,0,0,1,0,1,0,1,1,0,0,0,0,0,1,0,0,1,1,1
3778,0.111431167622205,1,0,1,0,0,0,1,0,1,1,0,0,1,1,1,1,0,1,1,1,0,0,0,0,1,0,0,1,1,1
3779,-1.7232795745494,0,0,0,0,0,0,0,0,0,0,0,0,0,1,1,0,0,0,0,0,0,0,0,0,0,0,0,0,0,0
3780,-0.309097856419878,1,1,0,0,0,0,1,0,1,1,0,1,1,1,1,1,0,1,1,1,0,0,0,0,1,0,0,0,0,0
3781,1.66745061719131,1,1,1,0,1,1,1,1,1,1,1,1,1,1,1,1,0,1,1,1,0,1,1,1,1,1,1,1,0,1
3782,0.23478323392186,1,0,1,0,0,1,0,0,1,1,0,1,0,1,1,0,0,1,1,0,0,0,0,1,1,0,0,1,1,1
3783,2.08816440049967,1,1,1,0,1,1,1,1,1,1,1,1,1,1,1,1,0,1,1,1,1,1,1,1,1,1,1,1,1,1
3784,-1.26600233792067,1,0,0,0,0,0,0,0,0,0,0,0,0,0,1,0,0,0,1,0,0,0,0,0,0,0,0,0,0,0
3785,-0.350191370880115,0,0,0,0,0,0,0,0,1,1,0,0,0,1,1,1,0,0,1,0,0,0,0,1,1,0,0,0,1,1
3786,1.38053870736194,1,1,1,1,1,1,1,1,0,1,0,0,1,1,1,1,1,0,1,1,0,1,1,1,1,0,1,1,1,1
3787,0.828167782829592,1,1,1,0,0,1,1,0,1,1,1,1,0,1,1,1,0,1,0,1,0,0,0,1,1,0,0,0,0,1
3788,-2.35666309202544,0,0,0,0,0,0,0,0,0,0,0,0,0,0,0,0,0,0,0,0,0,0,0,0,1,0,0,1,0,0
3789,0.0197243095424748,1,0,1,0,0,1,0,0,1,1,0,0,0,1,1,1,0,1,1,1,0,0,0,1,1,0,0,0,0,1
3790,1.08556321224364,1,0,1,0,0,1,1,0,1,1,0,1,1,1,1,1,0,0,1,1,0,0,1,1,1,0,0,1,1,1
3791,-1.17772515405952,0,0,0,0,0,1,0,0,1,1,0,0,0,1,1,0,0,0,1,0,0,0,0,0,1,0,0,0,0,0
3792,-0.721563405432258,1,0,0,0,0,0,0,0,0,1,0,0,1,1,1,1,0,0,1,0,0,0,0,0,1,0,0,1,0,1
3793,1.47641331657323,1,1,1,0,1,1,1,1,1,1,0,1,1,1,1,1,1,1,1,0,0,1,0,1,1,1,1,1,1,1
3794,-0.703081162999172,1,0,1,0,0,0,0,0,1,1,0,0,0,1,1,1,0,1,1,0,0,0,0,1,1,0,0,0,1,1
3795,1.34075806709278,1,1,1,0,0,1,1,0,0,1,0,1,1,1,1,1,0,0,1,0,0,0,1,1,1,0,0,1,1,1
3796,1.57391535786944,1,1,1,1,0,1,1,1,1,1,0,1,1,1,1,1,0,1,1,1,0,1,1,1,1,1,1,1,0,1
3797,0.176017356139592,1,1,1,0,0,1,0,0,1,1,0,0,1,1,1,1,0,1,1,0,0,0,1,1,1,0,0,1,1,1
3798,0.219911848966842,1,0,1,0,0,0,0,0,0,1,0,1,1,1,1,0,0,1,1,1,0,0,0,1,1,0,0,1,1,1
3799,-0.495740449106263,1,0,1,0,0,0,1,0,1,1,0,0,0,1,1,1,0,1,1,0,0,0,0,0,0,0,0,0,0,0
3800,0.617663917504073,1,0,1,0,1,1,0,0,1,1,1,0,0,1,1,1,0,1,1,0,0,0,0,0,1,0,1,1,1,1
3801,-1.00711836600887,0,0,0,0,0,0,1,0,0,1,0,0,0,1,1,0,0,0,0,0,0,0,0,0,0,0,0,1,0,1
3802,0.595742164888873,1,1,1,0,0,1,1,0,1,1,0,1,1,1,1,1,0,1,1,1,0,0,0,1,1,0,0,1,1,1
3803,-0.0044326575963267,1,0,1,0,0,1,1,0,1,1,0,0,0,1,1,0,0,0,1,0,0,0,0,1,1,0,0,0,0,1
3804,0.665980254926072,1,1,1,0,0,1,1,1,1,1,0,0,0,1,1,1,1,0,1,0,0,0,0,1,1,0,1,1,1,0
3805,-0.788207146209085,0,0,0,0,0,1,0,0,0,1,0,0,1,1,1,1,0,0,0,0,0,0,0,0,0,0,0,1,0,1
3806,-1.05601605902283,1,0,0,0,0,0,0,0,0,1,0,0,0,0,1,1,0,0,0,0,0,0,0,0,1,0,0,1,0,1
3807,-0.57451464819203,1,1,0,0,0,1,1,0,0,1,0,0,0,1,1,1,0,0,1,0,0,0,0,1,1,0,0,0,0,0
3808,-0.27021649906109,1,0,1,0,0,1,0,0,1,1,0,0,0,1,1,1,0,1,0,0,0,1,0,1,1,0,0,0,0,1
3809,0.176499521718725,1,0,0,0,0,0,1,0,1,1,0,1,1,1,1,1,0,1,0,0,0,1,1,1,1,0,0,0,0,1
3810,-0.748980161940045,0,1,1,0,0,0,0,0,1,1,0,0,1,1,1,1,0,0,1,0,0,0,0,1,0,0,0,1,0,0
3811,0.301377909439547,1,0,1,0,0,1,1,0,1,1,0,0,0,1,1,1,0,1,1,0,0,0,0,1,1,0,0,1,0,1
3812,0.00152898163416469,1,1,0,0,0,1,0,0,1,1,0,0,0,1,1,1,0,1,1,0,0,0,0,1,1,0,0,1,1,1
3813,-0.311679190351472,1,0,1,0,0,1,0,0,1,1,0,0,0,1,1,1,0,0,1,0,0,0,0,1,1,0,0,1,1,1
3814,-1.09771198581227,0,0,0,0,0,0,1,0,0,1,0,1,0,1,0,1,0,1,1,0,0,0,0,0,0,0,0,0,0,0
3815,0.49864613525623,1,1,1,0,0,1,1,0,1,1,0,1,0,1,1,1,0,1,1,0,0,1,0,1,1,0,1,1,0,1
3816,0.774378990345874,1,1,1,0,0,1,0,0,1,1,0,0,1,1,1,1,0,1,1,1,0,0,0,1,1,0,0,1,1,1
3817,1.14768625517335,1,1,1,0,1,1,1,1,1,1,0,1,1,1,1,1,0,1,1,1,0,1,0,1,1,1,1,1,1,1
3818,0.484261401177086,1,0,1,0,0,1,1,0,1,1,0,1,0,1,1,1,0,1,1,1,0,0,0,1,1,0,0,1,1,1
3819,0.326172750909677,1,0,1,0,0,1,0,0,1,1,0,1,0,1,1,1,0,1,1,1,0,0,0,1,1,0,0,1,0,1
3820,0.0977317791736294,1,1,0,0,0,0,0,0,1,1,0,1,0,1,0,1,0,0,1,1,0,0,0,1,1,0,0,1,1,1
3821,-0.463883005112341,0,0,0,0,0,0,0,0,1,1,0,0,1,1,1,0,0,0,1,0,0,0,0,0,1,0,0,1,1,1
3822,1.776530367348,1,1,1,0,1,1,1,1,1,1,0,1,1,1,1,1,0,1,1,0,0,1,1,1,1,0,1,1,1,1
3823,-0.246787696276853,1,0,1,0,0,1,1,0,1,1,0,0,0,1,1,1,0,1,1,0,0,0,0,1,1,0,0,0,1,1
3824,0.633977940473928,1,0,1,0,0,1,1,0,1,1,1,1,0,1,1,1,0,1,1,0,1,1,0,1,1,0,0,1,1,0
3825,-0.904632595324273,0,0,0,0,0,0,0,0,0,1,0,0,0,1,1,0,0,0,1,0,0,0,0,0,1,0,0,0,0,1
3826,-1.03807585259298,1,0,0,0,0,1,0,0,0,0,0,0,0,1,1,0,0,0,0,0,0,0,0,0,0,0,0,1,0,0
3827,0.699914965986342,1,1,1,0,0,1,1,0,0,1,0,0,1,1,1,1,0,1,1,1,0,0,1,1,1,0,1,1,0,1
3828,0.478785143906994,1,0,1,0,0,1,1,0,1,1,0,0,0,1,1,1,0,1,1,0,0,0,0,0,1,0,0,1,1,1
3829,0.0377924336644752,1,0,1,0,0,1,0,0,1,1,0,0,0,1,1,1,0,1,1,0,0,0,0,1,0,0,0,1,0,1
3830,1.44248377439044,1,0,1,1,0,1,1,0,1,1,1,1,1,1,1,1,0,1,1,1,0,1,1,1,1,1,1,1,1,1
3831,-0.796303775481722,0,0,1,0,0,1,0,0,1,1,0,1,0,1,1,0,0,0,1,0,0,0,0,1,0,0,0,1,0,0
3832,-0.0552209010313409,0,0,1,0,0,0,1,0,1,1,0,0,0,1,1,1,0,1,1,0,0,0,0,1,0,0,0,1,0,1
3833,-0.0116934525585826,1,0,1,0,0,0,0,0,1,1,0,1,1,1,1,1,0,1,1,0,0,0,0,1,1,0,0,0,0,1
3834,-0.821171654076402,1,0,0,0,0,1,0,0,0,1,0,1,0,1,1,0,0,0,0,0,0,0,0,0,1,0,0,1,0,0
3835,1.94870479801944,1,1,1,1,0,1,0,1,1,1,1,1,1,1,1,1,1,1,1,0,1,1,1,1,1,0,1,1,1,1
3836,-0.608825489584826,1,0,1,0,0,1,0,0,0,1,0,1,0,1,1,1,0,0,1,0,0,0,0,1,1,0,0,1,0,1
3837,0.940559226577783,1,0,1,0,0,0,1,0,0,1,1,1,0,1,1,1,0,1,1,0,0,0,0,1,1,0,0,1,0,1
3838,-0.699759521411105,1,0,0,0,0,1,0,0,1,1,0,1,0,1,1,1,0,0,1,0,0,0,0,1,0,0,0,0,1,1
3839,-0.904085967196369,0,0,1,0,0,0,0,0,1,1,0,0,0,1,1,0,0,0,0,0,0,0,0,1,1,0,0,1,0,1
3840,-0.553204621809643,1,0,1,0,0,0,1,0,1,1,0,1,0,1,1,0,0,0,1,0,0,0,0,0,1,0,0,0,0,1
3841,0.00449780240218547,1,1,1,0,0,1,0,0,0,1,0,0,0,1,0,1,0,1,1,0,0,0,0,0,1,0,0,1,1,0
3842,-0.976859812839909,0,0,1,0,0,1,0,0,0,1,0,0,0,1,1,0,0,0,0,0,0,0,0,1,1,0,0,0,0,1
3843,-0.530968744301949,1,0,1,0,0,0,0,0,0,1,0,1,0,1,1,1,0,0,1,1,0,0,0,1,1,0,0,0,0,1
3844,-0.549024616793648,1,0,1,0,0,0,1,0,1,1,0,0,1,1,1,0,0,1,1,1,0,0,0,0,1,0,0,0,0,0
3845,0.91650506680423,1,1,1,0,0,1,0,1,1,1,0,0,0,1,1,1,0,1,1,0,0,1,0,1,1,0,0,1,0,1
3846,-0.502043255428083,1,0,0,0,0,1,1,0,1,1,0,0,0,1,1,1,0,0,1,1,0,0,0,0,1,0,0,0,0,0
3847,-0.394815360031173,1,0,1,0,0,0,1,0,0,0,0,0,1,1,1,1,0,1,1,0,0,0,0,1,1,0,0,1,0,1
3848,0.609353360249486,1,1,1,0,0,0,1,0,1,1,0,1,1,1,1,1,0,1,1,0,0,0,0,1,1,0,1,1,1,1
3849,-0.632038073609279,1,0,1,0,0,0,1,0,0,1,0,0,0,1,1,1,0,0,0,0,0,0,0,1,1,0,0,0,0,1
3850,-0.381180133806497,0,0,0,0,0,1,0,0,1,1,0,0,0,1,0,0,0,1,1,1,0,0,0,1,1,0,0,1,0,1
3851,0.479101837936628,0,0,1,0,0,1,1,0,1,1,0,1,1,1,1,1,0,1,1,1,0,0,0,1,1,0,0,1,1,1
3852,-0.174056415643855,1,0,1,0,0,0,1,0,0,1,0,0,0,1,1,1,1,1,1,0,0,0,0,1,1,0,0,1,0,0
3853,-0.581052716013777,1,0,0,0,0,1,0,0,1,1,0,1,0,1,1,0,0,0,0,0,0,0,0,0,1,0,0,1,0,1
3854,-0.366922495092211,1,0,1,0,0,0,0,0,1,1,0,0,1,1,1,1,0,1,1,0,0,0,0,1,1,0,0,0,0,1
3855,-0.207079329678278,1,0,0,0,0,1,1,0,1,1,0,1,0,1,1,0,0,1,1,0,0,0,0,1,1,0,0,1,1,0
3856,1.61227987352167,1,0,1,0,0,1,1,1,1,1,0,1,1,1,1,1,1,1,1,1,1,0,1,1,1,0,1,1,1,1
3857,-0.166515119004903,1,1,1,0,0,1,0,0,1,1,0,1,0,1,1,1,0,0,1,0,0,0,0,1,0,0,1,1,1,1
3858,-0.663097148698978,1,0,1,0,0,1,0,0,1,1,0,0,0,1,1,1,0,0,1,1,0,0,0,0,0,0,0,1,0,1
3859,-0.199405626942231,1,0,1,0,0,1,0,0,1,1,0,0,0,1,1,1,0,1,1,1,0,0,0,0,1,0,0,1,1,1
3860,-0.939878047651439,1,0,0,0,0,0,0,0,0,1,0,0,0,1,0,1,0,0,0,0,0,0,0,0,1,0,0,0,0,0
3861,2.40457594180662,1,1,1,1,0,1,1,1,0,1,1,1,1,1,1,1,1,1,1,1,1,1,1,1,1,1,1,1,1,1
3862,0.382344592597233,1,1,1,0,0,1,1,1,1,1,0,1,0,1,1,1,0,0,1,1,0,0,0,1,1,0,0,1,0,1
3863,0.57422527163375,1,0,1,0,0,1,1,0,1,1,1,1,1,1,1,1,0,1,1,1,0,0,0,0,1,0,0,0,0,1
3864,-0.355270586756619,1,0,1,0,0,0,1,0,1,1,0,0,0,1,1,1,0,0,1,0,0,0,0,0,1,0,0,1,0,1
3865,1.15941101258769,1,0,1,0,0,1,1,0,1,1,1,1,1,1,1,1,1,1,1,1,1,0,0,1,1,0,0,1,0,1
3866,0.130083351750469,1,1,1,0,0,1,1,0,1,1,0,1,0,1,1,1,0,1,1,0,0,0,0,1,1,0,0,1,0,1
3867,0.345397468361218,1,0,1,0,0,1,0,0,0,1,0,1,0,1,1,1,0,0,1,1,0,0,0,1,1,0,0,0,0,1
3868,-0.381223947972362,1,0,1,0,0,0,1,0,1,1,0,0,0,1,1,1,0,1,1,1,0,0,0,1,1,0,0,1,0,0
3869,-0.282068952413379,0,0,1,0,0,0,1,0,0,1,0,0,0,1,1,0,0,0,1,0,0,0,0,1,1,0,0,0,0,1
3870,-0.0276715098129757,1,1,1,0,0,1,1,0,1,1,0,0,0,1,0,0,0,0,1,0,0,0,0,1,1,0,0,1,1,1
3871,-0.380530608847282,1,0,0,0,0,0,0,0,0,1,0,1,0,1,1,1,0,0,1,0,0,0,1,1,1,0,0,1,1,0
3872,0.480955794535241,1,0,1,0,0,1,1,1,1,1,0,1,0,1,1,1,0,1,1,1,0,0,1,1,1,1,1,1,1,1
3873,1.02027710436823,1,1,1,0,0,1,1,0,1,1,1,1,1,1,1,1,0,0,1,1,0,1,0,1,1,0,0,1,1,1
3874,0.615356961049023,1,1,1,0,0,1,1,0,1,1,0,1,0,1,1,1,0,1,1,1,0,0,0,1,1,0,0,1,1,1
3875,0.101259344341916,1,0,1,0,0,1,1,0,1,1,0,0,0,1,1,1,0,0,1,0,0,0,0,1,1,0,0,1,0,1
3876,1.53813823416216,1,1,1,1,1,1,1,1,1,1,0,1,1,1,1,1,1,1,1,1,1,1,1,1,1,0,1,1,1,1
3877,1.25076827041521,1,1,1,0,0,1,1,0,0,1,1,0,1,1,1,1,1,1,1,1,0,0,0,1,1,0,0,1,1,1
3878,0.42911309704449,1,0,1,0,0,0,0,0,1,1,0,1,1,1,1,0,0,0,1,0,0,0,0,1,1,0,1,1,1,1
3879,0.201438969403086,0,1,1,0,0,0,0,0,0,1,0,1,1,1,1,0,0,1,1,0,0,0,0,1,1,0,0,1,0,1
3880,1.21005420077815,1,1,1,1,0,1,1,0,1,1,0,1,1,1,1,1,1,1,1,1,0,0,0,1,1,0,0,1,1,1
3881,-0.543743548071621,0,0,0,0,0,1,1,0,1,1,0,1,0,1,1,1,0,0,0,0,0,0,0,0,1,0,0,1,0,1
3882,1.5649428610441,1,1,1,1,0,1,1,0,1,1,0,1,1,1,1,1,1,1,1,1,0,1,1,1,1,0,1,1,1,1
3883,-0.0769877455762488,1,1,1,0,0,1,1,0,1,1,0,1,0,1,1,1,0,0,1,0,0,0,0,1,1,0,0,1,0,1
3884,0.0855335228964796,1,1,1,0,0,1,0,0,0,1,0,1,0,1,1,1,0,1,1,0,0,0,0,1,1,0,0,1,0,0
3885,-1.24324650866097,0,1,1,0,0,0,0,0,1,1,0,0,0,1,1,1,0,0,0,0,0,0,0,1,1,0,0,0,0,1
3886,1.44489288258344,1,1,1,1,0,1,1,0,1,1,1,1,1,1,1,1,1,1,1,1,0,0,1,1,1,1,1,1,1,1
3887,0.182316522608135,0,0,1,0,0,1,0,0,1,1,0,0,1,1,1,1,0,1,1,1,0,0,1,1,1,0,0,1,0,1
3888,0.802234035897196,1,1,1,0,1,0,1,0,1,1,0,1,1,1,1,1,0,0,1,1,0,0,1,0,1,0,0,1,0,1
3889,-1.58903471600334,0,0,1,0,0,0,0,0,0,0,0,0,0,0,1,1,0,0,0,0,0,0,0,0,0,0,0,0,0,1
3890,-1.65073102346257,0,0,0,0,0,0,0,0,1,0,0,0,0,1,1,0,0,1,0,0,0,0,0,0,0,0,0,0,0,0
3891,-1.21980091344107,1,0,0,0,0,0,0,0,1,1,0,0,0,1,1,0,0,0,0,0,0,0,0,0,1,0,0,0,0,1
3892,-1.23903781689871,1,0,1,0,0,0,0,0,0,0,0,0,0,1,1,0,0,0,1,0,0,0,0,1,0,0,0,0,0,0
3893,-0.260588987949555,1,1,1,0,0,0,0,0,0,1,0,1,0,1,1,0,0,0,1,0,0,0,0,1,0,0,0,1,0,1
3894,-0.630648315554155,0,0,1,0,0,0,0,0,1,1,0,1,0,1,1,1,0,1,1,0,0,0,0,0,1,0,0,1,0,1
3895,-0.968511289935436,1,1,0,0,0,0,0,0,0,1,0,0,0,1,1,0,0,1,0,0,0,0,0,0,0,0,0,1,1,0
3896,0.617854547903789,1,0,1,0,0,1,1,1,1,1,0,0,1,1,1,1,1,1,0,0,0,0,0,1,1,0,0,0,1,0
3897,-1.1545789059537,1,0,0,0,0,1,0,0,0,1,0,0,0,1,1,0,0,0,0,0,0,0,0,0,1,0,0,0,0,1
3898,1.96507236443677,1,1,1,1,0,1,1,1,1,1,1,1,1,1,1,1,0,1,1,1,1,1,1,1,1,1,1,1,0,1
3899,-0.297180343023482,1,0,1,0,0,0,1,1,1,1,0,0,0,1,1,1,0,0,1,0,0,0,0,1,1,0,0,1,0,0
3900,-0.534909315016007,1,0,1,0,0,0,1,0,0,1,0,0,0,1,1,1,0,0,0,0,0,1,0,1,1,0,0,1,0,1
3901,-0.990701862334212,1,0,1,0,0,1,0,0,0,1,0,1,0,1,1,1,0,0,0,0,0,0,0,0,1,0,0,0,0,1
3902,1.1461056691804,1,1,1,1,0,1,1,0,1,1,0,0,0,1,1,1,0,1,1,1,0,0,1,1,1,0,1,1,0,1
3903,0.835885094680255,1,1,1,0,0,1,1,0,1,1,0,1,0,1,1,1,0,0,1,1,0,0,1,1,1,0,0,1,1,1
3904,0.0484175424515909,1,0,1,0,0,1,0,0,1,1,0,0,1,1,1,1,0,1,1,0,0,0,0,1,1,0,0,1,0,0
3905,-0.4585345685611,1,0,1,0,0,1,1,0,1,1,0,0,1,1,1,1,0,0,1,0,0,0,0,1,1,0,0,1,0,1
3906,2.03275824925578,1,0,1,0,1,1,1,0,1,1,1,1,1,1,1,1,1,1,1,1,0,1,1,1,1,1,1,1,1,1
3907,-1.80121321743624,1,0,0,0,0,0,0,0,0,1,0,0,0,1,0,0,0,0,0,0,0,0,0,0,1,0,0,0,0,0
3908,0.0852098937126148,1,1,0,0,0,1,0,0,1,1,0,0,1,1,1,1,0,1,1,0,0,0,0,1,0,0,0,1,0,1
3909,0.392504992386187,1,0,1,0,0,1,0,0,1,1,0,1,1,1,1,1,0,1,1,1,0,1,0,1,1,0,0,1,0,1
3910,1.09933861731509,1,0,1,1,0,1,1,0,1,1,0,1,0,1,1,1,0,1,1,0,0,1,0,1,1,0,0,1,1,1
3911,2.03275262115926,1,1,1,1,1,1,1,0,1,1,1,1,1,1,1,1,1,1,1,1,0,1,1,1,1,1,1,1,1,1
3912,0.880003143066834,1,0,1,0,0,1,0,1,1,1,0,1,1,1,1,0,0,1,1,0,1,0,1,1,1,0,1,1,1,1
3913,0.234737208461147,1,0,1,0,0,1,1,0,1,1,0,1,0,1,1,0,0,1,0,0,0,0,0,1,1,0,0,1,1,1
3914,0.177896189849986,1,0,1,0,0,1,0,0,1,1,0,0,0,1,1,1,0,1,1,1,0,0,0,1,1,0,0,0,0,1
3915,2.8144507604216,1,1,1,1,1,1,1,1,1,1,1,1,1,1,1,1,1,1,1,1,1,1,1,1,1,1,1,1,1,1
3916,-1.07984561281757,1,0,0,0,0,0,1,0,1,1,0,0,0,1,0,1,0,0,0,0,0,0,0,0,1,0,0,0,0,1
3917,-2.4186078504293,0,0,0,0,0,0,0,0,0,0,0,0,0,0,0,0,0,0,0,0,0,0,0,0,0,0,0,0,0,0
3918,1.38731402356592,1,1,1,0,0,1,1,0,1,1,0,0,1,1,1,1,0,0,1,1,0,1,0,1,1,0,1,1,1,1
3919,-0.39502897494345,0,1,1,0,0,0,0,0,1,1,0,1,0,1,1,1,0,1,1,0,0,0,0,0,1,0,0,0,0,1
3920,0.263467596021442,1,1,1,0,0,0,0,0,1,1,0,0,0,1,1,1,0,1,1,0,0,0,0,1,1,0,0,1,0,1
3921,0.138518260602988,1,0,1,0,0,0,1,0,1,1,0,0,0,1,1,1,0,1,0,0,0,0,0,1,1,0,0,1,1,1
3922,0.55531156631993,1,0,1,0,1,1,1,0,1,1,0,0,1,1,1,1,0,1,1,0,0,0,1,1,1,0,1,0,1,1
3923,0.018595562641172,1,0,1,0,0,0,1,0,1,1,0,0,1,1,1,1,0,1,0,0,0,0,0,1,1,0,0,0,1,1
3924,-0.726583641901911,1,0,1,0,0,0,0,0,0,1,0,0,0,1,1,0,0,1,0,0,0,0,0,0,1,0,0,1,1,1
3925,1.62210275212985,1,1,1,0,1,1,1,1,1,1,0,1,1,1,1,1,1,1,1,1,1,1,1,1,1,1,1,1,0,1
3926,-0.443336037466985,0,0,1,0,0,1,0,0,1,1,0,0,0,1,1,1,0,0,0,0,0,0,0,1,1,0,0,0,0,0
3927,-1.5045863729215,1,0,0,0,0,0,1,0,0,1,0,0,0,1,0,0,0,1,1,0,0,0,0,0,0,0,0,0,0,0
3928,-0.103202556929437,0,0,0,0,0,0,0,0,1,1,0,0,1,1,1,1,0,1,1,1,0,1,0,1,1,0,0,1,0,1
3929,0.742626159515258,1,0,1,0,0,1,1,0,0,1,1,1,0,1,1,1,0,1,1,1,0,0,0,0,1,0,0,1,1,1
3930,1.26103100636499,1,1,1,1,1,1,1,0,0,1,1,1,1,1,1,1,0,0,1,1,0,1,0,1,1,0,0,1,1,1
3931,0.486438549221351,1,1,1,0,0,0,1,1,1,1,0,1,0,1,1,1,0,0,1,1,0,0,0,0,1,0,0,1,0,1
3932,0.950039319014423,1,1,1,1,0,1,1,0,1,1,0,1,0,1,1,1,0,1,1,0,0,0,1,1,1,0,0,1,1,1
3933,-0.0137802635177632,1,0,1,0,0,1,0,0,1,1,0,0,0,1,1,1,0,0,1,0,1,0,0,0,1,0,0,0,1,1
3934,-1.09039552649309,1,0,1,0,0,1,0,0,1,1,0,0,0,1,0,0,0,0,0,0,0,0,0,0,1,0,0,0,0,0
3935,-0.338140780984796,1,0,1,0,0,1,1,0,1,1,0,1,0,1,1,0,0,0,1,0,0,0,0,0,0,0,0,1,0,1
3936,0.733807034235759,0,1,1,0,0,1,1,0,1,1,0,1,0,1,1,1,0,1,1,1,0,0,0,1,1,0,0,1,0,1
3937,-1.68487562548472,0,0,1,0,0,0,0,0,1,0,0,1,0,0,0,0,0,0,0,0,0,0,0,0,0,0,0,0,0,0
3938,-0.32364348211195,1,0,1,0,0,1,0,0,1,1,0,0,0,1,1,0,0,0,1,0,0,0,0,0,1,0,0,0,1,0
3939,0.778245366174978,1,1,1,0,1,1,1,0,1,1,0,0,0,1,1,1,0,0,1,0,0,0,0,1,1,0,0,0,1,1
3940,-1.31417835223249,0,0,0,0,0,0,1,0,0,0,0,0,0,1,1,1,0,0,1,0,0,0,0,0,1,0,0,0,0,1
3941,0.449175893765956,1,0,1,0,0,1,0,0,1,1,1,1,0,1,1,1,0,1,1,1,0,0,0,0,1,0,0,1,0,1
3942,0.262751175598454,1,0,1,0,0,0,1,0,1,1,0,0,0,1,1,1,0,1,0,1,0,0,1,1,1,0,0,1,0,1
3943,0.301832077505794,1,0,1,0,0,1,1,0,1,1,0,0,0,1,1,1,0,1,1,0,0,0,0,1,1,0,0,1,0,1
3944,-0.241197890733283,1,0,1,0,0,0,0,0,0,1,0,0,0,1,1,0,0,0,1,1,0,0,0,0,1,0,0,1,0,0
3945,-0.953934084301383,1,0,0,0,0,0,0,0,0,1,0,0,0,1,1,1,0,0,1,0,0,0,0,1,1,0,0,0,0,0
3946,-1.40540426827251,1,0,1,0,0,0,0,0,0,1,0,0,0,1,0,1,0,0,0,0,0,0,0,1,0,0,0,1,0,0
3947,-0.0295147451516148,1,0,1,0,0,1,0,0,1,1,0,1,1,1,1,0,0,1,1,0,0,0,0,1,1,0,1,0,0,1
3948,0.284228047785792,1,0,1,0,0,1,1,0,0,1,0,0,1,1,1,0,0,1,1,1,0,0,0,1,1,0,0,0,1,1
3949,1.23920192400457,1,1,1,0,0,1,1,1,0,1,0,1,1,1,1,1,0,1,1,1,1,1,1,1,1,0,0,1,0,1
3950,0.350281033927111,1,1,1,0,0,1,1,0,0,1,0,1,0,1,0,1,0,0,1,1,0,0,0,1,1,0,1,1,1,1
3951,0.827814436067334,1,1,1,0,0,1,1,0,1,1,0,0,1,1,1,1,0,1,1,1,0,0,0,1,1,1,0,1,0,1
3952,1.15948217565322,1,0,1,1,1,1,1,0,1,1,0,1,1,1,1,1,0,1,1,1,0,0,1,1,1,0,1,1,1,0
3953,0.164545509271375,1,1,1,0,0,1,1,0,0,1,0,0,1,1,1,1,0,1,1,0,0,0,0,1,1,0,0,0,1,1
3954,-0.751179246933848,1,0,0,0,0,0,0,0,0,1,0,0,0,1,1,0,0,0,1,1,0,0,0,1,0,0,0,1,0,0
3955,-1.14182516516858,0,0,0,0,0,0,0,0,1,1,0,0,0,1,1,0,0,1,0,0,0,0,0,1,0,0,0,1,0,1
3956,0.201838900024094,1,0,1,0,1,0,1,0,1,1,0,1,0,1,1,1,0,1,1,0,0,0,0,1,1,0,0,0,0,1
3957,0.498458411644542,1,0,1,0,0,1,1,1,1,1,0,1,0,1,1,1,0,0,1,0,0,0,0,0,1,0,1,1,1,1
3958,-1.43084675163133,1,1,0,0,0,0,0,0,1,1,0,0,0,1,1,0,0,0,0,0,0,0,0,0,1,0,0,0,0,0
3959,-0.287404041826031,0,0,1,0,0,1,1,0,0,1,0,1,0,1,0,0,0,1,1,0,0,0,0,1,1,0,0,1,0,0
3960,1.3574766587019,1,1,1,1,0,1,0,0,1,1,0,1,1,1,1,1,1,0,1,0,0,0,1,1,1,0,0,1,1,1
3961,-0.333338628136864,0,0,1,0,0,0,1,0,0,1,0,0,0,1,1,1,0,1,1,0,0,1,0,0,1,0,0,0,1,1
3962,-3.17778121924775,0,0,0,0,0,0,0,0,0,0,0,0,0,0,0,0,0,1,0,0,0,0,0,0,0,0,0,0,0,0
3963,0.192187925370465,1,0,1,0,0,0,0,0,1,1,0,1,0,1,1,0,0,1,1,0,0,0,0,1,1,0,0,1,0,1
3964,-2.22155336237572,0,0,0,0,0,0,0,0,0,0,0,0,0,0,0,0,0,0,0,0,0,0,0,0,0,0,0,0,0,0
3965,-0.265755405310222,1,0,1,0,0,0,1,0,1,1,0,0,1,1,1,1,0,1,1,0,0,0,0,1,1,0,0,0,0,1
3966,-0.306561606791657,1,0,1,0,0,1,0,0,0,0,0,0,0,1,1,1,0,0,0,0,0,0,0,0,0,0,0,0,0,0
3967,-0.423132022975945,1,0,1,0,0,1,0,0,1,1,0,0,0,1,1,1,0,1,1,0,0,0,0,0,1,0,0,0,1,1
3968,-0.526252300852364,1,1,1,0,0,1,0,0,1,1,0,0,0,1,1,0,0,1,0,0,0,0,0,1,1,0,0,0,1,1
3969,0.164124844413861,1,0,1,0,0,0,0,0,1,1,0,0,1,1,1,1,0,0,1,1,0,0,0,0,0,0,0,1,0,1
3970,-1.31331144871574,1,0,1,0,0,1,0,0,0,1,0,0,0,0,1,1,0,0,1,0,0,0,0,1,0,0,0,1,0,0
3971,1.09400036944625,1,1,1,0,0,1,1,1,1,1,0,1,1,1,1,1,0,1,1,0,0,0,0,1,1,0,0,1,1,1
3972,1.25077420994659,1,0,1,0,0,1,1,1,1,1,1,1,1,1,1,1,0,1,1,1,1,1,0,1,1,0,0,1,1,1
3973,0.979016579627465,1,0,1,0,0,1,1,0,1,1,1,1,1,1,1,1,0,0,1,1,0,1,0,1,1,0,0,1,0,1
3974,-1.76003097157719,0,0,0,0,0,0,0,0,0,0,0,0,0,0,1,1,0,0,0,0,0,0,0,0,1,0,0,0,0,0
3975,1.0856239017895,1,1,1,0,0,1,0,0,1,1,0,0,0,1,1,0,0,1,1,1,0,0,1,1,1,0,0,1,1,1
3976,1.04216022424257,1,0,1,1,0,1,1,0,1,1,0,1,1,1,1,1,0,1,1,0,0,1,0,1,1,0,1,1,0,1
3977,0.367416458093104,1,0,1,0,0,1,1,0,1,1,1,0,0,1,1,1,0,0,1,1,0,0,0,1,1,0,0,1,1,0
3978,-1.20464834605375,1,0,0,0,0,0,0,0,0,1,0,0,0,1,0,0,0,0,1,0,0,0,0,0,0,0,0,0,0,1
3979,0.0514052626312664,1,0,1,1,0,1,1,1,1,1,0,1,0,1,1,1,0,0,1,0,0,0,0,0,1,0,0,1,1,1
3980,-0.46999148292893,0,0,1,0,0,1,0,0,0,1,0,0,0,1,1,1,0,0,1,0,0,0,0,1,1,0,0,0,0,0
3981,-0.601372223949489,1,0,1,0,0,0,0,0,1,1,0,0,0,1,1,1,0,0,1,0,0,0,0,1,1,0,0,0,0,0
3982,-0.680215299552672,0,0,0,0,0,0,0,0,0,1,0,0,0,1,0,0,0,1,0,0,0,0,0,1,1,0,0,0,0,0
3983,-0.470395186027408,1,0,0,0,0,0,0,0,1,1,0,0,0,1,1,1,0,0,1,0,0,0,1,1,1,0,0,1,0,1
3984,2.13978703744734,1,0,1,1,1,1,1,1,1,1,1,1,1,1,1,1,1,1,1,1,1,1,1,1,1,0,1,1,1,1
3985,1.08087360821812,0,1,1,0,0,1,1,0,1,1,0,1,1,1,1,1,0,0,1,1,0,1,0,1,1,0,0,1,1,1
3986,-0.539036396231604,1,0,1,0,0,0,0,0,1,1,0,0,0,1,1,0,0,0,1,0,0,0,1,1,1,0,0,1,0,1
3987,1.37371423658633,1,1,1,0,0,1,0,0,1,1,0,1,0,1,1,1,1,1,1,1,0,0,1,1,1,0,1,1,1,1
3988,-0.40416675758161,1,1,0,0,0,1,0,0,1,1,0,1,0,1,1,1,0,1,1,0,0,0,0,1,1,0,0,1,0,1
3989,1.29196390374973,1,1,1,0,1,1,1,1,1,1,0,1,1,1,1,1,0,1,1,0,0,0,1,1,1,1,0,1,1,1
3990,-0.248988839876188,0,1,1,0,0,0,1,1,1,1,0,0,0,1,0,0,0,0,1,0,0,0,0,1,1,0,0,0,0,1
3991,-0.0186354509636576,1,0,1,0,0,1,1,0,1,1,0,0,1,1,1,1,0,1,1,0,0,0,0,1,1,0,0,1,1,1
3992,-1.06197379494123,0,0,0,0,0,0,1,0,1,1,0,0,0,1,0,1,0,0,1,0,0,0,0,0,1,0,0,0,0,1
3993,0.460257813515265,1,0,1,1,0,1,1,1,1,1,0,1,1,1,1,1,0,0,0,0,0,0,1,1,1,0,0,1,0,1
3994,0.804010415404388,1,1,1,0,0,1,0,0,1,1,1,0,0,1,1,1,1,1,1,1,0,0,0,1,1,0,0,1,0,1
3995,0.0115260042510328,1,0,1,0,0,1,0,0,0,1,0,0,1,1,1,1,0,0,0,0,0,0,0,1,1,0,0,1,1,1
3996,-0.23869610393457,1,1,1,0,0,0,0,0,0,1,0,1,0,1,1,1,0,0,0,0,0,0,0,1,1,0,0,1,0,1
3997,1.13275285083687,1,1,1,0,0,1,1,0,1,1,0,0,1,1,1,1,0,1,1,0,0,0,0,1,1,0,1,1,1,1
3998,0.475584266395039,1,0,1,0,0,0,1,1,1,1,0,1,0,1,1,1,0,1,1,1,0,0,1,1,1,0,1,0,0,1
3999,-0.49909748652793,1,0,0,0,0,0,1,0,0,1,0,0,0,1,1,1,0,1,0,1,0,0,0,1,0,0,0,1,0,1
4000,-0.932818404493978,1,0,1,0,0,0,0,0,0,1,0,0,0,1,1,0,0,0,1,0,0,0,0,1,1,0,0,0,0,0
4001,-0.496395027689117,1,0,1,0,0,0,0,0,1,1,0,0,0,1,1,0,0,0,1,0,0,0,0,1,1,0,0,1,0,1
4002,-1.64782805438859,0,0,0,0,0,0,0,0,0,1,0,0,0,1,0,0,0,0,0,0,0,0,0,0,0,0,0,0,0,0
4003,0.554940302544069,1,1,1,0,0,1,1,0,1,1,0,0,0,1,1,1,0,1,1,1,0,0,1,1,1,0,0,1,0,1
4004,1.25600950510895,1,0,1,1,0,0,1,1,1,1,0,1,0,1,1,1,0,1,1,1,0,0,0,1,1,0,1,1,1,1
4005,1.05217479555655,1,1,1,1,1,1,1,1,0,1,0,1,1,1,1,1,0,0,1,1,0,0,0,1,1,0,0,1,0,1
4006,-0.122011852385899,1,0,1,1,0,1,1,0,0,1,0,0,0,1,1,0,0,1,0,0,0,0,0,0,1,0,0,1,1,0
4007,-1.93556552294218,0,0,0,0,0,0,0,0,0,0,0,0,0,1,1,0,0,0,0,0,0,0,0,0,0,0,0,0,0,0
4008,2.11490787791516,1,0,1,1,1,1,1,1,1,1,1,1,1,1,1,1,1,1,1,1,1,1,0,1,1,1,1,1,1,1
4009,-0.978022724884969,0,1,0,0,0,0,0,0,1,1,0,0,0,1,1,1,0,1,0,0,0,0,0,0,0,0,0,1,0,1
4010,1.8504961857548,1,1,1,0,1,1,1,1,1,1,1,1,1,1,1,0,1,1,1,1,0,0,1,1,1,1,0,1,1,1
4011,-0.48067319107265,0,0,0,0,0,0,0,0,0,1,0,0,0,1,1,1,0,1,1,1,0,0,0,1,1,0,0,0,0,1
4012,-0.571840228725172,1,0,1,0,0,1,1,0,1,1,0,0,0,1,0,1,0,0,1,0,0,0,0,1,1,0,0,0,0,1
4013,-1.01406915908749,0,0,0,0,0,1,1,0,0,1,0,1,0,1,1,1,0,0,0,0,0,0,0,1,1,0,0,0,0,1
4014,0.152729849959714,1,0,1,0,0,1,0,0,1,1,0,0,0,1,1,1,0,0,1,1,0,0,0,1,1,0,0,1,1,1
4015,-0.113868428841781,1,1,1,0,0,1,0,0,1,1,0,0,0,1,1,1,0,1,1,0,0,0,0,1,1,0,0,1,1,1
4016,-0.697907999752106,1,0,0,0,0,0,0,0,1,1,0,0,0,1,0,0,0,1,0,0,0,0,0,1,1,0,0,0,1,1
4017,2.01431449646775,1,1,1,1,1,1,1,1,1,1,1,1,1,1,1,1,1,1,1,1,1,1,0,1,1,0,1,1,1,1
4018,-0.331161282963136,1,0,1,0,1,0,1,0,0,1,0,1,0,1,1,1,0,1,0,0,0,0,0,1,0,0,0,0,0,0
4019,-1.18844742938553,1,0,0,0,0,0,0,0,0,0,0,0,0,1,1,0,0,0,0,0,0,0,0,0,0,0,0,1,0,1
4020,-0.411778909617906,1,0,1,0,0,1,0,0,0,1,0,1,0,1,1,1,0,1,1,0,0,0,0,1,1,0,0,1,0,0
4021,0.162160069174268,1,0,0,0,0,0,1,0,1,1,0,0,0,1,1,1,0,0,1,0,0,0,0,1,0,0,0,0,0,0
4022,0.113463343157487,1,0,1,0,0,1,1,0,1,1,0,0,0,1,1,1,0,0,1,0,0,0,0,1,1,0,0,1,0,1
4023,-0.316355955064224,0,0,1,0,0,1,0,0,0,1,0,0,0,1,1,1,0,0,0,0,0,0,0,1,1,0,0,1,1,0
4024,-1.45025993197911,1,0,0,0,0,0,0,0,0,1,0,0,0,1,1,0,0,0,0,0,0,0,0,0,0,0,0,0,0,0
4025,1.62196221152871,1,1,1,1,1,1,1,1,1,1,1,1,1,1,1,1,0,0,1,1,0,1,1,1,1,1,1,1,0,1
4026,-0.983101718322455,0,0,0,0,0,1,0,0,0,0,0,0,0,1,1,1,0,1,1,0,0,0,0,1,1,0,0,0,0,1
4027,0.204347496670769,1,0,1,0,0,1,1,0,0,1,0,0,0,1,1,1,1,0,1,0,0,0,0,0,1,0,0,1,0,1
4028,0.784912852197213,1,1,1,0,1,1,1,0,1,1,0,1,1,1,1,1,0,1,1,0,1,0,0,1,1,0,0,1,0,1
4029,-0.624512350532105,1,1,0,0,0,0,0,0,0,1,0,1,0,1,1,0,0,0,1,0,0,0,0,0,1,0,0,0,0,1
4030,0.836181269279137,1,1,1,0,0,1,0,0,1,1,0,1,0,1,1,1,0,0,0,1,1,0,1,1,1,0,0,1,1,1
4031,-0.152356043781134,1,0,1,0,0,0,0,0,1,1,0,0,0,1,1,1,0,0,1,0,0,0,1,1,1,0,0,1,0,1
4032,-1.24889831551259,1,0,0,0,0,0,0,0,1,0,0,0,0,1,1,0,0,1,1,0,0,0,0,0,0,0,0,1,0,0
4033,1.95110531282604,1,1,1,1,1,1,1,1,1,1,1,1,0,1,1,1,1,1,1,0,1,1,1,1,1,1,1,1,1,1
4034,1.81311035090898,1,1,1,0,0,1,1,1,1,1,1,1,1,1,1,1,1,1,1,1,0,1,1,1,1,0,1,1,1,1
4035,1.08496626890562,1,1,1,1,1,1,1,0,1,1,1,0,1,1,1,0,0,1,1,1,0,0,1,1,1,0,0,1,1,1
4036,0.636764138822394,1,0,1,0,0,1,0,1,1,1,0,1,0,1,1,1,0,1,1,1,0,0,1,1,1,0,1,0,0,1
4037,0.804079164706132,1,1,1,0,0,1,1,0,1,1,0,1,0,1,1,1,0,1,1,1,0,0,0,1,1,0,1,1,0,1
4038,0.691972104746557,1,0,1,0,0,1,1,1,1,1,0,1,1,1,1,1,0,0,1,0,0,0,0,1,1,0,1,1,0,1
4039,0.981881748513554,1,1,1,1,0,1,0,1,1,1,0,1,1,1,1,1,0,0,1,1,0,1,0,1,1,0,0,1,0,1
4040,-0.342187715050982,1,0,1,0,0,0,1,0,0,1,0,1,0,1,1,0,0,1,1,0,0,0,0,1,1,0,0,0,0,1
4041,-0.155441348970776,1,0,1,0,0,1,1,0,1,1,0,0,0,1,1,1,0,0,1,0,0,0,0,0,1,0,0,1,1,1
4042,-0.47902538041746,1,0,1,0,0,1,0,0,1,1,0,0,0,1,1,0,0,0,1,0,0,0,0,1,1,0,0,0,1,1
4043,-0.874221016260412,0,0,1,0,0,1,1,0,0,1,0,0,0,1,1,1,0,0,0,0,0,0,0,1,1,0,0,0,0,0
4044,-0.605656712116109,0,0,0,0,0,1,0,0,1,1,0,0,0,1,1,1,0,1,0,0,0,0,0,1,1,0,0,0,0,1
4045,0.0202936702008846,1,0,1,0,0,0,0,0,1,1,0,1,0,1,1,1,0,1,1,0,0,0,1,1,1,0,0,1,0,1
4046,-1.35242957986653,0,0,0,0,0,0,0,0,1,0,0,0,0,1,0,0,0,1,1,0,0,0,0,0,0,0,0,0,0,0
4047,0.458172287022918,1,0,1,0,0,1,1,0,1,1,0,1,0,1,1,0,0,1,1,1,0,0,0,1,1,0,0,1,1,1
4048,0.700788929146476,1,1,1,0,0,1,0,0,1,1,0,0,1,1,1,1,0,1,0,0,0,0,0,1,1,0,0,1,0,1
4049,-0.121541061766946,1,0,1,0,0,1,1,0,0,1,0,1,1,1,1,1,0,1,1,0,0,0,0,1,0,0,0,0,0,1
4050,0.252036646490372,1,0,1,0,0,1,1,1,1,1,0,1,1,1,1,1,0,0,1,0,0,0,0,1,1,0,1,1,1,1
4051,-1.31293406589284,0,1,1,0,0,0,0,0,0,1,0,0,0,1,1,0,0,0,0,0,0,0,0,0,1,0,0,0,0,1
4052,0.69174049705519,1,0,1,0,0,1,1,0,1,1,0,1,0,1,1,1,0,1,1,1,0,1,1,1,1,0,0,1,0,1
4053,-0.415126786498148,1,0,1,0,0,0,0,0,1,1,0,0,0,0,1,0,0,0,1,0,0,0,0,1,1,0,0,0,0,1
4054,0.595539920479545,1,1,1,0,0,1,1,0,1,1,0,0,1,1,1,1,0,1,1,1,0,0,1,1,1,0,0,1,1,1
4055,-1.68595080324432,0,0,0,0,0,0,0,0,0,0,0,0,0,1,0,0,0,0,1,0,0,0,0,0,0,0,0,0,0,0
4056,0.177852350653663,1,0,1,0,0,1,1,0,1,1,0,0,1,1,1,1,0,1,0,0,0,0,0,1,1,0,0,1,0,0
4057,0.538200125785439,0,1,0,0,0,0,1,0,0,1,0,0,1,1,1,1,0,1,1,1,0,0,0,1,1,0,0,1,0,1
4058,-0.129717737731763,0,1,1,0,0,1,0,0,0,1,0,0,1,1,1,1,0,0,1,1,0,0,0,0,1,0,0,1,0,1
4059,-0.709710784470625,1,0,1,0,0,1,0,0,1,1,0,0,0,1,1,0,0,1,1,0,0,0,0,0,1,0,0,1,0,1
4060,-1.47280622394407,0,0,0,0,0,0,1,0,1,0,0,0,0,0,1,1,0,0,0,0,0,0,0,0,0,0,0,0,0,1
4061,2.04915669532453,1,1,1,1,1,1,1,0,1,1,1,1,0,1,1,1,1,0,1,0,0,1,1,1,1,0,0,1,1,1
4062,-0.0505146236019687,1,0,1,0,0,0,1,0,1,1,0,1,0,1,1,1,0,1,1,0,0,0,0,1,1,0,0,1,0,1
4063,-1.08548429167523,0,0,1,0,0,1,1,0,1,1,0,0,0,1,1,0,0,0,1,0,0,0,0,1,1,0,0,0,0,1
4064,1.02144108613347,1,1,1,0,1,1,1,0,1,1,0,1,0,1,1,1,0,1,1,1,0,1,0,1,1,0,0,1,1,1
4065,0.99122010909849,1,1,1,0,0,0,1,0,1,1,0,1,0,1,1,1,0,0,1,1,0,1,1,0,1,0,0,1,1,1
4066,-0.138443060409718,1,0,1,0,0,0,1,0,0,1,0,0,1,1,1,1,0,0,0,1,0,0,0,1,1,0,0,1,0,1
4067,-1.87587091023433,0,0,0,0,0,0,0,0,0,0,0,0,0,0,0,0,0,0,0,0,0,0,0,0,0,0,0,1,0,1
4068,-2.1081784958041,0,0,0,0,0,0,0,0,0,0,0,0,0,0,0,0,0,0,0,0,0,0,0,0,0,0,0,0,0,0
4069,0.407280549498221,1,0,1,1,0,1,0,0,1,1,0,1,0,1,1,1,0,0,1,0,0,0,0,1,1,0,0,1,0,1
4070,-0.42295810262342,1,0,1,1,0,1,0,0,0,1,0,0,0,1,1,1,0,1,1,0,0,0,0,1,1,0,0,1,1,1
4071,1.07359974095771,1,1,0,1,0,1,1,0,0,1,0,1,1,1,1,0,0,0,1,1,0,0,1,1,1,0,1,1,0,1
4072,1.20010384267714,1,1,1,1,0,1,0,1,1,1,0,1,1,1,1,1,1,1,1,1,0,0,1,1,1,0,0,1,1,1
4073,0.571118495057746,1,0,1,0,0,1,1,0,1,1,0,1,1,1,1,1,0,1,1,0,0,0,0,1,1,0,0,0,1,1
4074,0.624012000392716,1,0,1,0,0,1,0,0,1,1,0,0,0,1,1,1,1,1,1,1,0,0,0,1,1,0,1,1,1,1
4075,-1.16837517803116,0,0,0,0,0,0,0,0,1,1,0,0,0,1,1,0,0,0,0,0,0,0,0,0,0,0,0,0,0,1
4076,-0.932818404493978,1,0,1,0,0,1,1,0,0,0,0,0,0,1,0,0,0,0,0,0,0,0,0,1,1,0,0,0,1,0
4077,0.311192571713335,1,0,1,0,0,0,0,0,1,1,0,0,1,1,1,0,0,1,1,0,0,0,0,1,1,0,0,1,0,1
4078,1.195896515875,1,1,1,0,0,1,1,0,0,1,0,1,1,1,1,1,0,1,1,0,0,0,0,1,1,0,1,0,1,0
4079,-2.29807138422972,0,0,0,0,0,0,0,0,0,0,0,0,0,0,0,1,0,0,0,0,0,0,0,0,0,0,0,0,0,0
4080,-0.14089633443189,1,0,1,0,0,1,1,0,1,1,0,1,0,1,1,1,0,1,1,0,0,0,0,0,1,0,0,0,0,1
4081,-1.5903446540165,1,1,0,0,0,0,1,0,0,1,0,0,0,1,0,1,0,0,0,0,0,0,0,1,0,0,0,0,0,0
4082,0.637961361070114,1,0,1,0,0,1,1,0,1,1,0,1,1,1,1,1,0,0,0,1,0,1,0,1,1,0,0,1,0,1
4083,0.246187964654512,0,0,1,0,0,1,1,0,1,1,0,0,1,1,1,1,0,1,1,1,0,0,0,0,1,0,0,1,1,1
4084,-0.833733232486841,0,0,1,0,0,1,0,0,1,1,0,0,0,1,1,1,0,0,0,0,0,0,0,1,0,0,0,0,0,1
4085,-0.168493095213581,1,0,1,0,0,1,1,0,0,1,0,0,0,1,1,0,0,1,1,0,0,0,0,1,1,0,0,0,0,1
4086,-0.309103320119752,0,0,1,0,0,1,1,0,0,1,0,1,0,1,1,0,0,1,1,0,0,0,0,1,1,0,0,0,0,0
4087,-0.211029680466057,1,0,1,0,0,1,0,0,1,1,0,0,0,1,1,0,0,1,1,0,0,0,0,1,1,0,0,1,0,1
4088,0.249320236021887,1,0,1,0,0,1,1,1,1,1,0,1,0,1,1,1,0,1,1,0,0,0,0,1,1,0,0,1,1,1
4089,0.275391931092812,1,0,1,1,0,0,0,0,1,1,0,1,0,1,1,1,0,1,0,0,0,0,1,1,1,0,0,1,0,1
4090,1.50470917912075,1,0,1,0,0,1,1,1,1,1,1,1,1,1,1,0,0,1,1,0,1,0,0,1,1,1,0,1,1,1
4091,-0.803737730307758,1,0,1,0,0,0,1,0,1,0,0,0,0,1,0,1,0,1,1,0,0,0,0,0,0,0,0,1,0,1
4092,0.177771038677369,1,0,1,0,0,0,1,1,1,1,0,1,1,1,1,1,0,1,1,0,0,0,0,1,1,0,0,0,1,1
4093,0.711893633073204,1,0,1,0,0,1,1,1,1,1,0,1,0,1,1,1,0,1,1,1,0,0,0,1,1,0,0,1,0,1
4094,0.279571353772186,1,0,1,0,0,1,1,0,1,1,0,1,1,1,1,1,0,1,1,0,0,0,0,0,1,0,0,1,0,1
4095,1.00224376847729,1,1,1,0,1,1,1,1,0,1,0,1,1,1,1,1,0,1,1,1,0,0,0,0,1,0,1,1,0,1
4096,1.90538150254355,1,1,1,1,0,1,1,1,1,1,1,1,1,1,1,1,0,1,1,1,1,1,1,1,1,0,1,1,1,1
4097,0.770336166083077,1,0,1,0,0,1,1,1,1,1,0,0,0,1,1,1,0,1,0,0,0,0,0,1,1,0,0,1,1,1
4098,0.295537305738415,1,1,1,0,0,1,0,0,1,1,0,1,0,1,1,1,0,1,1,0,0,0,0,1,1,0,0,1,0,1
4099,-0.84633377020478,1,0,1,0,0,0,0,0,1,1,0,0,0,1,1,0,0,1,1,0,0,0,0,1,1,0,0,0,0,1
4100,-0.0952456284894869,1,0,1,0,0,1,0,0,1,1,0,0,0,1,1,0,0,1,1,0,0,0,0,1,0,0,0,1,1,1
4101,0.048027873686905,1,1,1,0,0,1,1,0,0,1,0,0,0,1,1,1,0,1,1,0,0,0,0,1,1,0,0,1,0,0
4102,0.323728142917162,1,0,1,0,0,1,0,0,1,1,0,0,0,1,1,1,0,0,1,1,0,0,0,1,1,0,1,0,1,1
4103,1.81539283933609,1,1,1,1,1,1,1,1,1,1,1,1,1,1,1,1,1,1,1,1,0,1,1,1,1,0,1,1,1,1
4104,-2.16899134325223,0,0,0,0,0,0,0,0,0,1,0,0,0,0,0,0,0,1,0,0,0,0,0,0,0,0,0,0,0,0
4105,0.788843787480909,1,0,1,0,0,1,1,0,1,1,0,1,1,1,1,1,0,1,1,0,1,0,0,1,1,0,1,1,1,0
4106,2.53830611277371,1,1,1,1,1,1,1,1,1,1,1,1,1,1,1,1,1,1,1,1,1,1,1,1,1,1,1,1,1,1
4107,0.31391782049086,1,1,1,0,0,0,0,0,1,1,0,0,1,1,1,0,0,1,1,0,0,0,0,1,1,0,0,1,0,1
4108,-2.59976643643773,0,0,1,0,0,0,0,0,0,0,0,0,0,0,0,0,0,0,0,0,0,0,0,0,0,0,0,0,0,0
4109,0.828167131787265,1,0,1,0,1,1,0,0,1,1,0,0,1,1,1,1,0,1,1,1,0,1,0,1,1,0,1,1,0,1
4110,-0.703358764565382,1,0,0,0,0,0,1,0,1,1,0,0,0,1,0,1,0,0,1,0,0,0,0,0,1,0,0,0,1,0
4111,-1.06095816934136,1,0,0,0,0,1,0,0,1,0,0,0,1,1,1,0,0,1,0,0,0,0,0,0,0,0,0,0,0,0
4112,0.179812137013095,1,0,1,0,0,1,0,0,0,1,0,0,0,1,1,1,0,1,0,1,0,0,0,1,1,0,0,1,0,1
4113,-0.380710235125228,1,0,0,0,0,0,1,0,1,1,0,1,0,1,1,0,0,0,1,0,0,0,0,0,0,0,0,1,0,1
4114,-0.386626237338549,1,0,1,0,0,1,0,0,1,1,0,0,0,1,1,1,0,0,1,0,0,0,0,1,1,0,0,1,0,0
4115,-0.391850408106809,1,0,1,0,0,0,0,0,1,1,0,0,0,1,1,1,0,0,0,0,0,0,0,1,1,0,0,1,0,1
4116,-1.11177665679551,0,1,0,0,0,1,0,0,1,1,0,0,0,1,0,0,0,0,0,0,0,0,0,0,0,0,0,0,0,0
4117,0.238489731483846,1,1,1,0,0,1,1,0,1,1,0,0,0,1,1,1,0,1,1,0,0,0,0,1,1,0,0,1,0,1
4118,0.0271999851072634,0,0,1,0,0,0,0,0,0,1,0,1,0,1,1,1,0,1,1,0,0,0,1,1,1,0,0,1,1,1
4119,0.0823902365956744,1,0,1,0,0,0,1,0,0,1,0,0,0,1,1,1,0,0,1,0,0,0,0,1,1,0,0,1,0,1
4120,-0.0322880380773658,1,0,0,0,0,1,1,0,1,1,0,0,0,1,1,1,0,0,0,0,0,1,0,1,1,0,0,1,0,1
4121,-1.17856205684762,1,0,0,0,0,0,0,0,0,0,0,0,0,1,0,0,0,0,1,0,0,0,0,0,0,0,0,0,0,1
4122,-0.106203721163357,1,0,1,0,0,1,0,0,1,1,0,1,0,1,1,0,0,0,1,1,0,0,0,1,1,0,0,1,1,1
4123,-1.48136662951249,1,0,0,0,0,0,1,0,0,1,0,0,0,1,0,0,0,0,1,0,0,0,0,1,1,0,0,0,0,1
4124,-0.0980213657541267,1,0,1,0,0,1,0,0,0,1,0,0,1,1,1,1,0,1,1,0,0,0,0,1,1,0,0,1,0,1
4125,0.460622129241072,1,1,1,0,0,1,1,0,1,1,0,0,1,1,1,0,1,0,1,0,0,0,0,1,1,0,0,1,0,1
4126,-1.87187330397237,0,0,0,0,0,0,0,0,0,0,0,0,0,1,0,0,0,0,1,0,0,0,0,0,0,0,0,0,0,0
4127,-0.824061479181737,0,0,1,0,0,0,1,0,0,1,0,0,1,1,1,1,0,0,1,0,0,0,0,0,1,0,0,1,0,1
4128,-1.34592155243821,0,1,0,0,0,0,0,0,0,0,0,0,0,1,1,0,0,0,0,0,0,0,0,1,1,0,0,0,0,0
4129,-0.715207848037748,0,0,0,0,0,0,0,0,1,1,0,0,0,1,1,1,0,1,1,0,0,0,0,0,1,0,0,0,1,0
4130,-0.467229883365229,1,0,1,0,0,1,1,0,1,1,0,1,0,1,1,0,0,0,1,0,0,0,0,1,1,0,0,0,0,1
4131,1.23458732536939,1,0,1,1,0,1,0,0,1,1,1,1,1,1,1,1,0,0,1,1,0,0,1,1,1,1,1,1,0,1
4132,-0.406473806116493,1,0,1,0,0,1,0,0,0,1,0,1,0,1,1,0,0,0,1,0,0,0,0,1,1,0,0,1,0,1
4133,2.02650246216294,1,1,1,1,1,1,1,1,1,1,0,1,1,1,1,1,1,1,1,1,0,1,1,1,1,0,1,1,1,1
4134,0.0201706265853504,1,1,1,0,0,1,1,0,1,1,0,1,1,1,1,1,1,1,1,0,0,0,0,1,1,0,0,1,0,1
4135,-0.618056620449655,1,0,1,0,0,0,0,0,1,1,0,0,1,1,1,0,0,0,1,0,0,0,1,1,1,0,0,0,0,0
4136,0.287111886783827,1,1,1,0,0,1,0,0,0,1,1,0,0,1,1,0,0,1,1,0,0,0,0,1,1,0,0,0,1,1
4137,1.94540061306104,1,1,1,1,1,1,1,1,1,1,1,1,0,1,1,1,0,1,1,0,0,1,1,1,1,0,1,0,1,1
4138,-0.342577586470824,1,0,0,0,0,1,1,0,0,1,0,0,0,1,0,1,0,1,1,0,0,0,0,1,0,0,0,1,0,1
4139,2.41493777915123,0,1,1,1,1,1,1,1,1,1,1,1,1,1,1,1,1,1,1,1,1,1,1,1,1,1,1,1,1,1
4140,-1.56525186470303,0,0,1,0,0,1,0,0,0,1,0,0,0,1,1,0,0,0,0,0,0,0,0,0,1,0,0,0,0,0
4141,-0.696027468344421,0,0,0,0,0,0,0,0,0,1,0,0,0,1,1,0,0,0,1,0,0,0,0,1,1,0,0,0,0,1
4142,-0.768058717006122,1,0,0,0,0,1,0,0,0,1,0,1,0,1,0,1,0,0,1,0,0,0,0,1,1,0,0,1,0,1
4143,1.44963160727348,1,1,1,0,1,1,1,0,1,1,0,0,1,1,1,1,0,1,1,0,0,1,1,1,1,1,0,1,1,1
4144,0.179812137013095,0,0,0,0,0,1,1,0,0,1,0,0,1,1,1,1,0,1,1,1,0,0,0,0,1,0,0,1,0,1
4145,-0.340119593945356,0,0,1,0,0,1,1,0,1,1,0,0,0,1,1,1,0,1,1,0,0,0,0,1,1,0,0,1,0,1
4146,0.917858131816782,1,1,1,0,0,0,1,0,1,1,0,1,1,1,1,1,0,0,1,0,0,0,0,1,1,0,0,1,1,1
4147,0.0559964003429837,1,1,1,0,0,1,0,0,1,1,0,1,0,1,1,1,0,1,0,1,0,0,0,1,1,0,0,0,0,1
4148,-0.257794996457327,1,1,1,0,0,0,1,0,1,1,0,0,0,1,1,1,0,1,1,0,0,0,0,1,1,0,0,0,0,1
4149,2.19778167740432,1,1,1,1,1,1,1,1,1,1,1,1,1,1,1,1,1,1,1,1,1,1,1,1,1,1,1,1,1,1
4150,0.377723131140632,0,0,1,0,0,0,1,0,1,1,0,1,0,1,1,1,0,1,1,0,0,0,0,1,1,0,0,0,1,1
4151,-1.00298547175107,0,0,1,0,0,0,0,0,1,1,0,0,0,1,0,0,0,0,1,0,0,0,0,0,1,0,0,0,0,0
4152,1.40560260709789,1,1,1,0,0,1,1,1,1,1,0,1,1,1,1,1,0,1,1,1,0,0,0,1,1,1,1,1,1,1
4153,0.213896594607859,1,0,1,0,0,1,0,0,0,1,0,0,0,1,1,1,0,0,1,1,0,0,0,1,1,0,1,1,0,1
4154,0.195239523004407,1,0,0,0,0,1,0,0,1,1,0,0,0,1,1,1,0,1,1,0,0,0,0,1,0,0,0,1,1,1
4155,0.203351685651026,1,0,1,0,0,1,1,0,1,1,0,0,0,1,1,1,0,1,1,1,0,0,0,1,1,0,0,0,0,1
4156,0.392938615610582,1,0,1,0,0,0,0,0,1,1,0,1,1,1,1,1,0,0,0,0,0,1,0,1,1,0,0,0,1,1
4157,-2.19736547360434,0,0,0,0,0,0,0,0,0,0,0,0,0,0,1,0,0,0,1,0,0,0,0,0,0,0,0,0,0,0
4158,2.5892904162459,1,1,1,1,1,1,1,1,1,1,1,1,1,1,1,1,1,1,1,1,1,1,0,1,1,1,1,1,1,1
4159,0.209159302933757,1,0,1,0,0,1,0,0,1,1,0,1,1,1,1,0,0,1,1,0,1,0,0,1,1,0,0,1,0,1
4160,1.47099521071535,1,1,1,0,0,1,1,1,1,1,1,0,1,1,1,1,1,0,1,1,0,0,1,1,1,0,0,1,1,1
4161,0.314145517462322,1,1,1,0,0,1,1,0,1,1,0,1,0,1,1,1,1,0,1,0,0,0,0,1,1,0,0,0,1,1
4162,0.232757650076505,1,0,1,0,0,1,0,0,1,1,0,1,1,1,1,1,0,1,1,0,0,0,0,1,1,0,0,1,1,1
4163,-0.169450636109354,1,0,1,1,0,1,0,0,1,1,0,1,0,1,1,1,0,1,1,0,0,0,0,1,1,0,0,0,0,1
4164,-0.643143317757164,1,0,0,0,0,1,0,0,1,1,0,0,0,1,1,1,0,1,1,0,0,0,0,1,1,0,0,1,0,1
4165,-0.962175885325465,0,0,0,0,0,0,0,0,1,0,0,0,1,1,1,1,0,0,0,0,0,0,0,1,1,0,0,1,0,1
4166,-0.261009072320102,1,0,0,0,0,1,0,0,0,1,0,1,0,1,1,1,0,0,1,1,0,0,0,0,1,0,0,0,0,1
4167,1.65042627181128,1,1,1,1,1,1,1,1,1,1,1,0,1,1,1,1,0,0,1,1,0,1,1,1,1,1,1,1,0,1
4168,-0.422991691875483,1,0,1,0,0,1,1,0,1,1,0,0,0,1,1,1,0,0,1,0,0,0,0,0,1,0,0,0,0,0
4169,-0.807280208566345,1,0,0,0,0,0,0,0,0,1,0,1,0,1,1,1,0,0,1,0,0,0,0,1,0,0,0,0,0,1
4170,0.202024478341573,1,0,1,0,0,1,1,0,1,1,0,0,0,1,1,1,0,1,0,0,0,0,0,1,1,0,0,0,0,1
4171,0.252001121683246,1,0,1,0,0,1,1,1,1,1,0,0,0,1,1,1,0,1,1,0,0,0,0,1,1,0,0,1,1,1
4172,-1.50674208872791,0,0,0,0,0,0,1,0,0,1,0,0,0,1,1,0,0,0,0,0,0,0,0,0,1,0,0,0,0,0
4173,-1.01771934040759,0,1,1,0,0,1,0,0,1,1,0,0,0,1,1,0,0,1,0,0,0,0,0,1,0,0,0,0,0,1
4174,2.8142154545171,1,1,1,1,1,1,1,1,1,1,1,1,1,1,1,1,1,1,1,1,1,1,1,1,1,1,1,1,1,1
4175,0.818314411587695,1,1,1,0,0,1,1,0,0,1,1,1,0,1,1,1,0,1,1,1,0,0,0,1,1,0,0,1,0,1
4176,-1.32808404053006,0,0,0,0,0,1,0,0,0,1,0,0,0,1,0,0,0,0,1,0,0,0,0,0,0,0,0,1,0,1
4177,-1.78903167496889,0,0,0,0,0,0,0,0,0,0,0,0,0,0,1,0,0,0,0,0,0,0,0,0,1,0,0,0,0,0
4178,0.683091661651371,1,0,1,0,1,0,1,0,0,1,0,1,0,1,1,1,0,0,1,0,0,0,0,1,1,0,0,1,1,1
4179,1.44490728747809,1,1,1,1,0,0,0,1,1,1,1,1,0,1,1,1,0,1,1,1,0,1,0,1,1,0,1,1,0,1
4180,0.180094753345495,1,0,1,0,0,1,0,0,1,1,0,1,1,1,1,1,0,1,1,0,0,1,0,1,1,0,0,1,1,1
4181,-0.0922482093117242,0,0,0,0,0,1,1,0,1,1,0,1,1,1,1,1,0,0,1,1,0,0,0,1,1,0,0,0,0,1
4182,-0.749686295460599,0,0,1,0,0,1,0,0,1,0,0,0,0,1,1,1,0,0,1,0,0,0,1,0,1,0,0,0,1,1
4183,-0.57725002238766,1,0,0,0,0,1,0,0,0,1,0,0,0,1,1,0,0,0,1,0,0,0,0,1,0,0,0,0,1,1
4184,0.715718944946752,1,0,1,1,0,1,1,0,1,1,1,0,0,1,1,0,0,1,1,0,0,0,0,1,1,0,0,1,1,1
4185,-0.258631860552338,1,0,1,0,0,0,1,0,0,1,0,0,0,1,1,0,0,1,1,0,0,0,0,0,1,0,0,1,0,1
4186,-0.138563543285481,1,0,0,0,0,1,1,0,1,1,0,0,0,1,1,1,0,1,1,0,0,0,0,1,1,0,0,1,0,1
4187,-2.67598001478349,0,0,0,0,0,0,0,0,0,0,0,0,0,1,0,0,0,0,0,0,0,0,0,0,0,0,0,1,0,0
4188,-0.322781544084509,0,1,1,0,0,1,0,0,1,1,0,0,0,1,1,1,0,0,1,0,0,1,0,1,1,0,0,1,0,1
4189,0.426454830074515,0,0,1,0,0,1,0,0,1,1,0,1,0,1,1,1,0,1,0,1,0,1,0,1,1,0,0,1,0,1
4190,-0.685419450809783,1,0,0,0,0,0,1,0,1,1,0,1,0,1,1,1,0,1,1,0,0,0,0,1,0,0,0,0,0,1
4191,-0.101035858036343,1,0,0,0,0,0,1,0,1,1,0,1,1,1,1,1,0,1,1,0,1,0,0,1,1,0,0,0,0,0
4192,-1.41418340627505,0,0,0,0,0,1,0,0,1,0,0,0,0,1,0,0,0,0,1,0,0,0,0,1,0,0,0,1,0,1
4193,0.467634206331231,1,1,1,0,1,1,1,0,1,1,0,0,1,1,1,1,0,0,1,0,0,0,0,1,1,0,1,0,0,1
4194,0.12234395488904,1,0,1,0,0,1,1,0,0,1,0,1,0,1,1,1,0,0,1,1,0,0,1,1,1,0,0,1,0,1
4195,-0.0224321158864374,1,1,1,0,0,0,0,0,1,1,0,1,0,1,1,1,0,0,1,0,0,0,0,1,1,0,0,1,0,1
4196,-0.0591302175197676,1,0,1,0,0,0,1,0,0,1,0,0,1,1,1,0,0,1,1,0,0,0,0,1,1,0,0,0,0,1
4197,-0.424595807082529,1,0,0,0,0,0,1,0,0,1,0,0,1,1,1,1,0,0,1,0,0,0,1,1,1,0,0,1,0,1
4198,-0.936946750635867,1,0,0,0,0,1,1,0,0,1,0,0,0,1,1,1,0,1,1,0,0,0,0,1,0,0,0,1,0,0
4199,1.25996172850138,1,1,1,1,0,1,1,0,1,1,1,1,1,1,1,1,0,1,1,1,0,1,1,1,1,0,0,1,1,1
4200,-1.22608881685219,0,0,0,0,0,1,1,0,0,1,0,0,0,1,0,1,0,1,0,0,0,0,0,0,0,0,0,1,1,1
4201,-0.676541806325265,1,0,1,0,0,0,1,0,1,1,0,1,0,1,1,1,0,0,1,0,0,0,0,0,1,0,0,0,0,0
4202,-0.692072034605045,1,0,0,0,0,1,0,0,1,0,0,0,0,1,1,1,0,0,1,0,0,0,0,0,0,0,0,1,0,1
4203,-0.115978909119775,1,0,1,0,0,1,1,0,0,1,0,0,1,1,1,1,0,0,1,1,0,0,0,1,1,0,0,1,0,1
4204,0.978429133410288,1,0,1,0,0,1,1,0,1,1,0,1,1,1,1,1,1,1,1,0,0,1,0,1,1,0,0,1,1,1
4205,1.31310685900224,1,1,1,0,0,1,1,0,0,1,0,1,0,1,1,1,0,1,1,0,1,1,0,1,1,0,0,1,0,1
4206,-0.362013092332035,1,0,1,0,0,1,1,0,1,1,0,0,0,1,1,0,0,1,1,0,0,0,0,1,1,0,0,1,1,1
4207,0.0643452043648542,1,0,1,0,1,1,0,0,1,1,0,0,0,1,1,0,0,0,1,0,0,0,1,1,1,0,0,0,0,1
4208,1.56578080125009,1,1,1,0,1,1,1,1,1,1,0,0,1,1,1,1,0,1,1,1,0,0,1,1,1,1,1,1,1,1
4209,0.0979409257680595,1,0,0,0,0,0,1,0,1,1,0,0,0,1,1,1,0,0,1,0,0,0,0,1,1,0,0,1,1,0
4210,1.75849519756548,1,1,1,0,0,1,1,1,1,1,1,1,1,1,1,1,0,1,1,1,0,1,1,1,1,0,1,1,1,1
4211,-0.516651960350795,0,0,1,0,0,0,0,0,1,1,0,0,0,1,1,0,0,1,0,0,0,0,0,1,1,0,0,0,0,0
4212,0.0464865931197506,1,0,1,0,0,1,0,0,1,1,0,1,0,1,1,1,0,1,1,0,0,0,0,1,1,0,0,0,1,1
4213,0.0348054011078415,1,0,1,0,0,1,1,0,0,1,0,1,0,1,1,1,0,1,1,0,0,0,0,1,1,0,0,0,1,1
4214,-0.476087291036979,1,1,1,0,0,1,1,0,0,1,0,0,0,1,1,0,0,0,1,0,0,0,0,1,1,0,0,1,1,1
4215,-1.44934959595479,1,0,0,0,0,0,0,0,1,1,0,1,0,1,0,0,0,0,0,0,0,0,0,0,0,0,0,0,0,0
4216,-2.17775021857506,0,0,0,0,0,0,0,0,0,0,0,0,0,0,0,0,0,0,0,0,0,0,0,0,0,0,0,0,0,0
4217,-1.08080616549573,0,0,1,0,0,0,1,0,0,0,0,0,0,1,1,0,0,0,1,0,0,0,0,0,1,0,0,0,0,1
4218,2.54804361524529,1,1,1,1,1,1,1,0,1,1,0,1,0,1,1,1,1,1,1,1,1,1,1,1,1,1,1,1,1,1
4219,-0.742487156828655,0,0,1,0,0,0,1,0,0,1,0,0,0,1,1,1,0,0,0,0,0,0,0,1,0,0,0,1,0,0
4220,-1.1878711832814,0,0,1,0,0,0,0,0,1,1,0,0,0,1,0,1,0,0,0,0,0,0,0,0,0,0,0,1,0,0
4221,0.416956130336259,1,1,1,0,0,1,1,0,1,1,0,0,1,1,1,1,0,0,1,0,0,0,1,1,1,0,0,1,0,1
4222,1.16845242002776,1,0,1,1,0,1,0,1,1,1,1,1,0,1,1,1,0,0,1,0,0,0,0,0,1,1,1,1,1,1
4223,0.0799476347925214,1,0,1,0,0,1,0,0,0,1,0,0,0,1,1,1,0,1,1,1,0,0,0,1,1,0,0,1,0,1
4224,-0.0972950059558031,1,0,0,0,0,1,1,0,1,1,0,1,0,1,1,1,0,1,1,0,0,0,1,0,0,0,0,1,1,1
4225,-0.322870803969357,1,0,0,0,0,0,1,0,0,1,0,0,0,1,1,1,0,1,1,1,0,0,0,1,1,0,0,0,0,1
4226,-0.580833939333729,1,0,1,0,0,1,1,0,0,1,0,0,0,1,1,1,0,1,1,0,0,0,0,1,1,0,0,1,0,0
4227,0.00656420208936764,1,0,1,0,0,1,0,0,0,1,0,0,0,1,1,1,0,1,1,0,0,0,0,1,1,0,0,1,0,1
4228,-0.807079385946745,1,0,1,0,0,1,0,0,0,0,0,0,0,1,0,1,0,0,1,1,0,0,0,0,0,0,0,0,0,1
4229,0.129389467516253,1,0,0,0,0,0,1,0,1,1,0,0,1,1,1,1,0,0,1,0,0,0,0,1,1,0,0,0,0,1
4230,-0.565766898059528,0,0,1,0,0,0,1,0,0,1,0,0,0,1,0,0,0,0,1,0,0,0,0,1,1,0,0,0,0,0
4231,-0.0354173311960615,1,0,1,0,0,1,1,0,1,1,0,1,0,1,1,1,0,1,1,1,0,1,0,1,1,0,0,1,1,0
4232,-0.771386530048271,1,0,1,0,0,0,1,0,1,1,0,0,0,1,1,1,0,1,0,0,0,0,0,0,0,0,0,0,0,1
4233,1.70204825638029,1,1,1,1,1,1,1,1,1,1,1,1,1,1,1,1,0,1,1,1,1,1,1,1,1,0,0,1,1,1
4234,-0.38137940529698,0,1,1,0,0,0,1,0,1,0,0,0,0,1,1,1,0,0,1,0,0,0,0,1,1,0,0,1,1,1
4235,1.18910776542754,1,0,1,1,0,1,1,0,1,1,1,1,1,1,1,1,0,0,1,1,1,0,0,1,1,0,0,1,1,1
4236,-1.09016651300337,0,0,0,0,0,0,0,0,0,1,0,0,1,1,1,0,0,0,0,0,0,0,0,0,1,0,0,0,0,1
4237,0.437566063294923,1,1,1,0,0,1,1,0,1,1,0,1,0,1,1,1,0,1,1,0,0,0,0,1,1,0,0,1,1,1
4238,2.02934455882054,1,1,1,1,1,1,0,1,1,1,1,1,1,1,1,1,1,1,1,1,0,1,1,1,1,0,1,1,0,1
4239,1.44351809462176,1,1,1,1,0,0,1,1,1,1,0,1,1,1,1,1,0,1,1,1,1,1,1,1,1,0,1,0,1,1
4240,0.0143662892434776,1,0,1,0,0,1,1,0,1,1,0,0,0,1,1,0,0,0,1,0,0,0,0,0,1,0,0,1,1,0
4241,-0.602153604730973,0,0,1,0,0,1,0,0,0,1,0,1,0,1,1,0,0,0,0,1,0,0,0,0,1,0,0,0,1,1
4242,-0.124464867409072,1,0,1,0,0,1,1,0,1,1,0,1,0,1,1,1,0,1,1,0,0,0,0,1,1,0,0,1,1,1
4243,-0.698307378352693,0,0,0,0,0,0,0,0,0,1,0,0,0,1,0,0,0,1,1,0,0,0,0,1,1,0,0,0,0,1
4244,0.397154832831104,1,1,1,0,0,1,1,0,1,1,0,1,1,1,1,1,0,1,1,0,0,0,0,1,1,0,0,1,0,1
4245,0.201838314498549,1,0,1,0,0,0,1,0,1,1,0,1,0,1,1,1,0,0,1,0,0,0,0,1,1,0,0,0,0,1
4246,-0.314566572550721,1,0,0,0,0,0,1,0,0,1,0,1,0,1,1,1,0,0,1,0,0,0,0,1,1,0,0,0,0,1
4247,0.0823902365956744,1,0,0,0,0,0,1,0,1,1,0,1,0,1,1,1,0,0,1,1,0,0,0,1,1,0,0,0,1,1
4248,-1.35701255220879,1,0,1,0,0,1,1,0,0,1,0,0,0,1,0,0,0,0,0,0,0,0,0,1,0,0,0,0,0,0
4249,1.99091518888351,1,1,1,1,1,1,1,1,1,1,1,1,1,1,1,1,1,0,1,0,1,0,1,1,1,0,1,1,1,1
4250,-1.71357294303725,0,0,0,0,0,0,0,0,0,0,0,0,0,1,0,0,0,0,0,0,0,0,0,0,1,0,0,0,0,0
4251,0.751085775191983,1,1,1,0,0,1,1,0,1,1,0,1,1,1,1,1,0,1,1,1,0,0,0,1,1,0,0,1,0,1
4252,0.189878205661928,1,0,1,0,0,1,1,0,1,1,0,0,0,1,1,1,0,0,1,0,0,1,0,1,1,0,0,1,0,1
4253,-1.01305985233704,0,0,0,0,0,0,0,0,0,1,0,0,0,1,1,0,0,0,0,0,0,0,0,0,0,0,0,0,0,1
4254,0.751293086110971,1,1,1,0,0,1,1,1,1,1,0,1,1,1,1,1,0,1,1,0,0,1,1,1,1,0,0,1,1,0
4255,-0.172129506326719,1,0,1,0,0,1,1,1,1,1,0,1,0,1,1,1,0,1,1,0,0,0,0,0,1,0,1,0,0,1
4256,-2.07222012392705,0,0,1,0,0,0,0,0,0,0,0,0,0,1,1,0,0,0,0,0,0,0,0,0,0,0,0,0,0,0
4257,0.0194311360990866,1,0,1,0,0,1,0,1,1,1,0,0,1,1,1,1,0,1,1,0,0,0,0,1,1,0,0,0,0,1
4258,-0.519448921706218,1,0,1,0,0,0,0,0,1,1,0,0,0,1,1,1,0,1,1,0,0,0,0,1,1,0,0,1,0,0
4259,-0.820665717358326,1,0,0,0,0,0,1,0,0,1,0,0,0,1,1,0,0,1,1,0,0,0,0,0,0,0,0,1,1,0
4260,0.467625886198804,1,1,1,0,1,1,1,0,0,1,0,1,0,1,1,0,0,0,1,0,0,0,1,0,1,0,0,1,0,1
4261,0.198534555327457,1,0,1,0,0,0,1,0,1,1,0,0,1,1,1,1,0,0,1,1,0,0,0,1,1,0,0,1,1,1
4262,1.66905786239898,1,1,1,1,0,0,1,1,1,1,0,0,1,1,1,1,1,1,1,1,0,1,1,1,1,1,1,1,1,1
4263,1.37989096766462,1,0,1,0,0,1,1,1,0,1,1,1,1,1,1,1,0,1,1,1,0,0,0,1,1,1,1,1,1,1
4264,-1.68176802904537,1,0,0,0,0,0,0,0,1,0,0,0,0,0,0,0,0,0,0,0,0,0,0,0,0,0,0,0,0,0
4265,-0.559727427388789,1,1,1,0,0,1,1,0,1,1,0,0,0,1,1,1,0,1,1,0,0,0,0,1,1,0,0,0,0,1
4266,-0.0575681025483296,1,1,1,0,0,1,1,0,1,1,0,0,0,1,1,1,0,1,1,0,0,0,0,1,1,0,0,0,0,1
4267,-0.342701421270842,1,1,1,0,0,0,1,0,0,1,0,0,1,1,1,0,0,1,0,0,0,0,0,1,1,0,0,1,1,0
4268,-0.491207254128896,0,1,1,0,0,1,1,0,0,1,0,0,0,1,1,0,0,0,1,0,0,0,0,1,1,0,0,0,0,1
4269,1.52970596890581,1,0,1,1,0,1,1,1,1,1,1,1,1,1,1,1,1,1,1,1,0,1,1,1,1,0,1,1,1,1
4270,0.782983771311125,1,1,1,0,0,0,0,1,1,1,0,1,1,1,1,1,0,1,1,0,0,0,1,1,1,0,0,1,1,1
4271,-0.0982971834084821,0,0,1,0,0,1,1,0,1,1,0,0,1,1,1,1,0,0,1,0,0,0,0,1,1,0,0,1,0,1
4272,-1.40019724429811,0,0,1,0,0,1,1,0,0,0,0,1,0,1,0,1,0,1,0,0,0,0,0,0,1,0,0,0,0,0
4273,0.306527432648722,1,1,1,0,0,1,1,0,1,1,0,0,0,1,1,0,0,1,1,0,0,0,0,1,1,0,1,1,1,1
4274,-0.715018108055259,1,0,0,0,0,1,0,0,0,1,0,1,1,1,0,1,0,0,1,0,0,0,0,0,0,0,0,0,1,1
4275,1.8239105078831,1,1,1,0,1,1,0,0,1,1,1,1,1,1,1,1,1,1,1,1,1,1,1,1,1,0,1,1,1,1
4276,-0.414575658604716,1,1,0,0,0,1,0,0,1,0,0,1,0,1,1,0,0,1,1,0,0,0,0,1,1,0,0,1,0,1
4277,-0.556032160002534,1,0,1,0,0,0,0,0,1,1,0,0,1,1,1,0,0,0,1,0,0,0,0,0,1,0,0,0,0,0
4278,-0.847036275716765,0,0,1,0,0,1,0,0,0,1,0,0,0,1,1,0,0,0,1,0,0,0,0,1,0,0,0,1,1,1
4279,-0.33116666120478,1,0,0,0,0,1,0,0,0,1,0,0,0,1,1,1,0,1,1,0,0,0,0,1,1,0,0,1,0,0
4280,0.65676667015173,1,0,1,0,0,0,0,1,1,1,0,1,0,1,1,1,0,1,1,1,0,0,0,1,1,0,0,1,1,1
4281,0.327671767701058,1,0,1,0,0,1,0,0,1,1,0,0,0,1,1,1,0,0,1,1,0,0,0,0,1,0,0,1,0,1
4282,-0.336284351260894,1,0,1,0,0,0,1,0,1,1,0,0,1,1,1,1,0,0,1,0,0,0,0,0,1,0,0,1,1,1
4283,0.129133861071283,1,1,1,0,0,1,0,0,1,1,0,0,0,1,1,1,0,1,1,0,0,0,0,1,1,0,0,0,0,1
4284,-0.656278485297407,1,0,1,0,0,0,0,0,1,1,0,0,0,1,0,1,0,1,1,1,0,0,0,0,0,0,0,1,0,1
4285,-1.11146916963505,0,0,1,0,0,0,0,0,0,1,0,0,0,1,1,1,0,0,1,0,0,0,0,1,0,0,0,1,0,0
4286,0.865854294248091,1,1,1,0,0,0,1,1,0,1,0,1,1,1,1,1,0,0,1,0,0,1,0,1,1,0,1,1,1,1
4287,0.477891701603687,1,0,1,0,0,1,1,0,0,1,0,0,0,1,1,0,0,1,1,0,0,0,1,1,1,0,0,1,1,1
4288,-0.86615077504188,0,0,0,0,0,1,0,0,1,1,0,0,0,1,1,1,0,0,1,0,0,0,0,0,1,0,0,0,0,1
4289,0.148332287594865,0,0,1,0,0,1,1,0,1,1,0,1,0,1,1,1,0,1,1,0,0,0,0,1,1,0,0,1,1,1
4290,-0.465777892232579,1,0,1,0,0,0,1,1,0,1,0,1,0,1,1,1,0,0,1,0,0,0,0,1,0,0,0,1,1,0
4291,-1.74992047475468,0,0,0,0,0,0,0,0,0,0,0,0,0,0,0,0,0,1,0,0,0,0,0,0,0,0,0,0,0,0
4292,-1.14228201516092,0,0,0,0,0,0,1,0,0,1,0,0,0,1,1,0,0,0,1,0,0,0,0,0,1,0,0,0,0,0
4293,0.333070646369317,1,0,1,0,0,1,1,1,1,1,0,0,0,1,1,1,0,0,1,1,1,0,0,1,1,0,0,1,0,0
4294,2.09143703445074,1,1,1,1,1,1,1,1,1,1,1,1,1,1,1,1,1,1,1,1,0,1,1,1,1,0,1,1,1,1
4295,-0.736173339592059,1,0,1,0,0,0,0,0,0,1,0,0,0,1,0,1,0,1,1,1,0,0,0,1,1,0,0,1,0,0
4296,-1.69433655652589,0,0,1,0,0,1,1,0,0,0,0,0,0,1,1,1,0,1,0,0,0,0,0,0,1,0,0,1,0,0
4297,0.316158556961363,1,0,1,0,0,1,1,0,1,1,0,1,1,1,1,1,0,1,1,1,0,1,0,0,1,0,0,1,0,0
4298,-0.174055854971886,1,0,0,0,0,1,1,0,0,1,0,1,0,1,1,1,0,0,1,1,0,0,0,1,1,0,1,1,1,1
4299,-0.745919616654006,1,0,1,0,0,0,0,0,1,1,0,0,0,0,1,1,0,0,1,0,0,0,0,1,1,0,0,1,0,1
4300,-1.11253065383926,1,0,1,0,0,0,0,0,0,1,0,0,1,1,0,1,0,1,0,1,0,0,0,0,0,0,0,1,0,0
4301,-0.409572127130208,1,1,1,0,0,0,0,0,1,1,0,0,0,1,1,1,0,0,0,0,0,0,0,1,1,0,0,1,0,1
4302,-1.76586988908396,0,0,0,0,0,0,0,0,0,0,0,0,0,1,0,0,0,0,1,0,0,0,0,0,1,0,0,1,0,0
4303,-0.511416479287926,0,0,1,0,0,1,0,0,1,1,0,0,0,1,1,1,0,0,1,0,0,0,0,0,1,0,0,0,0,1
4304,1.55477356793951,1,0,1,0,0,1,1,1,1,1,1,1,0,1,1,1,0,1,1,1,1,1,1,1,1,1,1,1,0,1
4305,-1.89988277320127,0,0,0,0,0,0,0,0,1,0,0,0,0,0,0,0,0,0,0,0,0,0,0,0,0,0,0,0,0,0
4306,-0.204136772723719,1,0,1,0,0,0,1,0,0,1,0,0,1,1,0,1,0,0,1,0,0,0,0,0,1,0,0,1,0,1
4307,1.21994260414667,1,0,1,0,0,1,1,0,1,1,0,0,1,1,1,1,0,1,1,1,0,0,0,1,1,1,0,1,1,1
4308,-0.1957981192837,1,0,1,0,0,1,1,0,0,1,0,1,0,1,1,0,0,0,1,0,0,0,0,1,1,0,0,1,0,1
4309,1.24478699952553,1,1,1,1,1,1,1,1,1,1,0,0,1,1,1,1,0,0,1,0,0,1,1,1,1,0,1,1,1,1
4310,0.455247810694932,1,0,1,0,0,1,1,0,1,1,0,0,0,1,1,1,0,0,1,0,0,0,0,1,1,0,0,1,1,1
4311,0.669542607807736,1,0,1,0,0,1,1,0,1,1,0,1,0,1,1,1,0,1,1,1,0,0,0,1,1,0,1,1,1,1
4312,0.119685681780435,1,0,1,0,0,1,0,0,0,1,0,0,0,1,1,1,0,1,1,0,0,0,1,1,1,0,0,0,0,1
4313,-0.893434305429974,1,0,0,0,0,0,0,0,1,1,1,0,0,1,0,1,0,0,1,0,0,0,0,0,1,0,0,0,0,1
4314,1.3338094336019,1,1,1,1,0,1,1,1,1,1,0,1,1,1,1,1,1,1,1,1,1,0,1,1,1,0,1,1,1,1
4315,0.0614129795642879,1,0,1,0,0,0,1,0,1,1,0,0,0,1,1,0,0,1,1,0,0,0,0,1,1,0,0,1,1,0
4316,0.155033439277272,0,1,1,0,0,0,1,0,0,1,0,0,0,1,1,0,0,1,1,0,0,0,0,1,1,0,0,1,0,1
4317,0.743720077850754,1,0,1,0,0,1,0,0,1,1,0,1,1,1,1,1,0,1,1,0,0,0,0,1,1,0,0,1,1,1
4318,1.6814813183042,1,0,0,1,0,1,1,0,1,1,0,1,0,1,1,1,0,1,1,1,1,1,1,1,1,1,1,1,1,1
4319,0.313581029488402,1,1,1,0,0,1,1,0,0,1,0,1,0,1,1,1,0,0,1,0,0,0,0,1,1,0,1,1,0,1
4320,-1.93650416553535,0,0,0,0,0,0,0,0,0,0,0,0,0,0,0,0,0,0,1,1,0,0,0,0,0,0,0,0,0,0
4321,-1.3583692913221,1,0,0,0,0,0,0,0,0,1,0,0,0,0,0,0,0,0,0,0,0,0,0,1,0,0,0,0,0,0
4322,-1.5804751606918,0,0,0,0,0,0,1,0,1,1,0,0,0,1,0,0,0,1,0,0,0,0,0,0,0,0,0,0,1,0
4323,-0.211318419471847,1,0,1,0,0,0,0,0,0,1,0,1,0,1,1,1,0,1,1,0,0,0,0,1,1,0,0,1,0,1
4324,-0.289347604417835,1,0,1,0,0,0,1,0,0,1,0,1,0,1,1,1,0,0,1,0,0,0,0,1,1,0,0,1,1,1
4325,1.35182305450527,1,1,1,0,0,1,1,0,1,1,0,1,0,1,1,1,1,1,1,1,1,1,0,1,1,0,1,0,1,1
4326,0.788255071182416,1,1,1,1,0,1,1,0,1,1,0,0,1,1,1,1,0,1,1,1,0,1,1,0,1,0,0,1,1,1
4327,-0.0342798617171714,1,0,1,0,0,1,0,0,1,1,0,0,0,1,1,1,0,0,1,0,0,0,0,1,1,0,0,0,1,1
4328,0.163633845603549,1,1,1,0,0,1,0,0,0,1,0,0,0,1,1,1,0,1,1,0,0,0,0,1,1,0,0,1,0,1
4329,-0.555458575800766,1,0,0,0,0,0,1,0,1,1,0,0,1,1,1,1,0,1,1,0,0,0,0,1,1,0,0,0,0,1
4330,-1.81070571456861,1,0,1,0,0,0,0,0,1,1,0,0,0,1,0,0,0,0,1,0,0,0,0,0,0,0,0,0,0,0
4331,-1.24347281984152,1,0,0,0,0,0,1,0,1,1,0,1,0,1,0,0,0,1,1,0,0,0,0,0,0,0,1,0,0,0
4332,0.0872818988529624,0,1,1,0,0,0,1,0,1,1,0,0,0,1,1,0,0,0,1,1,0,0,0,1,1,0,0,1,0,1
4333,-0.62772296797962,1,0,1,0,0,0,1,0,0,1,0,0,0,1,0,0,0,1,1,0,0,0,0,0,1,0,0,0,0,0
4334,0.493073428263543,1,0,1,0,1,0,1,0,1,1,1,0,0,1,1,1,0,0,1,0,0,0,1,1,1,0,0,1,0,1
4335,0.163843052575523,1,0,1,0,0,1,1,0,0,1,0,0,0,1,1,1,0,1,1,0,0,0,0,1,1,0,0,1,0,1
4336,-0.260042093477196,1,0,1,0,0,0,1,0,0,1,0,1,0,0,1,1,0,0,1,0,0,0,0,1,0,0,0,1,1,1
4337,-0.654261040999825,1,0,1,0,0,1,1,0,0,1,0,0,0,1,1,1,0,0,0,0,0,0,0,1,1,0,0,0,0,1
4338,-1.3067836877099,0,0,1,0,0,0,0,0,0,0,0,0,0,1,1,0,0,1,0,1,0,0,0,0,0,0,0,0,0,0
4339,0.305950774282452,1,1,1,1,0,1,0,0,1,1,0,0,0,1,1,0,0,0,1,1,1,0,0,1,1,0,0,0,0,1
4340,-0.840499321093222,1,0,1,0,0,0,0,0,1,1,0,0,0,1,1,0,0,0,1,1,0,0,0,0,0,0,0,0,0,0
4341,-0.64940207435804,1,0,1,0,0,1,1,0,0,1,0,0,0,1,0,0,0,0,1,0,0,0,0,0,0,0,0,0,1,0
4342,1.0887651978707,1,1,1,0,0,0,1,0,1,1,0,0,1,1,1,1,0,1,1,1,0,0,0,1,1,0,1,1,1,1
4343,-1.84192284955808,1,0,0,0,0,0,0,0,1,0,0,0,0,0,1,0,0,0,1,0,0,0,0,0,0,0,0,0,0,0
4344,0.258254711642093,0,0,1,0,0,1,1,0,1,1,0,1,0,1,1,0,0,1,1,1,0,0,0,1,1,0,1,0,1,1
4345,2.53830611277371,1,1,1,1,1,1,1,1,1,1,0,1,1,1,1,1,1,0,1,1,1,1,1,1,1,1,1,1,1,1
4346,0.249667176425444,0,0,1,0,0,1,1,0,1,1,0,0,1,1,1,1,0,1,1,0,0,0,0,1,1,0,0,0,0,1
4347,-0.345290649430937,1,0,1,0,0,0,1,0,1,1,0,0,1,1,1,1,0,0,1,0,0,0,0,1,1,0,0,1,0,1
4348,0.339467250238803,0,1,1,0,0,1,0,0,1,1,0,1,1,1,1,0,0,0,1,0,0,0,0,1,1,0,0,1,0,1
4349,0.10111072765032,1,1,1,0,0,1,0,0,0,1,0,0,0,1,1,1,0,0,1,0,0,0,0,1,1,0,0,1,0,1
4350,-0.367963391100813,1,0,1,0,0,1,1,0,1,1,0,0,0,1,1,0,0,0,0,0,0,0,0,1,1,0,0,0,0,0
4351,0.601225657122709,1,0,1,0,0,1,1,0,1,1,0,1,0,1,1,1,0,0,1,1,0,0,0,1,1,0,0,1,1,1
4352,0.792845336060753,1,0,1,0,0,0,1,0,1,1,1,1,1,1,1,1,0,1,1,1,0,1,0,1,1,0,0,0,0,1
4353,-0.303651219010605,1,0,1,0,0,0,1,0,1,1,1,0,0,1,1,1,0,1,1,0,0,0,1,1,1,0,0,0,0,1
4354,2.16661050225557,1,1,1,1,1,1,1,1,1,1,1,1,1,1,1,1,1,1,1,1,1,1,1,1,1,1,1,1,1,1
4355,-0.836590149212591,0,0,0,0,0,0,0,0,0,1,0,1,0,1,1,1,0,0,1,0,0,0,0,1,1,0,1,1,1,0
4356,-0.214189220090043,1,0,1,0,0,0,0,0,1,1,0,0,0,1,1,1,0,0,1,1,0,0,0,1,1,0,0,0,0,0
4357,-0.195095841232972,1,0,1,0,0,1,1,0,0,1,0,0,0,1,1,1,0,1,1,0,0,0,0,1,1,0,1,0,0,1
4358,1.18971233864799,1,1,1,1,0,1,1,0,0,1,1,0,0,1,1,1,0,1,1,1,0,0,0,1,1,0,0,1,1,1
4359,-0.140492765618038,1,1,1,0,0,0,0,0,0,1,0,0,0,1,1,1,0,0,1,0,0,0,0,1,1,0,0,0,1,1
4360,0.862054596023753,1,1,1,0,0,1,1,1,1,1,1,1,0,1,1,1,0,1,1,1,0,0,0,1,1,0,0,1,1,0
4361,-1.78630842131671,0,0,0,0,0,0,0,0,0,1,0,0,0,0,0,0,0,0,0,0,0,0,0,0,0,0,0,0,0,0
4362,-0.950612203814585,0,0,0,0,0,0,0,0,1,1,0,0,0,1,1,1,0,1,0,0,0,0,0,0,1,0,0,1,1,0
4363,-2.92517295872964,0,0,0,0,0,0,0,0,0,0,0,0,0,0,0,0,0,0,0,0,0,0,0,0,0,0,0,0,0,0
4364,-1.7898645522503,0,0,0,0,0,0,0,0,0,0,0,0,0,1,0,0,0,0,0,0,0,0,0,0,0,0,0,0,0,1
4365,-0.79948930551178,0,0,1,0,0,0,1,0,1,1,0,0,0,1,1,0,0,1,1,0,0,0,0,1,0,0,0,0,0,1
4366,0.849958480375329,1,1,1,0,0,0,1,1,1,1,0,1,1,1,1,1,0,1,1,1,0,0,1,1,1,0,1,1,1,1
4367,-1.1129932186492,0,0,0,0,0,0,0,0,0,0,0,1,0,1,0,0,0,0,1,0,0,0,0,1,0,0,0,0,0,1
4368,0.211800107202579,1,0,1,0,0,1,1,0,1,1,0,0,1,1,1,1,1,1,1,0,0,0,0,1,1,0,0,1,0,1
4369,-0.33905679127885,0,0,1,0,0,1,1,0,0,1,0,0,0,1,1,0,0,0,1,0,0,0,0,1,1,0,0,1,0,1
4370,-0.646167837172021,0,0,1,0,0,0,0,0,1,1,0,0,0,1,1,0,0,0,1,0,0,0,0,0,0,0,0,0,0,0
4371,2.40888179806961,1,1,1,1,1,1,1,1,1,1,0,1,1,1,1,1,1,1,1,1,0,1,1,1,1,1,1,1,1,1
4372,-1.53992081124351,0,0,0,0,0,0,0,0,0,1,0,0,0,1,0,0,0,0,1,0,0,0,0,0,0,0,0,1,0,0
4373,-0.115908367614357,0,0,1,0,0,1,1,0,1,1,0,0,0,1,1,0,0,1,1,0,0,1,0,1,1,0,1,1,0,0
4374,0.700795451537635,1,1,1,0,0,1,1,0,0,1,0,0,0,1,1,1,0,1,1,0,0,1,1,1,1,0,0,1,0,1
4375,-0.859380117312504,1,0,0,0,0,1,1,0,1,1,0,0,0,1,1,0,0,0,1,0,0,0,0,0,0,0,0,1,0,1
4376,-1.03460619294492,0,0,0,0,0,1,0,0,0,1,0,0,0,1,1,1,0,0,0,0,0,0,0,0,1,0,0,1,0,0
4377,2.29301617536356,1,1,1,1,1,1,0,1,1,1,1,1,1,1,1,1,1,1,1,1,1,1,1,1,1,1,1,1,1,1
4378,-0.993826101683326,1,0,0,0,0,0,1,0,0,1,0,0,0,1,1,0,0,0,1,0,0,0,0,1,1,0,0,0,0,0
4379,-1.10747626092384,0,0,1,0,0,1,0,0,0,0,0,0,0,1,1,0,0,1,0,0,0,0,0,0,1,0,0,1,0,1
4380,-0.666499550040982,1,0,1,0,0,0,1,0,1,1,0,0,0,1,1,1,0,0,1,0,0,0,0,1,0,0,0,0,0,1
4381,-0.113699749854515,1,0,1,0,0,1,1,0,0,1,0,1,0,1,1,1,0,1,1,0,0,0,0,1,1,0,0,0,0,1
4382,0.428952321411043,1,1,1,0,0,1,1,0,1,1,0,1,0,1,1,0,0,1,1,0,0,0,0,1,1,0,0,1,1,1
4383,-2.43427564203444,0,0,0,0,0,0,0,0,0,0,0,0,0,0,0,0,0,0,0,0,0,0,0,0,0,0,0,0,0,0
4384,1.16828479642097,1,0,1,0,0,1,1,0,1,1,0,1,1,1,1,1,1,1,1,1,0,1,1,1,1,0,0,1,0,1
4385,1.46490590922477,1,1,1,1,1,1,1,1,1,1,1,1,1,1,1,1,0,1,1,0,0,0,0,1,1,0,0,1,0,1
4386,0.0641834488659813,1,0,1,0,0,1,0,0,1,1,0,0,0,1,1,1,0,1,1,0,0,1,0,0,1,0,0,1,0,1
4387,0.889203545508441,1,1,1,0,0,1,0,0,1,1,0,0,0,1,1,1,1,0,1,1,0,1,1,1,1,0,0,1,1,1
4388,2.43361396894583,1,0,1,1,1,1,1,1,1,1,1,1,1,1,1,1,1,1,1,1,1,1,1,1,1,1,1,0,1,1
4389,1.17758512568401,1,1,1,0,1,1,1,0,1,1,0,1,1,1,1,1,0,0,1,0,0,1,0,1,1,0,0,1,1,1
4390,-1.43052047658815,0,0,0,0,0,0,0,0,0,1,0,0,0,1,1,1,0,0,0,0,0,0,0,0,0,0,0,0,0,0
4391,0.256928919474063,1,1,0,0,0,1,1,0,1,1,0,0,0,1,1,1,0,0,1,0,0,0,1,1,1,0,0,1,1,1
4392,-0.490437544177539,1,1,1,0,0,1,0,0,0,1,0,0,0,1,1,1,0,0,1,1,0,0,0,1,1,0,0,0,0,0
4393,-1.56506721086816,0,0,0,0,0,0,1,0,0,0,0,0,0,1,0,0,0,0,0,0,0,0,0,0,0,0,0,0,0,0
4394,0.0456291560781014,1,0,1,0,0,1,1,0,0,1,0,1,0,1,1,1,0,1,1,0,0,0,0,1,1,0,0,0,0,1
4395,-2.23010782484143,0,0,0,0,0,0,0,0,0,0,0,0,0,1,0,0,0,0,0,0,0,0,0,1,0,0,0,0,0,1
4396,0.499014325314077,1,1,1,0,0,1,1,0,1,1,0,1,0,1,1,1,1,1,1,1,0,0,0,1,1,0,0,1,0,1
4397,-0.384725625508282,1,0,0,0,0,1,1,0,0,1,0,1,1,1,1,1,0,1,1,1,0,0,0,0,1,0,0,0,0,0
4398,1.4714633489218,1,0,1,0,0,1,1,1,1,1,1,0,0,1,1,1,0,0,1,1,1,0,1,1,1,0,1,1,1,1
4399,1.71498154245751,1,1,1,1,1,1,1,1,1,1,1,1,1,1,1,1,1,1,1,1,1,0,1,1,1,1,1,1,1,1
4400,-0.651430372622184,1,0,1,0,0,0,1,0,1,1,0,0,0,1,1,1,0,0,1,0,0,0,0,1,0,0,0,1,0,1
4401,-0.525122700140487,1,0,1,0,0,1,1,0,1,1,0,1,1,1,1,1,0,0,0,0,0,0,0,1,1,0,0,0,1,1
4402,-0.282476191055601,1,0,1,0,0,0,1,0,0,1,0,0,0,1,1,1,0,0,1,0,0,0,0,1,1,0,0,1,0,1
4403,0.92432578891007,1,0,1,0,0,0,1,0,0,1,1,0,1,1,1,1,0,0,1,1,0,0,0,1,1,0,1,1,1,1
4404,-0.0372060548957642,1,0,0,0,0,1,0,0,1,1,0,1,0,1,1,1,0,0,1,0,0,0,0,1,0,0,0,0,0,1
4405,-1.28493511770948,0,0,0,0,0,0,0,0,0,1,0,0,0,1,0,0,0,0,1,0,0,0,0,0,0,0,0,0,0,1
4406,0.522280325071689,1,1,1,0,0,1,1,0,1,1,0,0,1,1,1,1,0,1,1,0,0,0,0,0,1,0,1,0,1,1
4407,-0.481173569710715,1,0,1,0,0,1,0,0,0,1,0,0,0,1,1,1,0,1,0,0,0,0,0,1,1,0,0,0,0,0
4408,-0.928188242869773,0,0,0,0,0,1,0,0,1,1,0,0,0,1,1,0,0,0,1,0,0,0,0,0,1,0,0,0,0,0
4409,0.837107327450702,1,1,1,0,1,1,1,0,1,1,0,0,1,1,1,1,0,1,1,0,0,0,1,1,1,0,1,1,1,1
4410,0.0621041502520856,1,0,1,0,0,1,1,0,1,1,0,0,1,1,1,1,0,1,1,1,0,0,0,1,1,0,0,1,0,1
4411,-0.0870608171733406,1,0,1,0,0,0,0,0,1,1,0,1,0,1,1,1,0,1,1,0,0,0,0,1,1,0,0,1,0,1
4412,0.905435850045169,1,1,1,1,1,0,1,0,1,1,0,1,0,1,1,1,0,1,1,1,0,1,1,1,1,0,1,1,0,1
4413,-0.159481604703684,0,0,1,0,0,1,0,0,0,1,0,1,0,0,1,1,0,1,1,1,0,0,0,1,1,0,0,1,0,1
4414,-0.00242134175528357,1,0,1,0,0,1,1,0,1,1,0,0,0,1,1,0,0,1,1,0,0,0,0,1,1,0,0,0,0,1
4415,0.86268580575658,1,0,1,0,0,1,1,0,1,1,0,1,0,1,1,1,0,0,1,1,0,0,0,1,1,0,1,1,1,1
4416,-0.0581560492085399,1,0,1,0,0,0,0,0,0,1,0,0,0,1,1,0,0,0,1,0,0,0,0,1,1,0,0,1,1,1
4417,-1.62843604676262,0,0,0,0,0,0,0,0,0,1,0,1,0,1,0,0,0,0,0,0,0,0,0,0,0,0,0,1,0,0
4418,-1.45605780206767,0,0,0,0,0,0,0,0,0,0,0,0,0,1,1,0,0,0,0,0,0,0,0,0,0,0,0,0,0,1
4419,-0.345444745775822,1,0,0,0,0,0,0,0,0,1,0,0,0,1,1,1,0,1,1,0,0,0,0,1,0,0,0,1,0,1
4420,0.164175275671853,1,1,0,0,0,1,0,0,1,1,0,0,0,1,1,1,0,1,1,0,0,0,0,1,1,0,1,1,1,1
4421,-1.05352753715254,0,0,0,0,0,0,0,0,1,1,0,0,0,1,1,1,0,1,0,0,0,0,0,0,0,0,0,0,0,1
4422,1.09451920423256,1,0,1,0,0,1,1,0,1,1,0,1,1,1,1,1,1,1,1,0,0,0,0,0,1,0,0,1,1,1
4423,0.463195467316756,1,0,1,0,0,1,1,0,1,1,0,0,1,1,1,1,0,0,1,0,0,1,0,1,1,0,1,1,0,1
4424,1.20482629901525,1,1,1,0,0,1,1,1,1,1,0,1,0,1,1,1,0,1,1,1,0,0,0,1,1,0,0,1,1,1
4425,0.367764282701966,1,0,1,0,0,1,1,0,1,1,0,0,0,1,1,1,0,1,0,1,0,0,0,1,0,0,1,1,0,1
4426,0.739441598163326,1,0,1,0,0,1,1,0,0,1,0,0,1,1,1,1,0,0,1,1,1,0,0,1,1,0,1,1,0,1
4427,0.164498929100678,1,0,1,0,0,1,1,0,0,1,0,1,1,1,1,1,0,1,1,0,0,0,0,1,1,0,1,0,0,1
4428,0.837309193392664,1,1,1,0,0,1,1,1,1,1,0,0,0,1,1,1,0,1,1,1,0,0,1,1,1,0,1,0,1,1
4429,-1.14219967158202,1,0,0,0,0,0,1,0,0,0,0,0,0,1,1,1,0,0,0,0,0,0,0,0,0,0,0,0,0,0
4430,-0.206816619971613,0,1,1,0,0,0,1,0,1,1,0,0,0,1,1,1,0,1,1,0,0,0,0,1,1,0,0,1,1,1
4431,-0.0198434534515667,1,0,0,0,0,0,1,0,1,1,0,1,1,1,1,0,0,1,1,0,0,0,0,1,1,0,0,1,1,1
4432,0.553256341509873,1,1,1,0,0,1,1,0,1,1,0,1,1,1,1,1,0,0,1,1,0,0,0,1,1,0,0,1,1,1
4433,-0.137861405842837,0,1,1,0,0,1,1,0,1,1,0,1,0,1,1,1,0,0,0,1,0,0,0,1,1,0,0,1,1,1
4434,-0.350472514815726,1,0,1,0,0,1,0,0,0,1,0,1,1,1,1,1,0,1,1,0,0,0,0,0,0,0,0,0,0,1
4435,1.70430061745464,1,1,1,1,0,1,1,1,1,1,1,1,1,1,1,1,1,1,1,0,1,0,1,1,1,1,1,1,1,1
4436,0.556170158274913,1,0,1,0,0,1,0,0,1,1,0,0,1,1,1,1,0,1,0,1,0,0,0,1,1,0,0,1,0,1
4437,-0.372221476477295,0,1,1,0,0,1,0,0,0,1,0,0,0,1,1,1,0,0,1,0,0,0,1,0,1,0,0,0,0,0
4438,-1.90498898507746,0,0,0,0,0,0,0,0,0,0,0,0,0,1,1,0,0,0,0,0,0,0,0,0,1,0,0,0,0,0
4439,-0.0925100312211094,1,0,1,0,0,1,1,0,1,1,0,0,0,1,1,1,0,1,1,0,0,0,0,1,0,0,0,1,0,1
4440,0.843124936423189,1,1,1,0,0,1,1,1,1,1,0,1,0,1,1,1,0,0,1,0,0,0,0,1,1,0,0,1,1,1
4441,-1.05252093986621,0,0,0,0,0,1,1,0,1,1,0,0,0,1,1,1,0,0,0,0,0,0,0,1,1,0,0,1,0,1
4442,0.369767479188662,1,1,1,0,0,1,0,0,0,1,1,1,0,1,1,1,0,1,1,1,0,0,0,1,1,0,0,1,0,1
4443,1.47256221973987,1,1,1,1,0,1,1,0,1,1,1,1,1,1,1,1,1,1,1,1,1,0,1,1,1,0,0,1,1,1
4444,1.63876277885294,1,1,1,0,0,1,1,1,1,1,0,1,1,1,1,0,1,1,1,1,1,1,0,1,1,0,1,1,1,1
4445,-1.77868708961527,0,0,0,0,0,1,1,0,0,0,0,0,0,1,0,0,0,1,0,0,0,0,0,0,0,0,0,1,0,0
4446,-0.400663791720187,1,1,1,0,0,1,0,0,1,1,0,0,1,1,1,1,0,1,1,0,0,0,0,1,1,0,0,0,1,1
4447,-1.06124165637789,1,0,0,0,0,0,0,0,1,1,0,0,0,1,1,0,0,1,0,0,0,0,0,0,0,0,0,0,0,1
4448,-1.18182430040159,1,0,1,0,0,0,0,0,0,1,0,0,0,1,1,1,0,1,1,0,0,0,0,0,0,0,0,1,0,1
4449,1.19581178033423,1,1,1,0,0,1,1,1,1,1,0,1,1,1,1,1,0,0,1,0,0,0,0,1,1,0,1,1,1,1
4450,0.767529612969028,1,1,1,0,0,1,1,0,1,1,0,1,1,1,1,1,1,1,1,0,0,1,0,1,1,0,0,1,1,1
4451,-1.04329144685386,1,1,1,0,0,0,0,0,1,1,0,0,0,1,1,1,0,1,0,0,0,0,0,1,1,0,0,1,0,0
4452,-1.35253533184243,1,0,0,0,0,0,0,0,0,1,0,1,0,1,0,0,0,0,0,0,0,0,0,1,1,0,0,0,0,0
4453,1.45676369441358,1,1,1,1,0,1,1,0,0,1,0,1,1,1,1,1,1,1,1,1,0,0,0,1,1,0,1,1,1,1
4454,-2.8102986964107,0,0,0,0,0,0,1,0,0,1,0,0,0,0,0,0,0,0,0,0,0,0,0,0,0,0,0,0,0,0
4455,1.95143290972913,1,1,1,1,1,1,1,1,1,1,1,1,1,1,1,1,0,1,1,1,1,1,1,1,1,1,0,1,0,1
4456,-0.736173339592059,1,0,1,0,0,0,0,0,1,1,0,0,1,1,1,0,0,1,0,0,0,0,0,1,1,0,0,1,0,0
4457,-1.1039784799759,0,1,1,0,0,0,0,0,0,1,0,0,0,1,1,0,0,0,0,0,0,0,0,0,1,0,0,1,0,0
4458,-0.824210150883555,0,0,1,0,0,1,1,0,0,1,0,0,0,1,1,1,0,0,1,0,0,0,0,0,1,0,0,1,0,1
4459,0.155401018905001,1,0,0,0,0,0,1,1,0,1,0,0,1,1,1,1,0,1,1,1,0,0,0,1,1,0,0,1,1,1
4460,-0.847392224467873,1,0,0,0,0,0,0,0,1,1,0,0,0,1,0,1,0,1,1,0,0,0,0,0,1,0,0,1,0,1
4461,-0.220537763474749,1,0,1,0,0,0,1,0,1,1,0,0,1,1,1,1,0,0,1,0,0,0,0,1,1,0,0,1,0,1
4462,1.23281638092166,1,1,1,1,0,1,1,0,0,1,0,0,1,1,1,1,0,1,1,0,0,1,0,1,1,0,1,1,1,1
4463,0.457375205395584,1,1,1,0,0,1,1,0,1,1,0,0,0,1,1,0,0,1,1,0,0,0,0,1,1,0,0,0,1,1
4464,1.59990053575582,1,1,1,1,0,1,1,0,1,1,0,1,1,1,1,1,1,1,1,1,0,0,1,1,1,1,1,1,1,1
4465,-0.395559839440632,1,0,1,0,0,0,0,0,1,1,0,0,0,1,1,0,0,0,1,0,0,0,0,0,1,0,0,0,0,1
4466,0.517521000081983,1,1,1,0,0,0,1,0,0,1,0,1,1,1,1,1,0,1,1,1,0,0,1,1,1,0,0,0,0,1
4467,1.45016783549729,1,1,1,0,0,1,1,1,0,1,0,1,1,1,1,1,1,0,1,1,0,1,1,1,1,0,1,1,1,1
4468,-2.22840053033966,0,0,0,0,0,0,1,0,0,0,0,0,0,0,1,1,0,0,0,0,0,0,0,0,0,0,0,0,0,0
4469,-1.64001269564142,0,0,1,0,0,1,0,0,1,0,0,0,0,1,1,0,0,0,0,0,0,0,0,0,0,0,0,0,0,0
4470,-0.211840611772517,1,0,1,0,0,1,0,0,0,1,0,0,0,1,1,1,0,1,0,0,0,0,0,0,1,0,0,1,1,1
4471,-0.478905238108665,1,1,1,0,0,0,1,0,1,1,0,0,0,1,1,0,0,0,1,0,0,0,0,1,1,0,0,1,0,0
4472,0.905253158786561,1,1,1,0,0,1,1,0,1,1,0,1,1,1,1,1,0,0,1,0,0,0,1,1,1,0,1,1,1,1
4473,-0.113868428841781,1,0,1,0,0,0,0,0,0,1,0,1,0,1,1,1,0,0,1,1,0,0,0,1,1,0,0,1,1,1
4474,-0.764781237425389,0,0,1,0,0,1,0,0,0,1,0,0,0,1,1,0,0,0,0,0,0,0,0,1,1,0,0,0,0,1
4475,-0.692100535385844,1,0,0,0,0,0,0,0,1,1,0,1,0,1,1,1,0,1,1,0,0,0,0,0,0,0,0,1,0,1
4476,-0.587689774130417,1,0,1,0,0,1,1,0,0,0,0,1,0,1,1,0,0,0,0,0,0,0,0,1,1,0,0,1,0,0
4477,1.20034038526998,1,1,1,0,1,1,1,0,1,1,1,1,1,1,1,1,0,1,1,0,0,0,0,1,1,1,1,1,0,1
4478,-0.280036650181473,1,0,1,0,0,1,0,0,1,1,0,1,0,1,1,1,0,0,1,0,0,0,0,1,0,0,0,0,0,1
4479,-0.203556766270683,0,1,1,0,0,0,0,0,1,1,0,0,0,1,1,1,0,0,1,0,0,0,0,1,1,0,0,0,0,1
4480,0.929501151946562,1,1,1,1,0,1,1,0,1,1,0,1,1,1,1,1,0,1,1,0,0,1,1,1,1,0,0,1,0,1
4481,-0.66332335253926,1,0,1,0,0,1,0,0,1,1,0,0,0,1,0,0,0,1,1,0,0,0,0,0,1,0,0,0,0,1
4482,0.443198662410873,1,1,1,0,0,1,1,0,0,1,0,1,0,1,1,1,0,1,1,1,0,0,0,1,1,0,0,1,0,1
4483,1.46341089862917,1,1,1,0,1,1,1,0,0,1,1,1,1,1,1,1,0,1,1,1,0,0,1,1,1,0,0,1,1,1
4484,-0.754876359276391,0,0,0,0,0,1,0,0,0,1,0,0,0,1,1,1,0,1,1,0,0,0,0,1,1,0,0,0,0,1
4485,0.694732896545619,1,0,1,0,0,1,1,0,1,1,0,0,0,1,1,1,0,1,1,1,0,0,0,1,1,0,0,1,1,1
4486,-0.356005371891456,1,0,1,0,0,0,0,0,0,1,0,0,1,1,1,1,0,1,1,0,0,0,0,0,1,0,0,1,0,1
4487,-0.0433529607064985,1,1,1,0,0,0,1,0,1,1,0,0,0,1,1,1,0,1,1,0,0,0,0,0,0,0,0,0,0,1
4488,0.801981563059029,1,0,1,0,0,1,1,0,1,1,0,0,0,1,1,1,0,0,1,1,0,0,0,1,1,0,0,1,1,1
4489,-0.0560903788762687,0,1,1,0,0,0,0,0,1,1,0,0,1,1,1,0,0,1,1,0,0,0,1,1,1,0,0,1,0,1
4490,1.00770261013794,1,0,0,1,0,1,1,1,1,1,0,0,1,1,1,1,1,1,1,1,1,0,0,1,1,0,1,1,1,1
4491,0.268776111298958,1,1,1,0,0,1,0,0,1,1,0,0,0,1,1,1,0,1,1,0,1,0,0,1,1,0,0,1,0,1
4492,-0.037895064348719,0,0,1,0,0,1,0,0,1,1,0,0,1,1,1,0,0,1,1,0,0,0,0,1,1,0,0,0,0,1
4493,1.12421988479628,1,0,1,1,0,0,0,0,1,1,0,1,1,1,1,1,0,0,0,1,1,0,1,1,1,0,0,1,1,1
4494,1.45674390070919,1,1,1,1,1,1,0,1,1,1,0,0,1,1,1,1,1,0,1,0,0,1,1,1,1,0,1,1,1,1
4495,-0.412348976655249,1,0,1,0,0,1,0,0,0,1,0,1,0,1,0,1,0,1,0,1,0,0,0,0,1,0,0,1,0,0
4496,-0.452323346844537,1,0,1,0,0,0,0,0,0,1,0,0,0,1,1,0,0,1,1,0,0,0,0,0,1,0,0,1,1,1
4497,-1.2207045026692,0,0,1,0,0,0,0,0,1,0,0,0,0,1,1,0,0,0,1,0,0,0,0,0,1,0,0,0,0,0
4498,0.113461147880588,1,0,1,0,0,1,0,0,0,1,0,0,0,1,1,1,0,0,0,0,1,0,0,1,1,0,0,1,0,1
4499,0.15039240196069,1,1,1,1,0,0,0,0,1,1,0,0,0,1,1,1,0,0,0,0,0,0,1,1,1,0,0,1,0,1
4500,0.297964398009346,0,0,1,1,0,1,0,0,1,1,0,0,0,1,1,0,0,1,1,0,0,0,0,1,1,0,1,1,0,0
4501,0.138486699817278,1,0,1,0,0,1,1,0,1,1,0,1,0,1,1,1,0,1,1,0,0,0,0,1,1,0,0,1,0,1
4502,-1.29581404190141,0,1,0,0,0,0,0,0,0,1,0,0,0,1,0,1,0,1,0,0,0,0,0,0,0,0,0,0,0,0
4503,-0.496111767615375,1,0,0,0,1,1,1,0,1,1,0,0,0,1,1,0,0,0,1,1,0,0,0,1,1,0,0,0,0,1
4504,-0.758100282019426,1,0,0,0,0,0,0,0,1,1,0,0,0,1,0,1,0,0,1,0,0,0,0,0,0,0,0,0,0,1
4505,-0.860083186334319,0,1,0,0,0,0,0,0,0,1,0,0,0,1,1,1,0,1,1,0,0,0,0,0,1,0,0,0,1,1
4506,0.416954058170343,1,0,1,0,0,0,1,0,1,1,0,1,1,1,1,1,0,1,1,1,0,0,0,1,1,0,0,1,1,1
4507,0.0583312192521671,1,0,1,0,0,1,0,0,0,1,0,1,1,1,1,1,0,0,1,0,0,0,0,1,1,0,0,0,0,1
4508,-1.27437194404755,1,1,1,0,0,0,0,0,0,0,0,0,0,1,0,0,0,0,0,0,0,0,0,1,0,0,0,0,0,0
4509,-0.903607162582297,1,0,0,0,0,0,1,0,1,0,0,0,0,1,1,0,0,0,0,0,0,0,0,0,0,0,0,0,0,1
4510,-1.27025552663087,1,0,1,0,0,0,0,0,0,1,0,0,0,1,0,0,0,1,0,0,0,0,0,0,0,0,0,0,1,0
4511,0.171360388008769,1,0,1,0,0,1,0,0,0,1,0,0,1,1,1,1,0,1,1,1,0,0,0,1,1,0,0,0,1,1
4512,0.788255071182416,1,0,1,1,0,1,1,1,1,1,0,0,1,1,1,1,0,0,1,0,0,1,0,1,1,0,1,1,0,1
4513,-1.17264754860153,0,0,0,0,0,0,1,0,0,1,0,0,1,1,0,0,0,0,0,0,0,0,0,1,1,0,0,0,0,0
4514,-2.06638156375827,0,0,0,0,0,0,0,0,0,0,0,0,0,0,0,0,0,0,0,0,0,0,0,0,0,0,0,0,0,0
4515,-0.0372060548957642,0,0,1,0,0,1,0,0,1,1,0,1,0,1,1,1,0,0,0,1,0,0,0,0,1,0,0,0,0,1
4516,0.836385529344303,1,0,1,0,0,1,0,0,1,1,0,1,1,1,1,1,0,1,1,0,0,0,1,1,1,0,0,1,0,1
4517,0.235927601792766,1,0,1,0,0,1,1,0,1,1,0,0,1,1,1,1,1,0,1,0,0,0,0,1,1,0,0,1,0,1
4518,-0.384599619935354,1,1,1,0,0,0,0,0,0,1,0,0,0,1,1,1,0,0,1,0,0,0,0,0,1,0,0,1,0,1
4519,-1.14568966259936,0,0,0,0,0,0,1,0,0,0,0,0,0,1,1,0,0,0,0,0,0,0,0,0,1,0,0,0,0,0
4520,0.171610951251381,1,1,1,0,0,1,0,0,0,1,0,0,0,1,1,0,0,0,1,0,0,0,0,0,1,0,0,1,0,1
4521,0.0142217319711158,1,0,1,0,0,0,1,0,1,1,0,1,1,1,1,1,0,1,0,1,0,0,0,1,1,0,0,0,0,1
4522,0.325979984831732,1,0,1,0,0,1,1,0,0,1,0,1,0,1,1,1,1,1,0,0,0,0,0,0,1,0,0,0,0,0
4523,1.54074679834821,1,1,1,0,0,1,1,0,1,1,0,0,1,1,1,1,1,0,0,1,1,1,1,1,1,1,1,1,1,1
4524,0.870196748288301,0,1,1,0,0,1,0,1,1,1,0,0,1,1,1,1,0,1,1,1,0,1,0,1,1,0,0,1,0,1
4525,-1.21980806661063,0,0,1,0,0,0,0,0,1,0,0,0,0,1,1,1,0,0,1,1,0,0,0,0,0,0,0,1,0,1
4526,1.81384968697049,1,1,1,1,0,1,1,1,1,1,1,1,1,1,1,1,0,1,1,1,1,1,1,1,1,1,1,1,1,1
4527,0.0509570692175863,1,0,1,0,0,1,0,0,1,1,0,1,0,1,1,1,0,0,1,1,0,0,0,1,1,0,1,0,0,0
4528,1.36470435447007,1,1,1,0,0,1,1,1,1,1,0,1,1,1,1,1,1,1,1,1,1,0,0,1,1,0,1,1,1,1
4529,0.373028533000373,1,0,1,0,0,1,1,0,1,1,0,1,0,1,1,1,0,1,1,0,0,0,0,1,1,0,0,1,0,1
4530,-0.60600453553573,1,0,0,0,0,1,1,0,1,0,0,0,0,1,1,1,0,0,1,0,0,0,0,1,1,0,0,1,0,1
4531,0.877923112902478,1,0,1,0,1,1,1,0,1,1,0,1,1,1,1,1,0,1,1,1,0,0,1,1,1,0,1,1,0,1
4532,0.317333716086482,1,1,1,0,0,1,1,0,1,1,0,0,1,1,1,1,0,0,1,0,0,0,0,0,1,0,0,1,1,1
4533,0.182809089535603,1,1,1,0,0,1,1,0,0,1,0,0,0,1,1,1,0,0,1,0,0,0,1,0,1,0,0,1,0,1
4534,-0.279622002056112,0,0,1,0,0,1,0,1,1,1,0,0,0,1,1,0,0,0,1,0,0,0,0,0,1,0,0,1,0,1
4535,-1.32730893048643,1,0,1,0,0,0,0,0,0,1,0,0,0,1,1,1,0,0,1,0,0,0,0,0,0,0,0,1,0,1
4536,1.31408517575607,1,0,1,0,0,1,1,0,1,1,1,0,1,1,1,1,0,1,1,1,0,0,0,1,1,0,0,1,1,1
4537,-0.327753401142443,1,0,1,0,0,1,0,0,1,1,0,0,0,1,1,1,0,1,1,0,0,0,0,1,1,0,0,1,1,1
4538,-1.16439827074669,1,0,1,0,0,0,0,0,1,0,0,0,0,1,1,0,0,0,0,0,0,0,0,1,0,0,0,0,0,1
4539,0.258425982592234,1,0,0,0,0,0,0,0,1,1,0,0,0,1,1,0,0,1,1,0,0,1,0,1,1,0,0,1,0,1
4540,-1.75984898241607,1,0,1,0,0,1,0,0,0,0,0,0,0,0,0,0,0,0,0,0,0,0,0,0,0,0,0,0,0,0
4541,-0.563101768979264,1,0,0,0,0,0,1,0,1,1,0,0,0,1,1,1,0,1,1,0,0,1,0,0,1,0,0,0,1,1
4542,0.810365493014836,1,1,1,0,0,1,1,1,1,1,1,0,1,1,1,1,0,0,0,0,0,1,1,1,1,0,0,1,1,1
4543,1.6697769711965,1,1,1,1,0,1,0,0,1,1,0,1,1,1,1,0,1,1,1,1,1,1,1,1,1,0,1,1,1,1
4544,-0.15496528895881,1,0,1,0,0,0,1,0,0,1,0,0,0,1,1,1,0,1,1,0,0,0,0,1,1,0,0,1,0,1
4545,-1.11120552330553,0,0,1,0,0,0,1,0,0,1,0,0,0,1,0,0,0,1,1,0,0,0,0,0,1,0,0,0,0,1
4546,0.243673306955547,1,0,1,0,0,1,0,0,1,1,0,1,0,1,1,1,0,1,1,1,0,0,1,1,0,0,0,1,0,0
4547,0.0512392259707375,1,1,1,0,0,1,1,0,0,1,0,1,0,1,1,1,0,0,1,1,0,0,0,1,1,0,0,1,1,1
4548,-1.00735468344494,0,0,0,0,0,0,1,0,1,1,0,0,0,1,1,1,0,0,1,0,0,0,0,1,0,0,0,0,0,0
4549,0.192737758851478,1,0,1,0,0,1,1,0,0,1,0,0,1,1,1,1,0,1,1,0,0,0,0,1,1,0,0,0,1,1
4550,2.46590896801483,1,1,1,1,1,1,1,1,1,1,1,1,1,1,1,1,1,0,1,1,1,1,1,1,1,1,1,1,0,1
4551,1.94925936030535,1,1,1,1,1,1,1,1,1,1,1,1,1,1,1,1,1,0,1,0,0,1,0,1,1,1,0,1,0,1
4552,-0.531578311022219,1,0,1,0,0,1,1,0,1,1,0,0,0,1,1,1,0,1,1,0,0,0,0,1,1,0,0,1,0,1
4553,0.332942869771629,1,0,1,0,0,1,0,0,1,1,1,1,0,1,1,1,0,1,1,0,0,0,0,1,0,0,0,1,1,1
4554,0.297364684098229,1,0,1,0,0,1,1,0,0,1,0,1,0,1,1,1,0,0,1,0,0,0,0,0,1,0,0,0,1,0
4555,-0.639598019635626,0,0,1,0,0,0,0,0,1,1,0,0,0,1,1,0,0,0,1,0,0,0,0,0,1,0,0,1,0,1
4556,-0.55738412542391,1,0,1,0,0,0,0,0,0,1,0,0,1,1,1,0,0,0,1,0,0,0,0,1,1,0,0,0,0,1
4557,-0.0712243694994988,1,0,1,0,0,0,0,0,1,1,0,1,1,1,1,1,0,1,1,0,0,0,0,1,1,0,0,0,0,0
4558,-1.33495054402688,0,0,0,0,0,0,0,0,0,0,0,0,0,0,1,1,0,1,0,0,0,0,0,0,1,0,0,0,0,1
4559,-0.439993641134436,0,1,1,0,0,1,1,0,0,1,0,0,0,1,1,1,0,1,1,0,0,0,0,0,0,0,0,0,1,0
4560,-0.0922174433775844,1,0,1,0,0,1,0,0,1,1,0,1,1,1,1,1,0,0,1,0,0,0,0,0,1,0,0,1,0,1
4561,-0.0988260828503852,1,1,1,0,0,1,1,0,1,1,0,0,0,1,1,1,0,1,1,0,0,0,0,1,1,0,0,1,1,1
4562,-1.32700727889577,1,0,0,0,0,0,0,0,0,0,0,0,0,1,0,1,0,0,0,0,0,0,0,0,1,0,0,1,1,0
4563,-0.470124437877772,1,0,1,0,0,1,0,0,1,1,0,0,0,1,1,1,0,1,1,1,0,0,0,0,1,0,0,1,0,0
4564,0.592295266930888,1,1,1,0,0,1,1,1,1,1,0,1,1,1,1,1,0,0,1,0,0,0,1,1,1,0,0,1,0,1
4565,0.683408802586536,1,0,1,1,0,1,1,0,1,1,0,1,1,1,1,1,0,1,1,0,0,0,0,1,1,0,1,1,0,1
4566,1.10658940813398,1,0,1,1,1,1,1,0,1,1,0,0,1,1,1,1,0,1,1,0,0,0,1,1,1,0,0,1,1,1
4567,0.0249251199120556,1,0,1,0,0,1,1,0,0,1,0,0,0,1,1,1,0,1,1,0,0,0,0,0,0,0,0,1,0,1
4568,1.6205147696698,1,1,1,1,1,1,0,0,1,1,1,0,1,1,1,1,0,1,1,1,0,0,0,1,1,0,0,1,1,1
4569,1.48173888992803,1,1,1,0,1,1,1,1,0,1,0,1,1,1,1,1,0,1,1,1,1,1,0,1,1,0,1,1,0,1
4570,1.20966852158417,1,1,1,1,0,1,1,0,1,1,0,1,1,1,1,1,1,1,1,0,0,1,1,1,1,1,1,1,1,1
4571,-1.12762450104302,0,0,0,0,0,1,0,0,0,1,0,1,0,1,0,0,0,1,0,0,0,0,0,0,0,0,0,0,0,1
4572,-0.195466726756612,1,1,1,0,0,1,1,0,0,1,0,0,0,1,1,1,0,0,1,0,0,0,0,1,1,0,0,1,0,1
4573,-0.0598198207345673,1,1,1,0,0,1,1,0,1,1,0,0,0,1,1,1,0,0,1,0,0,0,0,1,1,0,0,0,0,1
4574,0.531805933420831,1,1,1,0,0,1,1,0,0,1,1,1,0,1,1,1,0,1,1,0,0,0,0,1,1,0,0,0,1,1
4575,0.599502084185162,1,0,1,0,0,1,1,0,0,1,1,1,0,1,1,1,0,1,1,0,0,0,1,1,1,0,1,1,0,1
4576,-2.03015527131415,0,0,0,0,0,0,0,0,0,0,0,0,0,0,1,0,0,0,0,0,0,0,0,0,0,0,0,1,0,0
4577,-0.0186279542450771,0,0,1,0,0,1,1,0,1,1,0,0,0,1,1,1,0,0,1,1,0,0,0,1,1,0,0,1,0,1
4578,-0.490769565146434,1,0,1,0,0,1,1,0,1,1,0,0,0,1,0,1,0,0,0,0,0,0,0,1,1,0,0,0,0,1
4579,-1.04386588599647,1,0,1,0,0,1,0,0,0,1,0,0,0,1,1,1,0,0,1,0,0,0,0,1,0,0,0,1,0,0
4580,-0.936882974344503,0,0,0,0,0,0,1,0,1,1,0,0,0,1,1,1,0,0,1,0,0,0,0,1,1,0,0,0,0,1
4581,0.982062587809922,1,1,1,1,0,1,1,1,1,1,1,0,0,1,1,1,0,1,1,1,0,0,1,1,1,0,1,1,0,0
4582,0.452524351608387,1,0,1,0,0,1,1,0,1,1,0,0,0,1,1,1,0,1,1,1,0,1,0,1,1,0,0,1,1,1
4583,0.124917863594702,1,0,1,0,0,0,1,0,1,1,0,1,1,1,1,1,1,1,1,1,0,0,0,0,1,0,0,1,1,1
4584,0.227912907716836,1,1,1,0,0,1,1,0,1,1,1,1,0,1,1,1,0,1,1,0,1,0,0,1,1,0,0,1,0,1
4585,0.295414437649681,1,1,1,0,0,1,1,0,1,1,0,1,1,1,1,1,0,0,1,0,0,0,0,1,1,0,0,1,0,1
4586,-1.11793055405579,0,0,0,0,0,0,1,0,0,1,0,0,0,0,1,0,0,0,1,0,0,0,0,0,0,0,0,1,0,1
4587,-0.824288897577791,0,0,0,0,0,0,1,0,1,1,0,0,0,1,0,1,0,0,1,0,0,0,0,0,0,0,0,0,0,1
4588,0.935491311477274,1,1,1,1,0,1,0,0,0,1,0,1,1,1,1,1,0,1,1,1,0,0,0,1,1,0,1,1,0,1
4589,1.15337872299021,1,1,1,0,1,1,1,1,1,1,0,1,1,1,1,0,1,1,1,1,0,1,0,1,1,0,0,1,0,1
4590,-1.18378760522998,0,0,1,0,0,0,1,0,1,0,0,0,0,1,1,0,0,0,0,0,0,0,0,0,1,0,0,0,0,0
4591,0.832862368734546,1,1,1,1,0,1,0,0,1,1,0,0,1,1,1,1,1,1,1,1,0,0,0,1,1,0,0,1,1,1
4592,1.35314244651165,1,1,1,1,0,1,0,1,1,1,0,1,0,1,1,1,1,1,1,1,0,1,1,1,1,0,1,0,1,1
4593,1.51351261923873,1,0,1,1,1,1,1,0,1,1,0,1,1,1,1,1,0,1,1,1,0,0,1,1,1,1,1,1,0,1
4594,1.00770659390976,1,1,1,0,0,1,0,1,1,1,0,0,1,1,1,1,1,1,1,1,0,0,1,1,1,0,1,1,0,1
4595,-0.176929419464117,1,0,1,0,0,1,1,0,1,1,0,0,0,1,1,1,0,0,1,0,0,0,1,0,1,0,0,1,0,1
4596,-0.256743073540968,1,0,1,0,0,0,1,0,0,1,0,0,0,1,1,1,0,0,0,0,0,0,0,1,1,0,0,0,0,0
4597,0.700064484198809,1,0,1,0,0,1,1,1,1,1,0,0,1,1,1,1,0,0,1,1,0,0,0,1,1,0,0,1,1,1
4598,0.0760131727878514,1,0,1,0,0,1,1,0,0,1,0,1,0,1,1,1,0,1,1,1,0,0,0,0,0,0,0,1,1,1
4599,-0.344943361795083,1,0,1,0,0,0,0,0,1,1,0,0,0,1,1,1,0,1,1,0,0,0,0,1,1,0,0,1,0,0
4600,-0.190314219004158,1,0,1,0,0,1,1,0,1,1,0,0,0,1,1,1,0,1,0,0,0,0,0,1,1,0,0,1,0,1
4601,-0.590166990141841,1,1,1,0,0,1,0,0,0,1,0,0,0,1,1,1,0,1,0,0,0,0,0,0,0,0,0,0,0,1
4602,-0.679766711741631,0,0,1,0,0,0,0,0,0,1,0,0,0,1,1,1,0,1,0,0,0,0,0,1,1,0,0,0,1,1
4603,2.33028551432074,1,1,1,1,1,1,0,1,1,1,1,1,1,1,1,1,1,1,1,1,1,1,1,1,1,1,1,1,1,1
4604,0.621452159042093,1,0,1,1,0,1,1,0,1,1,0,0,1,1,1,1,0,0,1,1,0,0,0,1,1,0,0,1,1,1
4605,0.134920969134885,1,0,1,0,0,1,1,0,1,1,0,0,0,1,1,1,0,0,1,0,0,0,1,1,1,0,0,0,0,1
4606,-0.546361835301608,0,0,0,0,0,0,0,0,0,1,0,0,0,1,0,0,0,1,1,0,0,0,0,1,1,0,0,1,0,1
4607,-1.44315899094659,0,0,0,0,0,1,0,0,0,0,0,0,0,1,0,0,0,0,0,0,0,0,0,0,1,0,0,0,0,0
4608,-0.659511637587758,1,0,1,0,0,1,0,0,1,1,0,1,0,1,1,0,0,0,1,0,0,0,0,0,1,0,0,0,0,0
4609,1.20658460320916,1,1,1,0,0,1,1,1,0,1,0,0,1,1,1,0,0,1,1,1,0,1,1,1,1,1,1,0,1,1
4610,-0.419738312567274,1,0,1,0,0,1,1,0,1,1,1,1,0,1,1,1,0,0,1,1,0,0,0,0,1,0,0,1,0,1
4611,1.52642332121637,1,1,1,1,0,1,1,1,0,1,0,1,1,1,1,1,0,1,1,1,1,1,0,1,1,0,0,1,1,1
4612,0.568009604149151,0,0,1,0,0,1,1,0,1,1,0,1,0,1,1,1,0,1,1,0,0,1,0,1,1,0,0,1,1,0
4613,1.98145591082267,1,1,1,1,1,1,1,1,1,1,0,1,0,1,1,1,1,1,1,1,1,1,0,1,1,0,1,1,0,1
4614,-0.506807780217876,0,1,1,0,0,1,0,0,0,1,0,0,0,1,1,1,0,1,0,0,0,0,0,1,1,0,0,0,0,1
4615,0.177604098588731,1,0,1,0,0,1,1,0,1,1,0,0,1,1,1,1,1,1,1,1,0,0,0,1,1,0,0,1,0,1
4616,-1.58274634593137,0,0,0,0,0,0,0,0,0,0,0,0,0,1,0,0,0,0,1,0,0,0,0,1,0,0,0,0,0,0
4617,0.328567799021181,1,1,1,0,0,1,0,0,0,1,0,0,0,1,1,1,0,1,1,1,0,0,0,1,1,0,0,1,1,1
4618,1.68427618110318,1,1,1,0,1,1,1,1,1,1,1,1,0,1,1,1,1,1,1,0,1,1,1,1,1,0,1,1,1,1
4619,0.965010528539292,1,1,1,0,1,1,1,0,1,1,1,1,0,1,1,1,0,0,1,1,0,0,0,1,1,0,0,1,1,1
4620,-0.466902280203161,1,0,1,0,0,1,0,0,0,1,0,0,0,1,1,0,0,1,0,0,0,0,0,1,1,0,0,1,1,0
4621,0.961370585062784,1,0,1,0,0,1,1,0,1,1,0,0,0,1,1,1,0,1,1,0,0,0,0,1,1,0,1,1,1,1
4622,-0.799042799461346,0,0,0,0,0,0,1,0,1,1,0,0,0,1,1,0,0,0,1,0,0,0,0,1,1,0,0,1,0,1
4623,-1.2113156158279,1,0,0,0,0,0,0,0,0,1,0,0,0,1,0,1,0,0,1,0,0,0,0,1,0,0,0,0,0,0
4624,-0.573921560966924,1,0,1,0,0,1,0,0,0,1,0,0,0,1,1,1,0,1,1,0,0,0,0,0,1,0,0,0,0,1
4625,-1.22470716385216,1,0,0,0,0,1,0,0,0,0,0,0,0,1,0,1,0,1,0,1,0,0,0,0,1,0,0,0,0,1
4626,2.91244681087071,1,1,1,1,1,1,1,1,1,1,1,0,1,1,1,1,1,1,1,1,1,1,1,1,1,1,1,1,1,1
4627,-0.37224856162583,1,0,1,0,0,0,1,0,0,1,0,0,0,1,1,1,0,1,1,0,0,0,0,0,1,0,0,1,1,0
4628,-1.04903094768007,0,0,0,0,0,0,0,0,1,1,0,0,0,1,1,1,0,0,1,0,0,0,0,0,0,0,0,1,0,1
4629,-0.203548536257869,1,0,1,0,0,1,1,0,1,1,0,0,0,1,1,0,0,1,1,0,0,0,0,0,1,0,0,1,0,1
4630,-1.29505535302918,0,0,0,0,0,0,0,0,0,1,0,0,1,1,1,0,0,0,1,0,0,0,0,0,0,0,0,0,0,0
4631,-0.754018855417152,1,0,1,0,0,1,1,0,0,1,0,1,0,0,0,1,0,1,1,0,0,0,0,0,1,0,0,1,0,1
4632,-1.25615880893565,1,0,1,0,0,1,0,0,0,0,0,0,0,1,1,0,0,1,1,0,0,0,0,0,1,0,0,0,0,0
4633,1.19589090893272,1,1,1,0,0,1,1,0,1,1,0,1,1,1,1,1,1,1,1,1,0,1,1,1,1,0,1,1,1,1
4634,0.434700703119735,1,0,1,1,0,1,1,0,1,1,0,1,0,1,1,1,0,0,1,0,0,0,0,1,1,0,0,0,1,1
4635,0.0827802719099063,1,0,1,0,0,0,1,0,1,1,0,0,0,1,1,1,0,1,1,0,0,0,0,1,1,0,0,1,1,1
4636,0.531011232871119,1,1,1,0,0,1,1,0,1,1,0,1,0,1,1,1,0,0,1,0,0,0,1,1,1,0,0,1,0,1
4637,-0.423814824108061,0,1,1,0,0,1,1,0,1,1,0,1,1,1,0,1,0,0,1,0,0,0,0,1,1,0,0,0,0,0
4638,-1.72329001838767,0,0,0,0,0,0,0,0,0,0,0,0,0,0,0,1,0,0,1,0,0,0,0,1,0,0,0,0,0,0
4639,1.13203761354786,1,1,1,0,0,1,0,0,1,1,0,1,1,1,1,1,0,1,1,1,0,1,0,0,1,0,1,1,1,1
4640,-0.33388912248611,1,1,1,0,0,1,0,0,0,1,0,0,0,1,1,1,0,0,1,0,0,0,0,1,0,0,0,0,0,0
4641,-0.00177384108903732,1,0,0,0,0,1,0,0,1,1,0,1,0,1,1,1,0,0,1,0,0,0,0,0,1,0,0,1,1,1
4642,0.466098360568701,1,0,1,0,0,1,1,0,0,1,0,1,0,1,1,1,0,1,0,1,0,0,0,1,1,0,1,1,1,1
4643,1.54654175970047,1,0,1,1,0,1,0,0,1,1,0,1,1,1,1,1,1,1,1,1,0,1,1,1,1,0,1,1,1,1
4644,-0.223208439457524,1,0,1,0,0,1,0,0,1,1,0,0,1,1,1,1,0,0,1,0,0,0,0,1,0,0,0,1,1,1
4645,0.331200267137915,1,0,1,0,0,1,0,0,1,1,0,0,0,1,1,1,0,0,1,0,0,0,0,0,1,0,0,1,1,1
4646,0.0112442334193861,0,0,1,0,0,1,0,0,1,1,0,0,1,1,1,1,0,0,1,0,0,0,0,1,1,0,0,1,0,1
4647,-0.43202217233728,1,0,1,0,0,1,0,0,0,1,0,1,1,0,1,1,0,1,1,0,0,0,0,1,1,0,0,1,0,1
4648,0.907413516421568,1,1,1,0,0,1,1,1,1,1,0,0,1,1,1,1,0,1,1,1,0,0,1,1,1,1,0,1,0,1
4649,-1.03834998015308,1,0,0,0,0,0,1,0,1,1,0,0,0,1,1,1,0,0,0,0,0,0,0,0,0,0,0,0,0,0
4650,-0.257148936982468,0,0,1,0,0,1,1,0,1,1,0,1,0,1,1,1,0,1,0,0,0,0,0,1,1,0,0,0,0,0
4651,0.249112517669862,1,1,1,0,0,0,1,0,0,1,0,0,1,1,1,0,0,0,1,1,0,0,0,1,1,0,0,1,0,1
4652,0.442619028531521,1,0,1,0,0,1,1,0,1,1,0,0,0,1,1,0,0,0,1,0,0,0,0,1,0,0,0,1,0,1
4653,0.522899846020794,1,1,1,0,0,0,1,0,1,1,1,1,0,1,1,1,0,1,1,0,0,0,1,1,1,0,0,1,1,1
4654,-1.63963087024716,0,0,1,0,0,0,0,0,0,0,0,0,0,1,1,0,0,1,0,0,0,0,0,0,0,0,0,0,0,0
4655,0.750591650333526,1,0,1,0,0,1,1,0,1,1,0,1,0,1,1,1,0,1,1,0,0,0,0,1,1,0,1,1,1,1
4656,-0.0824926391392297,1,0,1,0,0,1,0,0,0,1,0,0,0,1,1,1,0,1,1,0,0,0,0,1,1,0,0,1,0,1
4657,0.649494220750526,1,0,1,0,0,1,0,0,1,1,0,1,1,1,1,0,0,1,1,1,0,0,0,1,1,0,0,1,0,1
4658,-0.143356566682385,1,0,1,0,0,1,0,0,0,1,0,0,0,1,1,0,0,1,0,0,0,0,0,1,0,0,0,1,0,1
4659,-0.419582365514836,1,0,0,0,0,1,1,0,0,1,0,0,1,1,1,1,0,0,0,0,0,0,0,0,1,0,0,1,1,1
4660,0.568354809624962,1,0,1,0,1,1,1,1,1,1,0,1,1,1,1,1,0,1,1,1,0,0,1,1,1,0,0,1,0,1
4661,-0.0503912982979571,1,0,1,0,0,0,1,0,1,1,0,1,0,1,1,1,0,0,1,0,0,0,0,1,1,0,0,1,0,1
4662,-0.628241638081086,0,0,1,0,0,0,0,0,1,1,0,1,0,1,1,1,0,0,0,0,0,0,0,0,1,0,0,0,0,0
4663,0.0980949312638432,0,0,1,0,0,1,0,0,1,1,0,1,1,1,1,1,0,1,1,0,0,0,0,1,1,0,0,1,0,1
4664,0.935428964943701,1,1,1,0,0,1,1,1,1,1,0,0,0,1,1,1,0,1,1,1,0,1,1,1,1,0,0,0,0,1
4665,0.220464791399415,1,1,0,0,0,1,1,0,1,1,0,0,1,1,1,1,0,1,1,1,0,0,0,1,0,0,1,1,0,1
4666,-0.507302351873797,1,0,0,0,0,1,1,0,1,1,0,0,1,1,1,1,0,1,1,0,0,0,0,1,1,0,0,1,0,1
4667,-1.66796124328855,0,0,0,0,0,0,0,0,0,0,0,0,0,0,1,0,0,0,1,0,0,0,0,0,0,0,0,0,0,0
4668,1.59889834982675,1,0,1,0,1,1,1,1,1,1,1,1,1,1,1,1,0,0,1,0,1,1,1,1,1,0,1,1,1,1
4669,-0.309272245877207,1,0,1,0,0,1,0,0,1,1,0,1,0,1,1,0,0,1,1,0,0,0,0,0,1,0,1,0,1,0
4670,-1.42857581744866,1,0,0,0,0,0,0,0,1,0,0,0,0,1,1,0,0,0,1,0,0,0,0,0,0,0,0,1,0,1
4671,-0.914958606494209,0,0,1,0,0,0,0,0,1,1,0,0,0,1,0,1,0,0,0,0,0,0,0,0,1,0,0,1,0,1
4672,0.595591406721434,1,0,1,0,0,1,0,0,1,1,0,1,0,1,1,1,1,0,1,0,0,0,1,1,1,0,1,0,1,1
4673,-0.129351319424246,1,0,0,0,0,0,1,0,1,1,0,0,0,1,1,1,0,1,1,0,0,0,0,1,1,0,0,1,1,1
4674,0.378106070008372,1,1,1,0,0,0,1,0,1,1,0,1,0,1,1,1,0,1,1,1,0,0,0,1,1,0,0,1,0,1
4675,-0.478419778447983,1,0,1,0,0,1,1,0,0,1,0,1,0,1,1,1,0,0,0,1,0,0,0,0,1,0,0,0,0,1
4676,-0.350044990689085,1,0,1,0,0,1,1,0,1,1,0,0,0,1,1,0,0,0,1,0,0,0,0,1,1,0,0,1,0,1
4677,-0.229950308766664,1,0,1,0,0,0,1,0,1,1,0,0,0,1,1,1,0,0,1,0,0,0,0,1,1,0,0,1,0,1
4678,-1.01291774551741,1,0,1,0,0,0,1,0,0,0,0,0,0,1,1,1,0,0,0,0,0,0,0,1,0,0,0,0,0,0
4679,-0.778361267343667,0,0,1,0,0,0,0,0,0,1,0,0,0,1,1,1,0,0,1,0,0,0,0,1,1,0,0,0,0,1
4680,-0.320039010627869,0,0,1,0,0,0,0,0,1,1,0,0,1,1,1,1,0,1,1,0,0,0,0,0,0,0,0,1,0,1
4681,1.20033119082388,1,1,1,0,0,1,0,0,1,1,0,1,1,1,1,1,0,1,1,1,0,0,1,1,1,0,1,1,1,1
4682,-0.00148666885018198,1,0,1,0,0,0,0,0,0,1,0,0,0,1,1,0,0,1,1,0,1,0,0,1,1,0,0,1,0,1
4683,-0.210877786864492,0,0,1,0,0,1,1,0,1,1,0,1,0,1,1,1,0,1,1,0,0,0,0,1,1,0,0,0,0,1
4684,1.82650694650737,1,1,1,1,1,1,1,1,1,1,0,1,1,1,1,1,1,1,1,1,0,0,1,1,1,0,1,1,1,1
4685,0.375701350507195,1,0,0,0,0,1,1,0,1,1,0,0,1,1,1,1,0,1,1,0,0,0,0,1,1,0,0,1,0,1
4686,0.617617839783306,1,1,1,0,0,1,0,0,1,1,0,1,0,1,1,1,0,0,0,1,0,0,0,1,1,0,0,1,1,1
4687,0.387131278714257,1,1,1,0,0,1,1,0,0,1,0,1,0,1,1,1,0,1,1,0,0,0,0,1,1,0,0,1,0,1
4688,-0.0439028738628024,1,1,1,0,0,1,1,0,1,1,0,1,0,1,1,1,0,0,1,1,0,0,0,1,1,0,0,1,0,1
4689,0.920814338475025,1,0,1,0,1,1,1,0,0,1,0,0,1,1,1,1,0,0,1,0,0,0,0,1,1,0,0,1,0,1
4690,-0.301492493542595,1,0,1,0,0,1,1,0,0,1,0,0,1,1,1,1,0,0,1,1,0,0,1,0,1,0,0,1,0,1
4691,0.0956071916189483,1,0,1,0,0,1,1,0,1,1,0,1,1,1,1,1,0,0,1,1,0,0,0,1,1,0,0,0,0,1
4692,0.0558399618577044,1,0,1,0,0,1,1,0,0,1,0,1,0,1,1,1,0,1,1,1,0,0,0,1,1,0,0,1,0,1
4693,-0.241200365107609,1,0,1,0,0,1,1,0,1,1,0,0,0,1,1,0,0,0,1,0,0,0,0,1,1,0,0,0,0,1
4694,0.261075739522532,1,1,1,0,0,1,1,0,1,1,0,1,0,1,1,1,1,1,1,0,0,0,0,1,1,0,0,1,1,1
4695,-0.19844981997533,0,0,1,0,1,1,1,0,0,1,0,1,0,1,1,0,0,1,1,0,0,0,0,1,1,0,0,0,0,1
4696,-1.43724639756782,0,0,1,0,0,0,0,0,0,0,0,0,0,1,1,0,0,1,1,0,0,0,0,1,0,0,0,0,0,0
4697,0.931936580234665,1,1,1,1,1,1,0,0,1,1,0,1,0,1,1,1,0,1,1,0,0,0,0,1,1,0,0,1,1,1
4698,-0.290365186253331,1,0,1,0,0,1,1,0,1,1,0,0,1,1,1,0,0,0,1,0,0,0,0,1,1,0,1,1,1,1
4699,1.09375186293565,1,1,1,1,1,1,1,0,1,1,0,1,1,1,1,1,0,0,1,0,0,0,1,1,1,0,1,1,1,1
4700,1.58076875321609,1,1,1,1,0,1,1,1,1,1,1,1,1,1,1,1,0,1,1,1,1,1,1,1,1,0,1,1,0,1
4701,-0.547116876006093,1,0,0,0,0,0,1,0,1,1,0,1,0,1,1,0,0,1,1,0,0,0,0,1,1,0,0,0,0,0
4702,-0.742149267395324,0,0,1,0,0,1,0,0,0,1,0,1,0,1,1,1,0,0,1,0,0,0,0,0,1,0,0,1,0,0
4703,-0.863096611363074,1,0,1,0,0,0,0,0,0,0,0,0,0,1,1,1,0,1,1,0,0,0,0,1,0,0,0,1,0,1
4704,1.61212471363703,1,1,1,1,0,1,1,0,1,1,1,0,1,1,1,1,1,1,1,1,1,1,0,1,1,0,1,1,1,1
4705,-0.457452759635495,1,0,0,0,0,0,1,0,1,1,0,0,0,1,1,1,0,0,1,0,0,0,0,1,1,0,0,1,1,0
4706,-0.435576781653236,1,0,1,0,0,0,0,0,1,1,0,1,0,1,1,1,0,0,0,0,0,0,0,1,1,0,0,1,1,1
4707,-0.0206732427423616,0,0,1,0,0,1,1,0,1,1,0,0,0,1,1,1,0,1,1,0,0,0,0,1,0,0,0,0,0,0
4708,0.220088033575901,1,1,1,0,0,1,0,0,1,1,0,1,0,1,1,1,0,1,1,0,0,0,0,1,1,0,1,1,0,1
4709,0.549403862841587,1,1,1,0,0,1,0,0,1,1,0,1,0,1,1,1,0,1,1,1,1,0,1,1,1,0,1,1,0,1
4710,0.976737943643471,1,0,1,0,0,0,1,0,1,1,0,1,0,1,1,1,0,1,1,1,1,0,0,1,1,1,1,1,1,1
4711,0.11117664273343,1,1,0,0,0,1,1,0,1,1,0,0,0,1,1,1,0,1,1,0,0,1,1,0,1,0,0,0,0,0
4712,0.944586754122715,1,1,1,0,0,1,1,0,1,1,0,1,1,1,1,1,0,0,1,1,0,0,1,1,1,0,1,1,0,1
4713,0.0951651496843939,1,0,0,0,0,1,0,0,1,1,0,0,0,1,1,1,0,1,1,0,0,0,0,0,1,0,0,1,0,1
4714,-0.562750305914592,0,0,0,0,0,0,0,0,1,1,0,0,0,1,1,0,0,0,0,0,0,0,0,1,1,0,0,0,1,1
4715,0.38142373321559,1,0,1,0,1,1,1,0,1,1,0,1,0,1,1,1,0,1,1,1,0,0,0,1,1,0,0,1,0,0
4716,0.19041634134975,1,0,0,0,0,1,1,0,0,1,0,0,1,1,1,1,0,0,1,1,0,0,0,1,1,0,0,0,0,1
4717,-0.136554918776464,1,0,1,0,0,1,1,0,0,1,0,0,1,1,1,1,0,0,1,0,0,0,0,1,0,0,0,0,0,1
4718,-1.27355438038569,0,0,0,0,0,0,0,0,0,0,0,0,0,1,0,1,0,0,1,1,0,0,0,0,0,0,0,0,0,0
4719,-0.00377794407711254,1,0,1,0,0,0,1,0,1,1,0,1,0,1,1,0,0,1,1,0,0,0,0,1,1,0,0,1,1,1
4720,-0.434476013127536,0,0,1,0,0,0,1,0,0,1,0,0,0,1,1,1,0,1,0,0,0,0,0,1,1,0,0,0,0,0
4721,0.949979121881397,1,1,1,0,0,1,0,0,1,1,1,1,1,1,1,1,0,1,1,0,0,0,1,1,1,1,0,1,0,1
4722,0.709282402259921,1,1,1,0,0,1,1,0,1,1,0,1,0,1,1,1,0,1,1,1,0,0,0,1,1,0,0,1,1,1
4723,0.0896957532871331,1,0,1,0,0,1,0,0,1,1,0,0,1,1,1,1,0,0,0,0,0,0,0,1,1,0,1,1,0,1
4724,0.253809903918945,0,1,1,0,0,0,1,0,1,1,1,0,1,1,1,1,0,0,1,0,0,0,0,1,1,0,1,1,1,1
4725,-1.27247863024386,1,0,0,0,0,1,0,0,0,1,0,0,0,1,1,0,0,0,0,0,0,0,0,0,0,0,0,0,1,0
4726,1.82758821320098,1,1,1,1,1,1,1,1,1,1,1,0,1,1,1,1,0,0,1,0,1,0,0,1,1,1,1,1,1,1
4727,-0.555840716506302,1,0,0,0,0,1,0,0,0,1,0,0,0,1,1,1,0,1,0,0,0,0,0,1,1,0,0,1,0,0
4728,0.718291805174913,1,1,1,0,0,1,1,0,0,1,0,0,1,1,1,1,0,1,1,1,0,1,0,1,1,0,0,1,0,1
4729,-0.491171706915192,1,0,1,0,0,1,0,0,0,1,1,0,0,1,1,1,0,0,1,0,0,0,0,1,1,0,0,0,0,0
4730,-0.620176360559111,1,0,0,0,0,1,0,0,0,1,0,0,0,1,1,0,0,0,1,0,0,0,0,0,0,0,0,0,0,1
4731,-0.653558373243973,1,0,0,0,0,1,1,0,1,1,0,0,0,1,1,0,0,0,1,1,0,0,0,0,1,0,0,1,0,0
4732,-0.225752731841356,1,0,1,0,0,0,0,0,1,1,0,0,0,1,1,1,0,1,1,0,0,0,0,1,1,0,0,0,0,1
4733,-0.654413449075885,1,0,1,0,0,0,0,0,0,1,0,0,0,1,1,0,0,1,1,0,0,0,0,1,1,0,0,0,1,0
4734,1.15917479396907,1,1,1,0,1,1,1,1,1,1,0,1,1,1,1,1,1,1,1,1,0,1,0,1,1,0,0,1,0,1
4735,-0.0638929851656164,1,0,0,1,0,0,1,0,1,1,0,0,0,1,1,1,0,0,1,0,0,0,0,1,1,0,0,1,1,1
4736,0.377218652493784,1,0,1,0,0,1,1,0,1,1,0,0,0,1,0,1,0,1,1,1,0,0,0,1,1,0,0,1,1,1
4737,0.695763704210678,1,1,1,0,0,1,1,0,1,1,0,1,0,1,1,1,0,1,1,1,0,0,0,1,1,0,1,1,0,1
4738,1.2145405682849,1,1,1,0,0,1,1,0,1,1,1,1,0,1,1,1,0,0,1,1,0,1,0,1,1,0,0,1,1,1
4739,0.804753879314053,1,1,1,0,1,1,1,0,0,1,0,1,0,1,1,1,0,1,1,1,0,0,0,1,1,0,0,1,0,1
4740,0.99092453378775,1,1,1,0,0,0,1,1,1,1,0,1,0,1,1,1,0,0,1,1,0,0,0,1,1,0,1,1,0,1
4741,-0.743058394161586,1,1,1,0,0,0,0,0,0,1,0,0,1,1,1,1,0,0,1,0,0,0,0,1,1,0,0,0,0,1
4742,-0.615052996000623,1,0,0,0,0,1,1,0,1,1,0,0,0,1,1,1,0,1,0,0,0,0,0,1,1,0,0,0,1,1
4743,0.207041593500525,1,1,1,0,0,0,0,1,1,1,0,1,1,1,1,1,0,1,1,0,0,0,0,1,1,0,0,1,0,0
4744,0.751078285228382,1,1,0,1,0,0,1,0,0,1,1,1,1,1,1,1,0,1,1,0,0,0,1,1,1,0,0,0,1,0
4745,0.233137599561647,1,0,1,0,0,1,1,0,1,1,0,0,0,1,1,0,0,1,1,1,0,0,0,1,1,0,0,1,0,1
4746,-1.16813501578893,0,0,0,0,0,1,1,0,1,1,0,0,0,1,1,1,0,0,1,0,0,0,0,0,1,0,0,1,0,0
4747,0.20840599613735,1,0,1,0,0,1,1,0,1,1,0,0,0,1,1,1,0,1,1,0,0,0,0,1,1,0,0,0,0,1
4748,0.34797159651944,1,1,1,0,0,1,0,0,1,1,0,1,0,1,1,1,0,0,1,1,0,0,0,1,1,0,0,1,1,0
4749,0.557132218694878,1,0,1,0,0,1,1,1,1,1,0,1,0,1,1,1,0,0,1,0,1,0,1,1,1,0,1,1,1,1
4750,0.00890771225588212,1,0,1,1,0,1,1,0,1,1,0,1,1,1,1,1,0,1,0,0,0,0,0,1,1,0,0,1,0,1
4751,1.5905946171801,1,1,1,0,1,1,1,0,1,1,0,1,0,1,1,1,1,1,1,1,1,0,1,1,1,0,1,1,1,1
4752,0.0802310884238666,1,0,1,0,0,1,0,0,1,1,0,0,0,1,1,1,0,1,1,0,0,0,0,1,1,0,0,0,1,1
4753,0.108473206167604,1,0,1,0,0,1,0,0,0,1,0,0,0,1,1,1,0,0,1,0,0,0,0,1,1,0,0,1,0,1
4754,0.692020803518091,1,0,1,0,0,0,1,0,1,1,0,0,0,1,1,1,0,1,1,0,0,0,0,1,1,0,0,1,0,1
4755,-1.11456079623688,1,0,0,0,0,1,0,0,1,1,0,1,0,1,0,1,0,0,0,0,0,0,0,0,1,0,0,1,0,1
4756,2.89279099083225,1,1,1,1,1,1,1,1,1,1,1,1,1,1,1,1,1,1,1,1,1,1,1,1,1,1,1,1,1,1
4757,-1.4064844301416,1,0,0,0,0,0,0,0,0,0,0,0,0,0,1,1,0,0,0,0,0,0,0,1,0,0,0,0,0,0
4758,-1.43652369462681,0,0,0,0,0,0,0,0,0,1,0,0,0,1,0,0,0,1,1,0,0,0,0,0,1,0,0,0,0,0
4759,-0.0113251137270803,1,0,1,0,0,1,0,0,1,1,0,1,1,1,1,1,0,1,1,0,0,0,0,1,1,0,0,1,1,0
4760,0.215911658935763,1,0,1,0,0,0,1,0,1,1,0,0,0,1,1,1,0,0,1,0,0,0,0,1,0,0,1,1,1,1
4761,-0.709156633801363,0,1,0,0,0,0,0,0,0,1,0,1,0,1,1,1,0,1,0,0,0,0,0,1,1,0,0,0,0,1
4762,0.677310656269122,1,0,1,0,1,1,1,0,0,1,0,0,1,1,1,1,0,1,1,0,0,0,1,1,1,0,1,1,1,1
4763,0.870616661056457,1,1,1,0,0,1,1,0,1,1,0,1,1,1,1,1,0,1,1,1,0,1,0,1,1,0,0,1,1,1
4764,1.56359225462084,1,0,1,0,0,1,0,1,1,1,1,1,0,1,1,1,0,0,1,1,0,1,0,1,1,0,1,1,1,1
4765,-1.53888001142852,0,0,0,0,0,0,0,0,1,0,0,0,1,1,1,0,0,0,0,0,0,0,0,1,0,0,0,1,0,0
4766,1.00385256635491,1,1,1,0,1,0,1,0,1,1,0,1,1,1,1,1,1,1,1,0,1,1,0,1,1,0,1,1,1,1
4767,0.716226850201881,1,1,1,0,0,1,0,0,1,1,0,0,0,1,1,1,0,1,1,0,0,0,1,1,1,0,1,1,1,1
4768,-0.287594700848099,1,0,1,0,0,1,1,0,1,1,0,0,0,1,1,1,0,1,1,0,0,0,0,1,1,0,0,1,0,1
4769,2.13180493475532,1,1,1,1,1,1,1,1,1,1,0,1,1,1,1,1,1,1,1,0,1,1,1,1,1,1,1,1,0,1
4770,-0.443164902111691,1,0,0,0,0,1,0,0,0,1,0,0,0,1,1,0,0,0,1,0,0,0,0,0,1,0,0,0,0,1
4771,-0.920589069088735,1,0,0,0,0,1,1,0,0,1,0,0,0,1,1,0,0,0,0,0,0,0,0,0,1,0,0,0,0,0
4772,1.09815772461146,1,0,1,1,0,1,1,0,1,1,1,0,1,1,1,1,0,1,1,1,0,0,1,1,1,0,0,1,1,1
4773,-0.950178411934713,0,0,0,0,0,0,1,0,0,1,0,0,0,1,1,1,0,0,1,0,0,0,0,1,1,0,0,0,0,0
4774,0.306679630166149,1,0,1,0,0,1,1,0,1,1,0,1,0,1,1,1,0,0,1,0,0,1,0,1,1,0,0,0,0,1
4775,-0.199165546724085,1,0,1,0,0,0,0,0,1,1,0,1,0,1,1,1,0,0,1,0,0,0,0,1,1,0,0,1,0,1
4776,-0.362281293796518,1,0,1,0,0,0,1,0,1,1,0,0,0,1,0,1,0,1,0,0,0,0,0,0,1,0,0,1,0,1
4777,-0.706729840744938,1,0,0,0,0,1,0,0,0,1,0,0,0,1,1,1,0,0,1,0,0,0,0,0,1,0,0,0,0,0
4778,-0.0578277162487472,1,0,1,0,0,0,1,1,1,1,0,0,0,1,1,0,0,0,1,0,0,1,0,1,1,0,1,1,0,1
4779,0.530639359195053,1,0,1,0,0,1,1,0,1,1,0,1,1,1,1,1,1,0,1,1,0,0,0,1,1,0,1,1,1,1
4780,-0.311527274685481,0,1,1,0,0,0,0,0,1,1,0,0,0,1,1,0,0,1,1,1,0,0,0,1,1,0,0,1,0,1
4781,-0.316919493864843,1,0,1,0,0,1,0,0,1,1,0,1,0,1,1,1,0,0,1,0,0,0,0,0,1,0,0,1,1,1
4782,0.746204697779965,1,1,1,0,0,1,1,0,1,1,0,1,0,1,1,1,0,0,1,1,0,0,1,1,1,0,0,1,1,1
4783,0.403743198797367,1,1,1,0,0,1,1,0,0,1,0,0,0,1,1,1,0,0,1,0,0,0,0,1,1,0,1,1,1,1
4784,0.0946312320206859,1,0,1,0,0,0,1,0,1,1,0,0,0,1,1,1,0,1,1,0,0,0,0,1,1,0,0,1,0,1
4785,-0.840883292644324,0,0,1,0,0,1,0,0,0,1,0,0,0,1,1,1,0,0,1,0,0,0,0,1,1,0,0,0,1,1
4786,0.64648346465866,1,0,1,0,0,1,1,0,0,1,0,1,0,1,1,1,0,0,1,1,0,0,0,1,1,0,1,0,0,1
4787,0.761520424948987,1,0,1,0,0,1,1,0,1,1,0,1,1,1,1,1,0,1,1,1,0,0,1,1,1,0,0,1,1,1
4788,1.00196883061469,1,0,1,0,0,1,1,0,1,1,0,1,1,1,1,1,0,1,1,0,0,0,1,1,1,0,1,1,0,1
4789,-1.96636010266862,0,0,0,0,0,0,0,0,0,0,0,0,0,0,0,0,0,0,0,0,0,0,0,0,0,0,0,0,0,1
4790,2.09535907767375,1,1,1,1,1,1,1,1,1,1,1,1,1,1,1,1,0,0,1,1,0,0,1,1,1,0,1,1,1,1
4791,-0.0165707253335479,1,1,1,0,0,1,1,1,1,1,0,1,0,1,1,1,0,0,1,0,0,0,0,1,1,0,0,1,0,1
4792,-0.51982029527818,1,0,0,0,0,1,0,0,0,0,0,1,0,1,1,1,0,1,0,0,0,0,0,1,1,0,0,1,0,1
4793,0.48385784374338,1,1,0,0,0,1,1,1,1,1,0,0,0,1,1,1,0,0,1,0,0,0,1,1,1,0,0,0,1,0
4794,0.571350374357154,0,0,1,0,0,1,1,0,1,1,0,1,0,1,1,1,0,1,1,1,0,0,0,1,1,0,0,0,1,1
4795,0.874511095716074,1,0,1,0,0,1,0,0,1,1,0,0,0,1,1,1,0,1,1,1,0,0,0,1,1,0,0,1,0,1
4796,-0.624512350532105,1,0,1,0,0,0,0,0,0,1,0,0,0,1,1,0,0,0,0,0,0,0,0,0,0,0,0,1,0,1
4797,1.075277965504,1,0,1,0,1,1,1,1,0,1,0,1,0,1,1,1,0,1,1,1,0,1,1,1,1,0,0,0,1,1
4798,-0.155503252327519,1,0,1,0,0,1,0,0,1,1,0,0,1,1,1,1,0,0,0,0,0,0,0,1,1,0,0,1,1,1
4799,-0.689679781777204,1,0,0,0,0,1,1,0,1,1,0,0,0,1,0,1,0,1,0,0,0,0,0,1,1,0,0,1,0,1
4800,-0.517272604748043,0,0,1,0,0,0,1,0,1,1,0,0,0,1,1,1,0,0,0,0,0,0,0,1,1,0,0,0,0,1
4801,0.0120578016549276,0,0,1,0,0,1,1,0,1,1,0,1,0,1,1,1,0,1,1,0,0,0,0,1,1,0,0,1,0,1
4802,0.467747698441174,1,0,1,0,0,1,1,0,1,1,0,1,1,1,1,1,0,1,1,0,0,0,0,0,1,0,1,1,0,1
4803,0.972878267169997,1,0,1,0,1,1,1,0,1,1,1,1,1,1,1,1,0,1,1,1,0,0,0,1,1,0,1,1,0,1
4804,1.22685636543349,1,1,1,0,1,1,1,1,1,1,1,0,0,1,1,1,1,1,1,0,1,0,1,1,1,0,1,1,1,1
4805,-0.952860600346022,1,0,1,0,0,0,1,0,0,1,0,0,0,1,1,0,0,0,1,0,0,0,0,0,0,0,0,1,0,1
4806,0.933013549492695,1,1,0,0,0,1,1,1,1,1,0,0,1,1,1,1,0,0,1,1,0,0,0,1,1,0,0,1,1,1
4807,0.995018929645844,1,0,1,0,1,1,1,0,1,1,0,1,0,1,1,1,0,0,0,0,0,0,0,1,1,0,0,1,1,1
4808,-0.977492794626464,1,0,0,0,0,1,0,0,1,1,0,0,1,1,1,1,0,1,1,0,0,0,0,1,1,0,0,0,1,0
4809,0.553090697876077,1,1,1,0,0,1,0,0,0,1,0,1,1,1,1,1,0,0,1,1,0,1,0,1,1,1,0,1,1,1
4810,0.399822187403295,1,1,1,0,0,0,1,0,1,1,0,0,0,1,1,1,0,0,1,1,0,1,1,1,1,0,0,1,0,1
4811,-0.328489046654344,0,1,1,0,0,0,0,0,0,0,0,0,0,1,0,0,0,0,1,1,0,0,0,1,1,0,0,1,1,0
4812,1.09472171049572,1,0,1,0,0,1,1,0,0,1,1,1,0,1,1,1,0,1,0,1,0,0,0,1,1,0,0,0,0,1
4813,-0.59632353858703,0,0,1,0,0,0,0,0,1,1,0,0,0,1,1,0,0,0,1,0,0,0,0,0,1,0,0,1,0,1
4814,1.24897353431964,1,1,1,0,0,1,1,0,1,1,0,1,1,1,1,1,1,1,1,1,0,1,1,1,1,0,0,1,1,1
4815,-2.05184561221567,0,0,1,0,0,1,0,0,0,1,0,0,0,1,1,1,0,0,0,0,0,0,0,0,0,0,0,0,0,1
4816,0.195388998177774,1,0,1,0,0,1,1,0,0,1,0,0,1,1,1,1,0,1,1,0,0,0,0,0,1,0,0,1,0,1
4817,2.46592341246614,1,1,1,1,1,1,1,1,1,1,1,1,0,1,1,1,0,1,1,1,1,1,1,1,1,1,1,1,1,1
4818,0.155581488067058,1,1,0,0,0,1,0,1,1,1,0,0,1,1,1,0,0,0,1,1,0,0,0,1,1,0,0,1,0,1
4819,-1.12892997476857,0,0,1,0,0,1,0,0,1,1,0,0,0,0,1,1,0,0,1,0,0,0,0,0,1,0,0,0,0,1
4820,-0.0433561996982409,1,0,1,0,0,1,1,0,1,1,0,1,0,1,1,1,0,1,1,0,0,0,0,1,1,0,0,1,0,1
4821,-0.00722191641749615,1,1,1,0,0,1,1,0,1,1,0,1,1,1,1,1,0,0,0,0,0,0,1,1,1,0,0,0,1,0
4822,0.846232947774532,1,1,1,0,0,1,1,0,1,1,0,1,0,1,1,1,0,0,1,1,0,1,1,1,1,0,0,1,0,1
4823,-0.746458284832445,0,0,1,0,0,1,1,0,0,1,0,0,0,0,1,0,0,0,1,0,0,0,1,0,1,0,0,1,0,1
4824,-0.764612558822689,0,0,1,0,0,0,0,0,0,0,0,0,0,1,1,1,0,1,0,0,0,0,0,1,0,0,0,0,0,1
4825,0.45757274961228,0,1,1,0,0,1,1,1,0,1,0,0,1,1,1,1,0,1,1,1,0,0,0,1,1,0,0,1,1,1
4826,-0.127616304234635,1,0,1,0,0,1,1,0,1,1,0,0,0,1,1,1,0,1,1,0,0,0,0,1,1,0,0,1,0,0
4827,-0.746887791730612,1,0,0,0,0,0,0,0,1,1,0,0,0,1,1,1,0,1,1,0,0,0,0,1,1,0,0,0,0,0
4828,-0.263382521565236,1,0,1,0,0,1,1,0,1,1,0,0,0,1,1,1,0,1,0,0,0,0,0,0,1,0,0,0,0,1
4829,0.972147187035442,1,0,1,0,0,1,0,0,0,1,1,1,1,1,1,1,0,1,1,0,0,0,1,1,1,0,0,0,0,1
4830,-0.925453851854,1,0,0,0,0,0,1,0,1,1,0,1,0,1,1,0,0,0,1,0,0,0,0,1,1,0,0,0,0,0
4831,-0.422725322433567,1,0,0,0,0,1,0,0,0,1,0,0,0,1,1,1,0,1,0,0,0,0,0,1,1,0,0,0,0,0
4832,-0.953527431784995,1,0,0,0,0,1,0,0,1,1,0,0,0,1,1,0,0,0,1,0,0,0,0,1,1,0,0,1,0,1
4833,1.3404663825947,1,1,1,1,0,1,1,0,1,1,1,1,1,1,1,1,1,0,1,0,0,1,1,1,1,0,0,1,1,1
4834,-0.406826756945356,1,1,1,0,0,1,0,0,0,1,0,0,0,1,1,1,0,0,0,1,0,0,0,1,1,0,0,1,0,1
4835,-0.85937626732571,0,0,0,0,0,0,1,0,1,1,0,0,0,1,1,1,0,0,1,0,0,0,0,1,1,0,0,1,0,0
4836,1.02600614429348,1,1,1,0,0,1,1,0,1,1,0,0,1,1,1,1,1,1,1,1,0,1,1,1,1,1,0,1,1,1
4837,1.18830933152317,1,1,1,0,1,1,1,0,1,1,1,1,0,1,1,1,0,1,1,1,0,0,0,1,1,1,1,1,1,1
4838,-1.08899509036826,0,0,1,0,0,0,0,0,1,1,0,0,0,1,1,0,0,1,1,0,0,0,0,1,1,0,0,0,0,1
4839,-1.55452317180046,1,0,0,0,0,0,0,0,1,0,0,1,0,1,1,0,0,0,0,0,0,0,0,0,0,0,0,1,0,1
4840,-0.757948017617169,0,0,0,0,0,1,0,0,0,1,0,1,0,1,0,1,0,0,0,0,0,0,0,0,1,0,0,1,0,0
4841,1.3466281781109,1,0,1,0,0,1,1,1,1,1,0,1,1,1,1,1,0,1,1,0,0,1,0,1,1,0,1,1,1,1
4842,0.84370471408121,1,1,1,0,0,1,1,0,0,1,1,1,1,1,1,1,0,1,1,0,0,0,0,1,1,0,1,1,0,1
4843,-0.614442321321548,0,0,1,0,0,1,1,0,1,1,0,0,0,1,1,1,0,1,1,0,0,0,0,1,1,0,0,0,0,1
4844,-0.338140780984796,0,1,1,0,0,1,0,1,1,1,0,1,0,1,1,1,0,1,0,1,0,0,0,0,1,0,0,0,0,0
4845,-0.814255660859539,1,1,0,0,0,0,0,0,0,0,0,0,0,1,1,0,0,0,0,0,0,0,0,1,1,0,0,1,0,1
4846,0.14816437651028,1,0,1,0,0,1,0,0,0,1,0,1,1,1,1,1,0,0,1,0,0,0,0,1,1,0,0,1,1,1
4847,1.17840453701615,1,0,1,0,0,1,1,1,1,1,0,1,1,1,1,1,0,1,1,0,0,0,0,1,1,0,1,1,1,1
4848,0.903657318572509,1,0,1,0,0,0,1,0,1,1,0,1,0,1,1,1,0,0,1,1,0,0,0,1,1,0,0,1,0,1
4849,0.392477934395927,1,0,1,0,0,0,0,1,1,1,0,0,1,1,1,0,0,1,1,1,0,0,0,1,1,0,0,1,0,1
4850,-0.366917693512187,0,0,1,0,0,1,1,0,1,1,0,0,0,1,1,1,0,1,1,0,0,0,0,1,1,0,0,0,0,1
4851,1.10265157547483,1,1,1,0,0,1,0,1,0,1,1,1,0,1,1,1,0,1,1,1,0,1,1,1,1,1,1,1,1,1
4852,-0.262877012562567,1,0,0,0,0,1,1,0,0,1,0,0,0,1,1,1,0,0,1,0,0,0,0,1,1,0,0,0,0,1
4853,1.12802979165334,1,1,1,1,1,1,1,0,1,1,0,1,1,1,1,1,0,1,1,1,0,0,1,1,1,0,0,1,1,1
4854,-1.30870593408899,0,0,0,0,0,1,0,0,0,1,0,0,0,1,1,1,0,0,1,0,0,0,0,0,0,0,0,0,0,0
4855,-0.843030302323313,1,0,1,0,0,1,1,0,1,0,0,0,0,1,1,1,0,1,1,0,0,0,0,0,0,0,0,0,0,1
4856,0.650098437193181,1,1,1,0,0,1,1,0,0,1,1,1,0,1,1,1,0,1,1,1,0,0,0,0,1,0,1,1,1,1
4857,-0.476218430885853,0,0,0,0,0,0,1,0,0,1,0,0,0,1,1,1,0,1,1,0,0,0,0,1,1,0,0,0,1,0
4858,0.555172622495124,1,1,1,0,0,1,1,0,1,1,0,1,1,1,1,1,0,1,1,1,0,0,0,1,1,0,0,1,0,1
4859,-2.25698636640562,0,0,0,0,0,0,0,0,0,0,0,0,0,0,0,1,0,0,0,0,0,0,0,0,0,0,0,0,0,0
4860,1.01366132824991,1,1,1,0,1,1,1,0,0,1,0,0,1,1,1,1,0,0,1,0,0,1,0,1,1,1,0,1,1,1
4861,0.893314560443109,1,1,1,0,0,1,1,1,0,1,0,1,0,1,1,1,0,0,1,0,0,0,1,1,1,0,0,1,0,1
4862,-0.0927938703733621,1,0,1,0,0,1,0,0,1,1,0,0,0,1,0,1,0,1,1,1,0,0,0,1,1,0,0,0,1,1
4863,-0.0463620900818362,1,0,1,0,0,0,0,0,1,1,0,1,0,1,1,1,0,1,1,0,0,0,0,1,1,0,0,0,0,1
4864,0.863518485398526,1,1,1,0,0,0,1,1,1,1,0,1,1,1,1,1,0,1,1,1,0,0,1,1,1,0,0,1,1,1
4865,-1.04160639558002,0,0,0,0,0,0,0,0,0,1,0,0,0,1,1,1,0,1,0,0,0,0,0,0,1,0,0,1,0,1
4866,-0.306566425454039,1,0,1,0,0,1,0,0,0,1,0,0,0,1,1,0,0,0,1,0,0,0,1,1,1,0,0,1,0,1
4867,-0.2142263933479,1,0,1,0,0,0,1,0,1,1,0,0,0,1,1,0,0,1,1,0,0,0,0,0,1,0,0,1,0,1
4868,0.513786733961533,1,1,1,0,0,0,1,0,1,1,0,1,1,1,1,1,1,1,1,0,0,0,0,1,1,0,0,1,0,1
4869,0.773454828402128,1,1,1,0,0,1,1,0,1,1,0,0,0,1,1,1,0,1,1,1,0,0,0,1,1,0,0,1,0,1
4870,-0.0196871210938017,1,0,1,0,0,0,1,0,1,1,0,0,0,1,1,1,0,0,0,0,0,0,0,1,0,0,0,1,1,1
4871,-0.574349393929784,0,0,1,0,0,0,0,0,0,0,0,1,0,1,1,1,0,0,0,0,0,0,0,1,0,0,0,1,1,1
4872,1.45201157514666,1,1,1,0,1,1,1,1,1,1,1,1,1,1,1,1,1,0,1,1,0,0,1,1,1,1,0,1,1,1
4873,0.857081361219669,1,1,1,0,0,1,1,1,0,1,0,1,1,1,1,1,0,1,1,1,0,1,1,1,1,0,1,1,1,1
4874,0.08524600751815,1,0,1,1,0,1,1,0,1,1,0,0,1,1,0,1,0,1,1,0,0,0,0,1,1,0,0,1,1,1
4875,-0.453071653486811,1,1,1,0,0,1,0,0,1,1,0,1,0,1,1,0,0,0,1,0,0,0,0,0,1,0,0,0,0,1
4876,-1.30718704930131,0,0,0,0,0,1,0,0,0,1,0,0,0,1,0,1,0,1,0,0,0,0,0,1,1,0,0,1,0,0
4877,0.614885614479867,1,0,1,0,0,1,0,0,1,1,0,0,1,1,1,0,0,0,1,0,0,0,0,1,1,0,0,1,0,1
4878,-1.59085512979993,0,0,0,0,0,0,0,0,1,0,0,0,0,1,1,0,0,0,0,0,0,0,0,0,0,0,0,0,0,0
4879,1.18942003374245,1,1,1,0,0,1,0,0,1,1,1,1,1,1,1,1,0,1,1,1,0,0,0,1,1,0,0,1,1,1
4880,-0.115978909119775,1,0,1,0,0,1,0,0,0,1,0,1,1,1,1,0,0,0,1,0,0,0,0,1,1,0,0,1,0,1
4881,1.72650335089942,1,1,1,1,1,1,1,0,1,1,0,0,1,1,1,1,0,1,1,0,0,0,1,1,1,0,1,1,1,1
4882,-0.9358680345988,1,0,0,0,0,0,1,0,0,0,0,0,0,1,1,1,0,1,1,0,0,0,0,1,0,0,0,0,0,0
4883,0.639690450605592,1,0,1,0,0,0,1,0,0,1,0,0,1,1,1,1,0,1,1,0,0,0,0,1,1,0,0,1,0,1
4884,-0.574347412254341,1,0,0,0,0,1,0,0,0,1,0,0,0,1,1,0,0,1,1,0,0,0,0,1,1,0,0,0,1,1
4885,0.467339430508575,1,1,1,0,0,1,1,0,1,1,0,1,0,1,1,1,0,0,1,0,0,0,0,1,1,0,0,0,1,1
4886,0.297747861075609,1,1,1,0,0,1,0,0,0,1,0,0,0,1,1,1,0,1,1,1,0,0,0,1,1,0,0,1,0,1
4887,-0.129168940178275,1,0,1,0,0,0,0,0,1,1,0,1,0,1,1,1,0,0,1,0,0,0,0,0,1,0,0,0,0,1
4888,-0.599068852514755,0,1,0,0,0,0,0,0,0,1,0,1,0,1,1,1,0,1,0,0,0,0,0,0,1,0,0,1,0,1
4889,-0.290327846915865,1,0,1,0,0,0,0,0,0,1,0,0,0,1,1,1,0,1,0,1,0,0,0,0,0,0,0,0,0,1
4890,-0.0980174098551879,0,0,1,0,0,1,0,0,1,1,0,1,0,1,1,1,0,1,0,0,0,0,0,1,1,0,0,1,0,1
4891,-0.683563395030908,0,0,1,0,0,0,0,0,1,1,0,0,0,1,1,0,0,0,1,0,0,0,0,1,1,0,0,0,0,1
4892,-0.308380718574789,1,0,1,0,0,1,0,0,1,1,0,0,1,1,1,1,0,0,1,1,0,0,0,1,1,0,0,1,0,1
4893,-0.235411277950178,0,1,1,0,0,1,0,0,1,1,0,0,0,1,1,1,0,0,1,0,0,0,0,0,1,0,0,0,0,1
4894,-0.944750733996273,0,0,0,0,0,1,1,0,0,1,0,0,0,1,1,0,0,0,1,0,0,0,0,1,1,0,0,0,0,1
4895,1.3411598342444,1,1,1,1,1,1,1,1,1,1,0,1,1,1,1,1,0,1,1,1,0,1,0,1,1,1,0,1,0,1
4896,0.516731520447043,1,0,1,0,0,1,1,0,1,1,0,1,0,1,1,1,0,0,1,0,0,0,0,1,1,0,1,1,1,0
4897,-0.0162455691799958,1,0,1,0,0,1,1,0,1,1,0,0,1,1,1,1,0,0,1,1,0,0,0,0,1,0,0,1,0,1
4898,0.700537393576487,1,0,1,0,0,1,0,0,1,1,0,1,0,1,1,1,0,0,1,1,0,1,0,1,1,0,0,1,1,1
4899,0.342622113766836,1,0,1,0,0,0,0,0,1,1,0,0,0,1,1,1,0,1,1,0,0,1,0,1,1,0,0,1,1,1
4900,-0.525315367844413,1,0,0,0,0,1,1,0,1,1,0,1,0,1,1,1,0,0,0,0,0,0,0,0,1,0,0,0,0,1
4901,0.0896889232830942,1,1,1,0,0,1,1,0,0,1,0,0,0,1,1,1,0,1,1,1,0,0,0,1,1,0,0,1,1,1
4902,1.15941101258769,1,1,1,1,0,1,1,0,1,1,1,1,1,1,1,1,1,1,1,0,0,0,0,1,1,0,1,1,1,1
4903,1.60146693416878,1,0,1,1,0,1,1,1,1,1,0,1,0,1,1,1,1,0,1,1,0,1,1,1,1,0,0,1,1,1
4904,-1.55549036191999,0,0,0,0,0,0,0,0,0,0,0,0,0,1,1,0,0,0,1,0,0,0,0,0,0,0,0,0,0,0
4905,-0.185017682915464,1,0,0,0,0,0,0,0,1,1,0,0,0,1,1,1,0,1,0,0,0,0,0,1,1,0,0,0,0,0
4906,0.257115542065656,1,0,1,0,0,1,1,0,1,1,1,0,1,1,1,1,0,0,1,1,0,1,0,1,1,0,0,0,0,1
4907,0.977203067748332,1,1,1,1,0,1,1,0,1,1,0,0,1,1,1,1,0,1,1,1,0,0,0,1,1,0,1,1,1,1
4908,-1.91941089547445,1,0,0,0,0,0,0,0,0,0,0,0,0,0,0,0,0,0,0,0,0,0,0,0,0,0,0,0,0,0
4909,-2.48144611098114,0,0,0,0,0,0,0,0,0,0,0,0,0,1,0,0,0,0,0,0,0,0,0,0,0,0,0,0,0,0
4910,1.15916262294749,1,1,1,0,0,1,1,1,1,1,0,1,0,1,1,0,0,1,1,0,0,0,1,1,1,0,1,1,1,1
4911,0.736829401201569,1,1,1,0,0,0,1,1,1,1,0,1,1,1,1,1,0,1,1,0,0,0,1,1,1,0,0,1,0,1
4912,-1.32140245598363,0,0,0,0,0,0,1,0,0,1,0,0,0,1,1,1,0,0,1,0,0,0,0,1,1,0,0,0,0,0
4913,0.798195164349211,1,1,1,0,0,1,0,0,1,1,0,1,1,1,1,1,0,0,1,1,0,0,1,1,1,0,0,1,1,1
4914,-1.2270358556784,0,0,1,0,0,0,0,0,0,1,0,0,0,1,1,0,0,0,1,0,0,0,0,1,0,0,0,0,0,1
4915,-0.279628419211771,0,0,1,0,0,0,0,0,1,1,0,1,1,1,1,1,0,0,1,0,0,0,0,1,1,0,0,0,0,1
4916,0.0845528301529684,1,0,0,0,0,1,1,0,0,1,0,0,0,1,1,1,0,1,1,1,0,0,0,1,1,0,0,1,1,1
4917,0.698040172192961,1,1,1,0,0,1,0,0,1,1,0,1,1,1,1,1,0,1,1,0,0,0,0,1,1,0,0,1,1,1
4918,0.286886841868772,1,0,1,0,0,1,1,0,1,1,0,0,1,1,1,0,0,0,1,0,0,0,0,1,1,0,0,0,1,1
4919,-0.0667022833679082,1,0,1,0,0,0,0,0,1,1,0,0,0,1,1,1,0,1,1,0,0,0,0,1,1,0,0,1,1,1
4920,1.13765019069091,1,1,1,1,0,1,1,0,1,1,0,0,1,1,1,1,0,0,1,1,1,0,0,1,1,0,1,1,0,0
4921,-1.59147130830321,0,0,0,0,0,1,0,0,0,0,0,0,0,1,0,0,0,0,0,0,0,0,0,0,0,0,0,0,1,0
4922,0.326168022475552,1,1,1,0,0,1,0,0,1,1,1,1,1,1,1,1,0,0,1,0,0,1,0,1,1,0,0,1,1,1
4923,-0.51977083726945,1,0,0,0,0,0,0,0,1,1,0,0,0,1,1,0,0,1,1,0,0,0,0,1,0,0,0,1,0,0
4924,-1.36763790658387,0,0,0,0,0,0,0,0,0,0,0,0,0,1,1,1,0,1,0,0,0,0,0,1,0,0,0,1,1,0
4925,-0.254778858277968,0,0,1,0,0,1,0,0,0,1,0,1,0,1,1,1,0,0,1,0,0,0,0,0,1,0,0,1,0,1
4926,1.61169772636484,1,1,1,0,1,1,1,1,0,1,0,1,1,1,1,1,1,1,1,1,1,1,1,1,1,1,0,1,1,1
4927,1.16319992034557,1,1,1,0,0,1,1,0,1,1,0,0,0,1,1,1,0,1,1,1,0,1,0,0,1,0,1,1,1,1
4928,-0.666502510531882,1,0,0,0,0,1,0,0,1,1,0,0,0,1,0,0,0,0,0,0,0,0,0,1,0,0,0,0,0,1
4929,-0.303306134719085,1,0,1,0,0,0,1,0,1,1,0,0,0,1,1,0,0,0,1,0,0,0,0,1,1,0,0,1,0,1
4930,-0.115906246762731,1,0,1,0,0,1,0,0,0,1,0,1,1,1,1,1,0,1,1,1,0,0,0,1,0,0,0,1,0,1
4931,0.53780862543006,1,0,1,0,0,1,1,0,1,1,0,1,0,1,1,1,0,0,1,0,0,0,0,1,1,0,0,0,1,1
4932,1.39434056174714,1,1,1,0,0,1,1,1,0,1,0,1,1,1,1,1,0,1,1,1,0,0,1,1,1,0,0,1,1,1
4933,-1.27483328603886,0,0,0,0,0,1,1,0,1,1,0,0,0,1,1,1,0,0,0,0,0,0,0,0,0,0,0,0,0,0
4934,0.440313443642541,1,0,1,0,0,1,0,0,1,1,0,0,1,1,1,1,0,1,0,0,0,0,0,0,1,0,0,0,1,1
4935,1.72795574892059,1,1,1,0,1,1,1,0,1,1,1,1,1,1,1,1,0,1,1,1,0,1,1,1,1,1,1,1,1,1
4936,-0.148542350727031,1,0,1,0,0,1,1,0,1,1,0,0,1,1,1,1,0,1,1,0,0,0,0,1,1,0,0,1,0,1
4937,0.892799210434846,1,1,1,0,0,1,0,0,1,1,0,0,0,1,1,1,0,1,1,0,0,1,0,1,1,0,0,1,0,1
4938,0.232973659087292,1,0,1,0,0,1,1,0,0,1,0,0,0,1,1,1,0,0,1,0,0,0,0,1,1,0,1,1,1,0
4939,-0.730722609956911,1,0,0,0,0,0,0,0,0,1,0,0,0,1,1,0,0,1,1,0,0,0,0,1,1,0,0,0,0,0
4940,0.333811965639649,1,0,1,0,0,1,0,0,1,1,0,1,1,1,1,1,0,1,1,0,0,0,0,1,0,0,0,1,1,0
4941,0.121612810467698,1,0,1,0,0,1,1,0,1,1,0,0,0,1,1,1,0,0,1,1,0,0,0,1,1,0,0,1,1,1
4942,-0.333285074231341,1,0,1,0,0,0,1,0,1,1,0,0,0,1,1,1,0,1,1,0,0,0,0,0,1,0,1,0,0,1
4943,0.850778630342716,1,0,1,1,1,0,1,0,1,1,0,0,1,1,1,1,0,1,1,0,0,1,1,1,1,0,0,1,1,1
4944,0.866798158877152,1,1,1,1,0,1,0,1,1,1,0,0,0,1,1,1,0,1,1,1,0,1,1,1,1,0,1,1,0,1
4945,-0.904333234412409,0,0,0,0,0,0,0,0,1,1,0,0,0,1,1,0,0,0,1,0,0,0,0,1,1,0,0,1,0,0
4946,-0.677156420207485,1,0,1,0,0,0,1,0,1,1,0,0,0,0,1,0,0,0,0,0,0,0,0,1,1,0,0,1,1,1
4947,0.140715807707019,1,0,0,0,0,1,0,0,1,1,0,0,0,1,1,0,0,0,1,0,0,0,0,1,1,0,0,0,0,1
4948,0.995625770426714,1,0,1,0,0,1,0,0,1,1,0,0,0,1,1,0,0,0,0,1,0,1,1,1,1,0,0,1,0,1
4949,0.142902455582775,1,0,1,0,0,1,0,0,0,1,0,1,0,1,1,0,0,1,1,0,0,0,0,1,1,0,0,1,0,1
4950,1.54652689302047,1,0,1,1,0,1,1,1,1,1,1,1,0,1,1,1,1,1,1,1,1,1,1,1,1,1,0,1,1,1
4951,-0.940948715238667,0,0,0,0,0,0,0,0,1,1,0,0,0,1,1,1,0,0,0,0,0,0,0,0,1,0,0,1,0,0
4952,-1.10854348543222,1,0,1,0,0,0,1,0,0,0,0,0,0,1,0,1,0,1,1,0,0,0,0,0,0,0,0,0,0,0
4953,-0.321030207702076,1,0,1,0,0,0,0,0,0,1,0,1,0,1,1,1,0,1,1,1,0,0,0,0,0,0,0,0,0,0
4954,0.289561836583525,1,0,1,0,0,0,1,0,1,1,0,0,0,1,1,1,0,1,1,1,0,0,0,1,1,0,0,1,1,0
4955,1.74575815780432,1,1,1,1,1,1,0,0,1,1,0,1,1,1,1,1,0,1,1,1,1,1,0,1,1,0,1,1,1,1
4956,0.957735842892624,1,0,1,0,0,1,1,0,0,1,1,1,0,1,1,1,0,0,1,1,0,1,1,1,1,0,0,1,1,1
4957,-0.884170884533937,0,0,0,0,0,0,0,0,0,1,0,0,0,1,1,1,0,0,1,0,0,0,0,1,1,0,0,1,0,0
4958,-0.689673347073115,0,0,1,0,0,0,0,0,0,1,0,0,0,1,0,1,0,1,1,0,0,0,0,1,1,0,0,1,0,1
4959,3.18488709709347,1,1,1,1,1,1,1,1,1,1,1,1,1,1,1,1,1,1,1,1,1,1,1,1,1,1,1,1,1,1
4960,-0.0927507981042114,1,0,1,0,0,1,1,0,1,1,0,0,1,1,0,1,0,1,1,0,0,0,0,1,1,0,0,0,1,1
4961,-0.709858269069015,0,0,0,0,0,0,1,0,1,1,0,1,0,1,1,1,0,0,1,1,0,0,0,1,1,0,0,1,0,1
4962,-0.651082179166529,1,0,1,0,0,1,1,0,1,0,0,0,0,1,1,1,0,0,1,1,0,0,0,1,1,0,0,0,0,1
4963,-1.42257583860338,0,0,0,0,0,1,0,0,1,1,0,0,0,1,1,0,0,0,1,0,0,0,0,0,0,0,0,0,0,1
4964,-0.172130221116948,1,0,1,0,0,1,1,0,1,1,0,1,0,1,1,1,0,1,1,1,0,0,0,1,1,0,0,1,1,1
4965,-0.608957340918144,1,1,0,0,0,0,0,0,1,1,0,0,0,0,1,1,0,1,1,0,0,0,0,0,0,0,1,1,0,0
4966,2.04490785995562,1,0,1,1,1,1,1,1,1,1,1,1,1,1,1,1,0,1,1,1,1,1,1,1,1,0,1,1,0,1
4967,-0.722080805695396,1,0,0,0,0,0,0,0,0,1,0,0,0,1,1,1,0,0,1,0,0,0,0,1,0,0,0,0,0,1
4968,1.81313348641763,1,0,1,1,0,1,1,0,1,1,1,1,1,1,1,1,1,1,1,1,0,0,1,1,1,1,1,1,0,1
4969,-0.654261040999825,0,0,1,0,0,0,0,0,1,1,0,0,0,1,1,1,0,1,1,1,0,0,0,1,1,0,0,0,0,0
4970,1.0288529211307,1,0,1,1,0,0,1,0,1,1,1,1,1,1,1,1,0,1,1,0,0,1,1,1,1,0,0,1,1,1
4971,0.0192437961353044,1,1,1,0,0,1,0,0,0,1,0,0,1,1,1,1,0,0,1,0,0,0,0,1,1,0,0,1,0,1
4972,-1.60444203823134,0,0,0,0,0,0,0,0,0,1,0,0,0,1,0,0,0,0,1,0,0,0,0,0,1,0,0,0,0,1
4973,-0.0720617252969025,1,0,1,0,0,1,1,0,0,1,0,0,0,1,1,1,0,0,1,0,0,0,0,1,1,0,1,1,0,1
4974,0.990526491320431,1,1,1,0,0,0,0,1,1,1,1,1,0,1,1,1,0,1,1,1,0,1,0,1,1,0,1,1,1,1
4975,-1.2438530959317,0,0,0,0,0,0,0,0,0,1,0,0,0,1,1,0,0,1,0,0,0,0,1,0,0,0,0,1,0,1
4976,-1.30108817520619,0,0,0,0,0,0,0,0,0,1,0,0,0,1,1,0,0,0,0,0,0,0,0,1,1,0,0,0,0,0
4977,1.45710438150178,1,1,1,1,1,1,1,1,1,1,0,1,1,1,1,1,1,1,1,1,0,0,0,1,1,1,0,1,0,1
4978,2.05254524131686,1,1,1,0,1,1,1,1,1,1,1,1,1,1,1,1,1,1,1,1,1,0,1,1,1,1,1,1,1,1
4979,-0.753775786516991,1,1,1,0,0,0,0,0,0,0,0,0,0,1,0,0,0,0,1,0,0,0,0,1,1,0,0,0,0,1
4980,0.314604939554727,1,0,0,0,0,1,0,0,0,1,0,0,0,1,1,1,0,1,1,0,0,0,0,1,1,0,0,1,1,1
4981,1.11313257905071,1,0,1,0,1,1,0,1,0,1,0,0,1,1,1,1,0,0,1,0,1,1,0,1,1,0,1,1,1,1
4982,0.251483813161535,1,0,1,0,0,1,1,0,1,1,0,1,1,1,1,1,0,1,1,0,0,0,1,1,1,0,0,1,1,1
4983,-0.247156100083192,1,1,1,0,0,1,0,0,1,1,0,0,1,1,1,1,0,1,1,0,0,0,0,1,1,0,0,1,1,1
4984,-0.732626741311908,1,1,0,0,0,1,0,0,0,1,0,0,0,1,1,1,0,0,0,0,0,0,0,1,1,0,0,1,0,1
4985,1.08588064293597,1,1,1,0,0,1,0,0,1,1,0,0,1,1,1,1,0,1,1,0,0,0,0,1,1,0,0,1,0,1
4986,0.949659018350987,1,0,1,1,0,1,1,0,1,1,0,1,0,1,1,1,0,1,1,1,1,1,0,1,1,0,0,0,1,1
4987,-2.43432231976323,1,0,0,0,0,0,0,0,0,0,0,0,0,0,0,0,0,0,0,0,0,0,0,0,0,0,0,0,0,0
4988,0.490643239207258,1,1,1,0,0,0,1,0,1,1,0,1,0,1,1,1,0,1,1,1,0,0,0,1,1,0,0,1,0,1
4989,0.208993803674421,1,0,1,0,0,1,0,0,1,1,0,1,0,1,1,1,0,1,1,0,0,0,0,1,1,0,0,1,1,1
4990,1.61168587447865,1,1,1,0,1,1,0,0,1,1,1,0,0,1,1,1,1,1,1,1,1,1,1,1,1,0,1,1,1,1
4991,0.19054102001533,1,0,0,0,0,1,1,0,1,1,0,1,0,1,1,1,0,0,1,0,0,0,0,1,1,0,0,0,0,1
4992,-0.145355747095471,0,0,1,0,0,1,1,0,1,1,0,0,0,1,1,1,0,0,1,0,0,0,0,1,1,0,0,1,1,1
4993,0.377720570395846,1,0,1,0,0,1,1,0,0,1,0,1,1,1,1,1,0,1,0,1,0,0,0,1,1,0,0,1,1,1
4994,-0.37787280213881,1,0,1,0,0,1,1,0,1,1,0,1,0,1,1,1,0,1,1,0,0,0,0,1,1,0,0,1,0,0
4995,0.211067399609067,1,0,1,0,0,1,1,0,1,1,1,1,0,1,1,1,0,0,1,0,0,0,1,0,1,0,0,0,1,1
4996,1.02073389918607,1,1,1,0,0,1,1,1,1,1,0,1,1,1,1,1,0,1,1,1,0,1,1,1,1,0,0,1,1,1
4997,0.90812543289061,1,0,1,0,1,1,1,0,0,1,0,1,1,1,1,1,0,1,1,1,1,0,0,1,1,0,0,1,0,1
4998,-1.05633786130959,0,0,0,0,0,0,0,0,0,1,0,0,0,1,0,0,0,0,1,0,0,0,0,1,1,0,0,0,0,0
4999,-0.746458284832445,1,0,0,0,0,1,0,0,1,0,0,1,1,1,1,1,0,0,1,0,0,0,0,0,0,0,0,1,0,0
5000,0.0279190561237081,1,0,1,0,0,1,1,0,1,1,0,0,0,1,1,1,0,0,1,0,0,0,0,1,1,0,0,0,1,1
